# Subcircuit 0
SUB_ID 0
LO (19):  193 194 196 200 209 213 223 243 265 267 271 298 305 308 316 318 323 328 398
LI (24):  1 2 5 7 197 201 206 210 212 214 219 224 226 227 228 247 253 280 282 285 286 304 313 314
NODE_NUM = 96
FILE square_sub_0.aig

# Subcircuit 1
SUB_ID 1
LO (13):  197 285 313 314 331 375 421 473 486 492 526 571 578
LI (32):  1 3 9 284 305 308 310 311 312 316 318 323 328 367 376 379 383 387 392 408 412 426 441 457 458 459 474 476 481 485 491 510
NODE_NUM = 100
FILE square_sub_1.aig

# Subcircuit 2
SUB_ID 2
LO (28):  201 203 206 212 219 224 367 379 408 412 441 457 458 459 481 491 581 588 594 646 647 649 672 679 754 805 806 1184
LI (37):  1 2 3 4 15 316 334 336 337 338 344 363 378 396 401 402 403 431 435 450 453 456 478 479 492 556 566 571 578 585 586 591 592 608 613 633 634
NODE_NUM = 99
FILE square_sub_2.aig

# Subcircuit 3
SUB_ID 3
LO (15):  210 280 336 556 608 633 634 716 756 791 792 839 840 850 870
LI (32):  4 5 11 279 335 479 507 528 531 538 553 558 594 599 601 621 625 647 649 664 672 700 703 739 746 747 748 752 755 776 836 849
NODE_NUM = 98
FILE square_sub_3.aig

# Subcircuit 4
SUB_ID 4
LO (14):  226 4731 4856 4939 4940 4946 4951 4996 5009 5014 5113 5120 5711 5721
LI (26):  1 6 45 4333 4529 4531 4533 4542 4543 4557 4562 4576 4578 4589 4604 4686 4687 4720 4728 4825 4827 4831 4852 4858 4911 4918
NODE_NUM = 96
FILE square_sub_4.aig

# Subcircuit 5
SUB_ID 5
LO (22):  228 300 304 334 354 391 453 456 599 1329 1431 1432 1453 1479 1489 1498 1503 1539 1641 1844 2100 3314
LI (34):  4 5 6 299 333 338 351 448 450 479 1102 1234 1256 1257 1258 1270 1271 1290 1293 1296 1299 1302 1306 1325 1398 1400 1408 1467 1469 1471 1473 1478 1490 1496
NODE_NUM = 99
FILE square_sub_5.aig

# Subcircuit 6
SUB_ID 6
LO (25):  246 247 279 310 335 337 448 553 621 625 739 747 833 836 873 874 902 928 931 937 938 953 975 1011 1027
LI (41):  2 3 5 6 7 284 378 447 500 545 547 590 618 619 720 721 724 729 734 735 792 799 809 815 820 821 825 829 839 840 841 851 855 870 888 890 891 894 897 901 922
NODE_NUM = 97
FILE square_sub_6.aig

# Subcircuit 7
SUB_ID 7
LO (26):  282 284 450 477 478 485 500 507 510 558 566 586 613 724 793 799 815 888 946 957 991 1036 1041 1047 1091 1118
LI (37):  1 6 8 12 13 299 476 484 486 498 499 501 502 560 723 766 794 811 818 833 874 877 878 879 880 920 931 937 938 953 967 990 1009 1016 1017 1020 1027
NODE_NUM = 98
FILE square_sub_7.aig

# Subcircuit 8
SUB_ID 8
LO (43):  299 312 338 344 355 363 378 392 401 402 403 545 560 585 590 591 618 619 700 703 734 735 745 746 748 776 841 877 878 920 922 1016 1017 1020 1057 1059 1061 1063 1065 1066 1165 1174 1273
LI (31):  2 3 6 7 8 9 13 14 15 197 219 335 354 391 400 584 662 676 682 689 769 772 849 875 913 1011 1013 1048 1051 1056 1062
NODE_NUM = 100
FILE square_sub_8.aig

# Subcircuit 9
SUB_ID 9
LO (13):  333 1137 1233 1234 1256 1257 1258 1325 1398 1534 1589 1594 1653
LI (30):  4 7 18 1046 1047 1095 1096 1097 1107 1109 1111 1118 1122 1145 1195 1220 1222 1255 1330 1333 1335 1336 1338 1353 1355 1360 1387 1392 1442 1530
NODE_NUM = 99
FILE square_sub_9.aig

# Subcircuit 10
SUB_ID 10
LO (25):  351 794 1200 1220 1222 1270 1271 1400 1702 1780 1782 1841 1843 1885 1886 1897 1936 2006 2194 2195 2196 2361 2362 2363 3432
LI (33):  1 10 18 22 816 1080 1199 1208 1212 1216 1261 1262 1661 1684 1685 1696 1700 1701 1704 1709 1728 1730 1735 1767 1769 1777 1827 1828 1882 2192 2353 2354 2359
NODE_NUM = 98
FILE square_sub_10.aig

# Subcircuit 11
SUB_ID 11
LO (18):  376 913 990 1095 1096 1097 1122 1145 1199 1216 1255 1330 1530 1660 1661 1679 1735 1777
LI (32):  9 11 891 902 909 975 976 991 1020 1061 1065 1066 1093 1094 1140 1141 1236 1247 1453 1479 1489 1508 1509 1511 1514 1518 1627 1632 1636 1641 1653 1657
NODE_NUM = 98
FILE square_sub_11.aig

# Subcircuit 12
SUB_ID 12
LO (36):  383 387 396 400 476 479 531 601 659 664 720 723 729 764 766 769 772 809 811 848 849 851 855 967 1093 1094 1160 1195 1212 1236 1387 1392 1442 1509 1556 1708
LI (41):  1 2 4 6 8 10 11 17 271 398 399 431 530 588 658 663 719 728 756 763 765 805 806 850 891 893 958 1005 1079 1080 1091 1100 1152 1154 1155 1177 1191 1377 1380 1386 1441
NODE_NUM = 99
FILE square_sub_12.aig

# Subcircuit 13
SUB_ID 13
LO (23):  426 431 498 499 689 728 1511 1627 1684 1685 1767 1769 1828 1854 1881 1882 1900 1961 1963 1964 1965 2023 2055
LI (38):  2 7 9 10 11 267 497 879 889 1098 1153 1551 1554 1558 1562 1584 1589 1623 1671 1682 1683 1746 1760 1782 1841 1843 1844 1845 1847 1853 1867 1869 1878 1886 1897 1939 1941 1954
NODE_NUM = 100
FILE square_sub_13.aig

# Subcircuit 14
SUB_ID 14
LO (19):  435 658 662 663 1009 1182 1191 1247 1302 1306 1360 1562 2164 2165 2226 2295 2300 2301 2398
LI (35):  3 4 6 9 10 13 18 653 654 721 848 996 1005 1008 1184 1185 1242 1244 1298 1299 1305 2027 2036 2064 2065 2084 2087 2088 2108 2110 2128 2142 2161 2187 2210
NODE_NUM = 95
FILE square_sub_14.aig

# Subcircuit 15
SUB_ID 15
LO (24):  447 474 653 752 1242 1244 1333 1377 1441 1508 1636 1867 1869 2026 2027 2064 2084 2161 2227 2271 2274 2280 2281 2504
LI (39):  4 5 8 11 13 21 651 1205 1238 1279 1332 1334 1366 1368 1499 1501 1503 1505 1669 1857 1859 1860 1963 1964 1965 1967 1968 1973 2009 2023 2052 2053 2055 2077 2080 2260 2261 2263 2270
NODE_NUM = 97
FILE square_sub_15.aig

# Subcircuit 16
SUB_ID 16
LO (40):  484 497 502 538 547 676 721 958 1077 1079 1080 1204 1205 1208 1238 1290 1293 1296 1353 1355 1365 1494 1580 1701 2086 2108 2110 2263 2377 2446 2448 2449 2503 2507 2562 2571 2701 3157 3593 3594
LI (35):  2 3 5 9 10 11 12 21 22 527 536 719 748 889 1078 1153 1283 1334 1347 1349 1490 2100 2101 2107 2299 2300 2301 2350 2365 2366 2370 2376 2435 2443 2500
NODE_NUM = 100
FILE square_sub_16.aig

# Subcircuit 17
SUB_ID 17
LO (20):  527 528 5910 6077 6078 6079 6148 6156 6224 6226 6245 6247 6281 6283 6285 6286 6290 6319 6403 6424
LI (34):  9 10 14 43 213 4755 4867 5843 5844 5845 5892 5902 5906 5907 5909 5912 5917 5936 5980 6064 6068 6073 6080 6081 6082 6131 6146 6147 6150 6155 6173 6214 6244 6280
NODE_NUM = 97
FILE square_sub_17.aig

# Subcircuit 18
SUB_ID 18
LO (29):  530 536 584 755 818 820 829 1467 1584 1623 1632 1682 1683 1746 1760 1878 2370 2500 4114 4128 4130 4131 4281 4295 4298 4733 6457 6912 6916
LI (45):  1 4 5 12 14 42 754 817 827 1334 1455 1458 1459 1492 1503 1570 1574 1575 1577 1581 1606 1609 1613 1679 1752 1753 1755 2369 2499 3840 3909 3973 3974 4066 4067 4077 4089 4091 4093 4106 4121 4125 4735 6906 6908
NODE_NUM = 98
FILE square_sub_18.aig

# Subcircuit 19
SUB_ID 19
LO (23):  650 651 654 1551 1554 5892 6244 6303 6309 6317 6371 6373 6431 6432 6433 6434 6553 6560 6606 6764 8223 8227 9895
LI (34):  1 11 16 51 1546 1548 5809 5847 5850 5871 5888 6078 6079 6226 6231 6232 6236 6237 6245 6247 6283 6292 6293 6295 6296 6342 6368 6390 6395 6399 6420 6424 8216 8221
NODE_NUM = 95
FILE square_sub_19.aig

# Subcircuit 20
SUB_ID 20
LO (14):  682 719 763 1514 6557 6782 6800 6801 6855 6858 6859 6868 7002 7051
LI (27):  7 9 17 679 6431 6432 6433 6434 6437 6438 6441 6443 6461 6475 6477 6491 6528 6538 6548 6553 6718 6720 6731 6759 6764 6781 6854
NODE_NUM = 100
FILE square_sub_20.aig

# Subcircuit 21
SUB_ID 21
LO (11):  765 2142 2187 2366 2435 2586 2742 2898 3057 3221 4384
LI (24):  2 16 29 1911 1930 2166 2175 2184 2417 2418 2427 2428 2448 2449 2531 2532 2577 2668 2678 2728 2730 2851 2882 3050
NODE_NUM = 98
FILE square_sub_21.aig

# Subcircuit 22
SUB_ID 22
LO (19):  816 817 827 1709 5847 7383 7586 7587 7804 7805 7806 7856 7864 7870 7880 7887 7911 7912 7913
LI (31):  3 12 16 49 1708 4137 5621 7321 7349 7352 7362 7379 7382 7388 7393 7425 7449 7483 7524 7527 7571 7572 7573 7583 7759 7770 7787 7797 7904 7905 7909
NODE_NUM = 83
FILE square_sub_22.aig

# Subcircuit 23
SUB_ID 23
LO (27):  821 901 1177 1261 1262 1788 1827 1941 1954 1967 1968 2036 2052 2053 2077 2080 2184 2253 2298 2299 2417 2418 2443 2764 2768 3164 3663
LI (40):  4 7 14 16 22 25 312 333 900 1160 1165 1167 1174 1492 1784 1790 1791 1806 1808 1817 1824 1854 1943 2029 2032 2040 2041 2050 2051 2076 2165 2226 2227 2252 2280 2281 2295 2414 2758 2760
NODE_NUM = 100
FILE square_sub_23.aig

# Subcircuit 24
SUB_ID 24
LO (15):  825 4066 4067 4195 4272 4324 4325 4327 4328 4329 4332 4361 4484 4525 5283
LI (30):  6 7 12 37 3975 3978 3979 3984 4001 4006 4010 4055 4061 4114 4130 4131 4132 4183 4186 4187 4189 4194 4213 4217 4266 4267 4270 4284 4295 4305
NODE_NUM = 98
FILE square_sub_24.aig

# Subcircuit 25
SUB_ID 25
LO (46):  875 879 889 890 900 1100 1107 1111 1140 1141 1152 1153 1154 1155 1279 1283 1298 1380 1455 1458 1468 1469 1473 1478 1687 1690 1696 1700 2009 2040 2041 2050 2051 2115 2128 2205 2206 2303 2651 2766 2977 3268 3431 3872 3991 4155
LI (40):  1 3 8 16 17 19 20 23 25 210 219 246 284 310 344 378 479 1059 1099 1103 1151 1273 1275 1277 1406 1471 1477 1686 1693 1694 1986 1990 1993 1995 2006 2048 2074 2117 2118 2124
NODE_NUM = 98
FILE square_sub_25.aig

# Subcircuit 26
SUB_ID 26
LO (20):  891 2175 2414 2531 2532 2577 2678 2728 2730 2851 2882 3050 3076 3078 3167 3184 3209 3216 3227 3282
LI (37):  15 17 23 1718 2171 2254 2400 2401 2405 2478 2481 2529 2555 2557 2573 2574 2673 2674 2722 2723 2843 2847 2853 2879 2916 3012 3013 3038 3075 3126 3127 3142 3156 3157 3159 3166 3208
NODE_NUM = 100
FILE square_sub_26.aig

# Subcircuit 27
SUB_ID 27
LO (30):  893 894 1048 1056 1099 1167 1275 1496 1717 1806 1808 1939 2048 2065 2074 2076 2350 2555 2557 2573 2574 2722 2723 2758 2843 2847 2914 2916 2947 5296
LI (40):  6 7 15 16 23 26 210 335 338 378 748 1098 1490 1493 1494 1799 1918 1926 1927 1930 1936 1961 2047 2067 2070 2312 2316 2318 2346 2544 2548 2565 2566 2571 2712 2715 2792 2811 2841 2913
NODE_NUM = 99
FILE square_sub_27.aig

# Subcircuit 28
SUB_ID 28
LO (21):  897 996 2346 4061 4183 4270 4305 4347 4357 4358 4359 4360 4458 4461 4463 4483 4507 4562 4566 4572 4684
LI (36):  5 15 16 28 2340 2341 2344 3999 4016 4017 4018 4020 4040 4057 4158 4161 4164 4166 4167 4168 4176 4195 4272 4300 4301 4327 4328 4329 4344 4345 4361 4457 4464 4477 4499 4504
NODE_NUM = 88
FILE square_sub_28.aig

# Subcircuit 29
SUB_ID 29
LO (28):  909 976 1102 1103 1338 1471 1477 1558 2478 2481 2668 2776 2786 2792 2841 2853 2912 2913 2985 3012 3013 3022 3059 3127 3198 4599 4885 5073
LI (37):  2 7 8 18 19 27 29 219 312 335 378 889 1556 2463 2471 2473 2475 2616 2617 2647 2650 2652 2771 2774 2775 2778 2785 2823 2830 2832 2901 2906 2963 2976 2977 3003 3008
NODE_NUM = 99
FILE square_sub_29.aig

# Subcircuit 30
SUB_ID 30
LO (19):  998 1005 1008 2548 2712 2715 2811 2906 3134 3142 3401 3402 3405 3477 3481 3499 3503 3556 3573
LI (30):  1 16 18 20 246 1002 2545 2686 2692 2709 2711 2804 3102 3120 3129 3132 3133 3225 3226 3227 3228 3229 3230 3234 3259 3272 3289 3291 3386 3398
NODE_NUM = 100
FILE square_sub_30.aig

# Subcircuit 31
SUB_ID 31
LO (23):  1002 1044 1046 1051 1062 1336 1386 2032 2963 3075 3259 3386 3479 3480 3496 3501 3502 3578 3640 3715 4582 5072 5684
LI (38):  1 9 16 18 21 30 197 213 793 928 946 1036 1041 1153 1385 2031 2943 2946 2953 2954 2957 3059 3063 3064 3069 3312 3314 3316 3327 3377 3383 3405 3458 3464 3477 3485 3489 3499
NODE_NUM = 99
FILE square_sub_31.aig

# Subcircuit 32
SUB_ID 32
LO (11):  1078 3234 3576 3758 3759 3926 3935 3967 3971 4010 7143
LI (24):  2 20 37 3308 3402 3434 3479 3480 3501 3502 3526 3529 3531 3550 3552 3556 3573 3699 3722 3729 3849 3898 3903 3917
NODE_NUM = 100
FILE square_sub_32.aig

# Subcircuit 33
SUB_ID 33
LO (27):  1098 1546 1704 1857 1986 1990 2359 2652 2804 3038 3063 3064 3069 3425 3434 3458 3699 3729 3761 3762 3777 4106 4491 5270 5561 5737 7221
LI (41):  3 12 16 17 18 24 33 479 586 1544 1573 1979 1980 1982 2357 2651 2768 2794 2796 2798 3018 3033 3035 3061 3164 3422 3424 3427 3433 3454 3635 3639 3640 3655 3662 3663 3666 3685 3690 3769 3770
NODE_NUM = 96
FILE square_sub_33.aig

# Subcircuit 34
SUB_ID 34
LO (21):  1109 1151 1185 1305 5860 5871 6280 6295 6296 6399 6420 6718 6720 7054 7056 7107 7111 7114 7317 9357 9875
LI (34):  4 5 17 18 19 48 3149 5857 5859 5862 5868 5886 6250 6260 6261 6264 6268 6269 6274 6403 6414 6560 6561 6659 6660 6704 6801 6869 6872 6887 6996 7035 7051 7106
NODE_NUM = 97
FILE square_sub_34.aig

# Subcircuit 35
SUB_ID 35
LO (22):  1299 1570 1581 2260 2427 2428 2565 2566 7483 7770 7787 8051 8053 8107 8113 8238 8326 8336 8395 11857 12706 13752
LI (35):  4 20 23 28 54 1580 2201 2231 2232 2234 2235 2256 2271 2274 2562 7410 7454 7455 7460 7464 7477 7479 7762 7767 7784 7862 7863 7864 7865 7870 7880 7887 7953 8048 8106
NODE_NUM = 99
FILE square_sub_35.aig

# Subcircuit 36
SUB_ID 36
LO (21):  1332 3422 3635 3639 3903 3939 3975 4121 4125 5324 5327 5385 5386 5387 5508 5544 5607 6091 6095 8564 12689
LI (35):  6 19 34 43 3411 3412 3413 3414 3578 3621 3623 3624 3628 3759 3761 3762 3777 3926 3935 5156 5190 5191 5215 5259 5281 5310 5312 5314 5315 5323 5372 5857 6085 6086 6088
NODE_NUM = 100
FILE square_sub_36.aig

# Subcircuit 37
SUB_ID 37
LO (20):  1334 1335 3489 3722 3849 3973 3974 4077 4132 4217 4604 4686 4687 4802 4813 4816 4846 4858 5104 5251
LI (34):  19 21 28 300 2305 2633 3486 3701 3710 3715 3719 3790 3791 3846 3963 3967 3971 4070 4074 4581 4593 4594 4596 4599 4603 4626 4655 4677 4684 4778 4792 4793 4795 4801
NODE_NUM = 97
FILE square_sub_37.aig

# Subcircuit 38
SUB_ID 38
LO (23):  1347 1349 1366 1784 2107 2529 2673 2674 2686 2879 3008 3126 3229 3289 3291 3526 3628 4161 4164 4677 4848 4849 7612
LI (43):  1 3 5 11 14 20 24 35 586 1365 2106 2496 2503 2504 2507 2525 2670 2858 2859 2866 2870 3079 3082 3084 3104 3122 3282 3284 3285 3503 3512 3514 3516 4147 4154 4155 4158 4643 4651 4652 4655 4673 4846
NODE_NUM = 98
FILE square_sub_38.aig

# Subcircuit 39
SUB_ID 39
LO (18):  1367 1368 1926 1930 2252 4557 4831 4911 5155 5190 5191 5215 5371 5372 5389 5393 5504 5510
LI (31):  8 22 24 197 284 1920 1922 4419 4432 4548 4890 4893 4898 4899 5012 5014 5015 5064 5077 5091 5107 5108 5139 5141 5152 5159 5177 5180 5205 5208 5368
NODE_NUM = 99
FILE square_sub_39.aig

# Subcircuit 40
SUB_ID 40
LO (45):  1385 1406 1408 1853 1995 2270 2353 2354 2545 2605 2611 2616 2617 2794 2994 2998 2999 3033 3035 3061 3091 3507 3512 3516 3854 4333 4344 4345 4533 4576 4578 4581 4918 5315 5403 5407 5469 5738 6486 6914 7401 7629 8473 9654 10940
LI (40):  2 3 10 13 15 19 23 27 32 35 43 547 1846 2229 2268 2351 2592 2594 2597 2604 2610 2753 2786 2993 2997 3022 3023 3505 3506 3881 4211 4235 4332 4347 4566 4567 4572 5397 5398 5399
NODE_NUM = 100
FILE square_sub_40.aig

# Subcircuit 41
SUB_ID 41
LO (12):  1459 4898 5139 5141 5368 5616 5842 5843 5844 6068 6073 10552
LI (26):  2 24 45 4772 5113 5119 5120 5124 5356 5361 5371 5393 5441 5494 5504 5603 5607 5612 5758 5760 5779 5798 5824 10546 10548 10550
NODE_NUM = 98
FILE square_sub_41.aig

# Subcircuit 42
SUB_ID 42
LO (29):  1490 1492 1493 1845 1847 2369 2376 2709 2711 2870 3550 3552 3621 3710 3770 3909 3917 4006 4457 4594 4718 4720 4793 4817 4822 5352 6197 6483 10363
LI (41):  4 9 13 20 21 22 32 36 300 586 590 745 1846 1904 2375 2464 2701 2702 2708 2864 2868 3543 3590 3591 3593 3595 3617 3706 3709 3908 4409 4411 4419 4422 4434 4450 4458 4694 4695 4703 4705
NODE_NUM = 98
FILE square_sub_42.aig

# Subcircuit 43
SUB_ID 43
LO (21):  1499 1501 1730 8260 8392 8402 8414 8431 8432 8605 8608 8618 8621 8623 8626 8627 8681 8806 8849 8854 12939
LI (38):  5 6 20 22 56 1498 1724 1726 1728 4631 8151 8160 8242 8243 8244 8258 8259 8265 8269 8319 8326 8386 8388 8395 8399 8404 8405 8410 8411 8416 8527 8528 8562 8593 8594 8596 8600 8604
NODE_NUM = 98
FILE square_sub_43.aig

# Subcircuit 44
SUB_ID 44
LO (14):  1516 1518 7106 7349 7352 7524 7527 7859 7860 7891 7901 7902 8103 8118
LI (30):  10 16 41 1517 7059 7060 7061 7074 7075 7077 7081 7085 7093 7107 7348 7502 7503 7504 7507 7508 7516 7587 7804 7805 7806 7809 7829 7830 7856 7898
NODE_NUM = 93
FILE square_sub_44.aig

# Subcircuit 45
SUB_ID 45
LO (31):  1517 1543 1544 1547 1548 1657 1846 1927 2254 2256 2318 2993 3272 3662 3666 3790 3791 3898 3963 4040 4074 4154 4158 4266 4267 4284 4300 4301 4504 5520 5523
LI (47):  1 6 11 15 16 17 18 24 26 197 284 889 891 998 1100 1432 1534 1539 2244 2246 2253 3134 3266 3268 3270 3656 3658 3683 3807 3860 3864 3865 3867 3873 3894 3947 3960 4028 4030 4037 4087 4148 4150 4263 4281 4298 5519
NODE_NUM = 100
FILE square_sub_45.aig

# Subcircuit 46
SUB_ID 46
LO (44):  1573 1574 1575 1724 1728 1922 2375 2516 2517 2518 2622 2628 2632 2868 2953 2957 2964 3112 3159 3208 3224 3225 3226 3228 3327 3351 3398 3591 3881 3889 3892 3893 4425 4429 4430 4440 5235 5485 5884 6098 6103 7207 9526 9708
LI (38):  4 5 7 14 19 22 23 30 31 35 210 228 338 745 893 1717 1719 2515 2619 2625 2626 2928 2940 2947 2948 3076 3078 3184 3185 3191 3198 3209 3216 3221 3882 3887 4424 4428
NODE_NUM = 92
FILE square_sub_46.aig

# Subcircuit 47
SUB_ID 47
LO (30):  1577 1606 1609 1726 1752 1753 1755 2268 2708 2771 2774 5603 5617 5619 5748 5795 6023 6040 6642 6647 6649 6932 8285 8289 9216 9815 10440 10443 10444 12159
LI (35):  1 6 7 12 15 20 21 49 54 748 1594 1749 1750 2706 2757 2764 2766 2768 5195 5508 5512 5513 5523 5528 5532 5599 5710 5725 5742 6641 6646 8278 8279 8280 8281
NODE_NUM = 95
FILE square_sub_47.aig

# Subcircuit 48
SUB_ID 48
LO (40):  1613 1669 1671 1692 1693 1790 2244 2261 2305 2307 2312 2316 2471 2475 2610 2785 2858 2940 2943 2946 3082 3266 3270 3464 3486 3647 3655 3656 3719 3769 3865 4028 4070 4148 4249 4253 4755 8546 8944 9506
LI (49):  1 2 3 9 14 24 25 27 38 210 219 284 312 338 355 378 586 745 748 889 1098 1102 1153 1663 1664 1665 1995 2304 2310 2459 2465 2467 2611 2744 2783 2931 2934 2936 3260 3261 3460 3461 3586 3615 3641 3646 3649 4245 4246
NODE_NUM = 96
FILE square_sub_48.aig

# Subcircuit 49
SUB_ID 49
LO (47):  1663 1686 1718 1719 1919 1920 1993 2231 2232 2499 2515 2796 2948 3166 3260 3353 3383 3424 3460 3461 3485 3690 4037 4213 4235 4263 4424 4428 4432 4434 4464 4477 4567 4651 4652 4655 4767 4772 4774 5650 5951 6084 6574 7202 7604 7611 8021
LI (49):  4 9 10 11 17 19 21 22 23 24 35 36 219 335 398 479 586 821 889 893 1494 1788 1991 2229 3164 3345 3349 3352 3379 3481 3496 4035 4207 4209 4211 4230 4233 4234 4255 4260 4425 4429 4431 4472 4473 4648 4650 4766 4768
NODE_NUM = 100
FILE square_sub_49.aig

# Subcircuit 50
SUB_ID 50
LO (22):  1749 1750 1799 1824 1918 2047 3349 5809 5824 5980 6064 6080 6082 6274 8593 8846 8966 8970 8971 8972 8979 9032
LI (37):  2 13 16 26 49 590 745 1813 1821 1913 3335 3345 3348 5435 5520 5807 5808 5973 5976 5995 6013 6017 6061 8576 8583 8585 8587 8608 8685 8803 8804 8806 8813 8818 8840 8849 8962
NODE_NUM = 96
FILE square_sub_50.aig

# Subcircuit 51
SUB_ID 51
LO (35):  1813 2087 2233 2234 2604 2775 3102 3104 3149 3156 3284 3285 3308 3312 3506 3514 3860 3864 4018 4411 4611 4626 4795 4852 4988 5000 5003 5012 5015 5053 5058 5156 8190 8194 11436
LI (49):  1 4 11 12 27 28 34 38 210 378 479 586 721 745 1153 1490 2086 2603 3092 3094 3101 3143 3145 3146 3148 3167 3298 3302 3304 3817 3855 4617 4619 4621 4639 4671 4848 4849 4950 4955 4985 4999 5009 5048 5049 8182 8184 8185 8187
NODE_NUM = 100
FILE square_sub_51.aig

# Subcircuit 52
SUB_ID 52
LO (47):  1817 1821 1859 2088 2118 2229 2453 2454 2464 2465 2954 2997 3003 3191 3230 3960 4175 4260 4409 4596 4631 4639 4640 4641 4703 4705 4784 4801 4827 5048 5064 5177 5512 5513 5685 6164 6168 6169 6690 7422 7742 8290 8921 9967 10336 10833 11682
LI (46):  2 5 15 18 21 22 26 27 29 32 41 338 344 479 679 1102 1153 1494 2452 2972 2985 2994 2998 3000 3821 3892 3951 4390 4393 4394 4395 4402 4632 4637 4699 4700 4800 5044 5047 5054 5058 5169 5174 5510 6163 6167
NODE_NUM = 100
FILE square_sub_52.aig

# Subcircuit 53
SUB_ID 53
LO (30):  1860 1904 1911 1913 2117 2246 2467 2647 2650 2753 2757 2823 2901 3658 3867 4016 4017 4030 4150 4394 4603 5310 5599 5618 5632 5633 5763 5771 7674 9160
LI (43):  3 4 5 9 11 21 25 26 38 210 228 335 378 479 889 893 1098 1102 1153 1905 1907 1919 2307 2632 2634 2635 2636 2642 2746 2747 2749 2819 2820 4015 4601 5295 5297 5327 5354 5544 5550 5569 5596
NODE_NUM = 92
FILE square_sub_53.aig

# Subcircuit 54
SUB_ID 54
LO (15):  1943 6731 6854 7035 7059 7177 7320 7321 7492 7494 7532 7559 7567 7583 13578
LI (27):  2 28 53 6459 6522 6803 6804 6813 6844 6847 6855 6971 7001 7005 7006 7032 7056 7111 7114 7141 7153 7169 7181 7232 7276 7297 7317
NODE_NUM = 98
FILE square_sub_54.aig

# Subcircuit 55
SUB_ID 55
LO (21):  1973 1979 1980 3129 3132 3840 3846 3947 5441 5798 5808 5995 6013 6250 6437 6443 9844 9846 9924 10100 10103
LI (41):  1 5 13 17 29 37 1881 1885 2453 3023 3824 3827 3829 3832 3833 5407 5408 5410 5411 5416 5437 5786 5787 5791 5795 6001 6010 6436 6440 6441 9629 9630 9631 9679 9691 9697 9699 9701 9716 9751 9843
NODE_NUM = 100
FILE square_sub_55.aig

# Subcircuit 56
SUB_ID 56
LO (46):  1982 1991 2028 2029 2031 2070 2192 2332 2335 2340 2344 2452 2459 2463 2496 2544 2592 2635 2636 2642 2670 2744 2746 2747 2778 2859 2972 2976 3092 3101 3110 3116 3120 3377 3379 3447 3615 3617 3676 3977 5486 5964 6104 6503 6680 7718
LI (45):  3 6 7 10 12 20 24 28 29 30 31 197 210 219 228 246 312 335 338 355 378 794 2403 2454 2486 2490 2507 2523 2540 2541 2745 2965 2969 2970 3091 3099 3112 3367 3368 3370 3376 3606 3607 3609 3614
NODE_NUM = 99
FILE square_sub_56.aig

# Subcircuit 57
SUB_ID 57
LO (31):  2067 2106 2124 2166 2171 2403 2405 2625 2934 4890 4893 6704 6844 6847 6887 7061 8048 8338 8345 8355 8356 8357 8358 8360 8361 8378 8559 11413 12282 15206 15301
LI (39):  1 2 6 12 14 17 19 25 30 31 59 476 2933 4876 4883 4885 4887 6673 6679 6680 6683 6700 6831 6838 6839 6841 6879 6881 7911 7924 7940 7955 7961 7965 7979 7997 8045 8051 8344
NODE_NUM = 92
FILE square_sub_57.aig

# Subcircuit 58
SUB_ID 58
LO (41):  2201 2210 2235 2400 2401 2965 3529 3641 3855 4090 4091 4093 4139 4147 4390 4393 4472 4473 4589 4593 4650 4699 4700 5295 5408 5409 5410 5416 5546 5547 5621 5624 5627 5631 6520 6573 7354 8937 10472 12772 12999
LI (44):  3 4 5 9 14 18 28 37 40 41 42 197 210 219 378 2194 2195 2196 2205 2206 2398 2964 3527 3854 4134 4138 4141 4253 4363 4369 4389 4448 4582 4585 4587 5253 5284 5285 5286 5287 5342 5620 5623 5625
NODE_NUM = 100
FILE square_sub_58.aig

# Subcircuit 59
SUB_ID 59
LO (44):  2304 2341 2351 2357 2486 2936 3094 3099 3298 3302 3303 3304 3411 3412 3413 3701 3811 3821 3824 3827 4055 4057 4207 4369 4499 4542 4543 4671 4673 4792 4867 4871 4872 4873 4977 4979 5119 5208 5702 5959 6622 10473 11361 11683
LI (48):  1 4 6 11 13 15 27 29 32 33 40 431 479 500 586 745 748 1200 2303 2452 3410 3675 3810 3815 3817 3820 4046 4047 4048 4054 4206 4368 4387 4488 4492 4496 4663 4743 4758 4781 4782 4783 4784 4864 4866 4869 4969 4974
NODE_NUM = 96
FILE square_sub_59.aig

# Subcircuit 60
SUB_ID 60
LO (25):  2365 2473 2489 2490 3376 3683 3685 3882 7232 7348 7425 7449 7502 7503 7504 7759 7767 7809 7829 7830 7862 7863 8078 8080 8081
LI (47):  8 11 25 26 31 33 197 764 1547 2305 2362 2363 3370 3674 3675 3676 3678 7070 7209 7212 7215 7216 7218 7221 7223 7343 7345 7414 7415 7417 7424 7445 7492 7496 7497 7588 7617 7620 7627 7629 7631 7646 7647 7752 7753 7826 8077
NODE_NUM = 100
FILE square_sub_60.aig

# Subcircuit 61
SUB_ID 61
LO (28):  2523 2525 2540 2541 2594 2596 2597 3543 3815 5323 5742 6061 6081 6214 6231 6232 6368 6781 6869 6872 7181 7212 7215 7223 7627 7631 8039 8041
LI (50):  15 17 19 23 25 32 34 197 450 764 1100 2305 2361 2377 2516 2517 2518 2633 3338 3541 3814 5321 5627 5687 5730 5732 5739 6039 6041 6048 6052 6207 6210 6229 6364 6371 6777 6782 6858 6859 6868 7199 7206 7207 7209 7621 7623 8031 8033 8038
NODE_NUM = 97
FILE square_sub_61.aig

# Subcircuit 62
SUB_ID 62
LO (30):  2603 2619 2633 2634 2745 3143 3145 3146 5049 6163 6414 6659 6777 6879 6881 6980 6984 6987 6996 7001 7141 7516 7571 7572 7573 7797 11087 11313 11317 11844
LI (37):  10 12 23 25 26 28 46 312 1492 3144 4739 4784 6171 6187 6405 6564 6566 6584 6601 6606 6632 6656 6669 6769 6774 6941 6978 6979 6993 7127 7128 7177 7532 7562 7567 11307 11309
NODE_NUM = 100
FILE square_sub_62.aig

# Subcircuit 63
SUB_ID 63
LO (20):  2692 2830 2832 9561 9569 9596 9610 9613 9751 9785 9793 9855 9862 9909 9944 10044 13461 13650 16371 18671
LI (25):  2 18 33 63 64 2829 9272 9330 9402 9474 9475 9476 9490 9492 9495 9531 9534 9541 9542 9563 9571 9574 9595 9730 9748
NODE_NUM = 99
FILE square_sub_63.aig

# Subcircuit 64
SUB_ID 64
LO (27):  2706 2749 2760 2783 3122 3505 3606 4048 4054 8045 8386 8388 8404 8416 8803 8804 8978 9025 9040 9043 9044 9045 9046 9092 9096 9098 9279
LI (44):  8 14 21 25 28 30 35 659 676 745 1494 3116 3118 3120 4053 8013 8020 8021 8024 8041 8336 8369 8370 8371 8373 8378 8686 8687 8688 8715 8718 8725 8726 8728 8735 8793 8966 8979 9022 9039 9059 9060 9083 9088
NODE_NUM = 98
FILE square_sub_64.aig

# Subcircuit 65
SUB_ID 65
LO (34):  2819 2820 2829 2863 2864 2866 2928 2931 3018 3345 3348 3367 3454 3623 3624 4201 4206 4211 4869 5259 5488 5491 5494 5596 5769 5770 5772 5867 6641 9394 9710 10563 10876 11615
LI (46):  1 2 17 18 31 32 34 35 38 203 210 213 338 378 431 586 1098 1100 1102 2605 2628 2864 2865 2923 2925 3339 3340 3445 3447 3451 3516 4205 5223 5226 5227 5228 5235 5236 5255 5272 5477 5478 5479 5487 5589 5766
NODE_NUM = 98
FILE square_sub_65.aig

# Subcircuit 66
SUB_ID 66
LO (38):  2923 2924 2925 3352 3645 3646 3817 3828 3829 3984 4184 4186 4189 4194 4209 4419 4422 4621 4645 4648 4758 4778 4974 4985 5032 5044 5047 5107 5108 5174 5205 5354 5356 5397 5398 5589 6088 7406
LI (51):  1 3 8 10 14 34 35 36 37 38 197 219 228 335 338 376 378 431 479 721 1077 1100 3351 3983 4185 4415 4416 4417 4646 4747 4751 4753 4755 4757 4774 4968 4972 4977 4979 4988 5030 5035 5040 5089 5104 5193 5195 5342 5347 5353 5395
NODE_NUM = 100
FILE square_sub_66.aig

# Subcircuit 67
SUB_ID 67
LO (19):  2933 2969 3000 3023 3079 3118 6528 6759 6803 9271 9272 9324 9329 9330 9490 9563 9616 9619 9631
LI (41):  5 9 13 24 25 29 35 335 976 2622 2999 6495 6502 6503 6506 6524 6751 6753 8846 8978 9043 9044 9045 9046 9096 9098 9099 9114 9121 9123 9125 9144 9244 9267 9282 9283 9293 9315 9482 9487 9615
NODE_NUM = 98
FILE square_sub_67.aig

# Subcircuit 68
SUB_ID 68
LO (30):  3133 3144 3586 3590 4045 4046 4205 5965 5969 6207 6210 6339 6342 6364 6491 6495 6660 6751 6753 6774 6822 6827 6831 7003 7458 8204 11020 11605 14603 14931
LI (38):  1 2 5 18 19 20 23 33 35 36 53 376 764 1334 3580 3991 4204 5964 6125 6194 6195 6197 6264 6319 6325 6332 6345 6346 6359 6360 6388 6484 6485 6487 6506 6818 6821 6824
NODE_NUM = 99
FILE square_sub_68.aig

# Subcircuit 69
SUB_ID 69
LO (41):  3147 3148 3414 3674 3814 3887 4204 4864 4969 5253 5255 5345 5347 5477 5732 5791 5807 6001 6167 6171 6173 6450 6459 6461 6484 6601 6698 6700 6821 7032 7060 7093 7623 8033 8184 8265 8269 8543 8726 12033 12311
LI (54):  12 20 21 29 33 34 35 41 43 210 335 338 378 474 479 745 1063 1098 1494 1573 1904 2233 2332 2464 2964 3884 4863 5247 5252 5344 5460 5462 5464 5470 5491 5803 5804 6164 6168 6170 6449 6452 6455 6458 6483 6582 6592 6597 6598 6683 6691 7019 7026 8263
NODE_NUM = 99
FILE square_sub_69.aig

# Subcircuit 70
SUB_ID 70
LO (40):  3185 3261 3335 3338 3339 3340 3368 3370 3410 3433 3442 3445 3675 4488 4601 5077 5228 5281 5479 5532 5687 5710 5886 5888 6039 6229 6502 6506 6679 6683 6838 6839 6841 7295 7297 7402 7414 7493 8885 9123
LI (56):  5 7 17 20 23 24 26 30 31 32 33 34 477 752 764 821 1100 1492 1547 2115 2354 2912 2914 3110 3134 3431 3432 3444 4487 4979 5065 5067 5074 5274 5676 5677 5679 5686 5706 5876 5878 5885 6023 6036 6496 6498 6674 6676 6827 6832 6834 6935 7294 7401 7410 7413
NODE_NUM = 100
FILE square_sub_70.aig

# Subcircuit 71
SUB_ID 71
LO (35):  3444 3451 3527 3807 3810 3884 4168 4615 4617 4751 4753 4968 5089 5091 5169 5264 5272 5274 5435 5437 5528 6146 6325 6467 6475 6477 6522 6524 6611 6612 6615 6769 12407 13921 14133
LI (50):  1 3 4 8 9 16 31 32 38 39 45 338 378 431 721 1468 2622 2936 3507 3800 3804 4165 4614 4749 4956 4960 4962 5026 5058 5081 5085 5261 5263 5271 5429 5431 5434 6091 6106 6134 6135 6137 6138 6466 6469 6471 6517 6521 6610 6614
NODE_NUM = 99
FILE square_sub_71.aig

# Subcircuit 72
SUB_ID 72
LO (38):  3530 3531 3983 4165 4166 4619 4632 4749 5285 5898 5902 5906 6517 6632 6656 6978 7026 7070 7074 7940 7953 8123 8125 8373 8701 9409 10364 10368 10370 10875 10879 12357 14146 14819 15280 15635 15799 16165
LI (42):  4 7 15 31 37 39 45 53 56 197 500 764 1057 1077 2453 2489 5431 5893 5897 5900 5932 6514 6516 6621 6624 6628 6630 6652 7064 7065 7891 7901 7902 7915 7920 7925 7932 8053 10363 10367 10869 10871
NODE_NUM = 100
FILE square_sub_72.aig

# Subcircuit 73
SUB_ID 73
LO (28):  3541 3580 3595 3607 3614 4389 4663 5973 5976 6268 6269 6941 7169 7294 7562 7588 7646 7647 8038 8242 8243 8405 8661 8665 8666 8667 8668 8688
LI (47):  6 13 14 17 21 26 28 32 35 3303 3594 3613 4383 4384 4387 5934 5946 5948 5949 5951 5972 6894 6895 6896 6898 6918 6937 7165 7166 7291 7295 7548 7551 7559 7643 8164 8171 8172 8175 8196 8240 8241 8622 8644 8645 8652 8657
NODE_NUM = 98
FILE square_sub_73.aig

# Subcircuit 74
SUB_ID 74
LO (16):  3609 3613 3706 3709 5434 10699 10711 10746 10758 10969 10975 10979 11157 11164 11188 11240
LI (29):  2 11 30 39 721 1204 2335 4611 10433 10437 10438 10439 10487 10508 10511 10514 10515 10575 10601 10697 10708 10713 10745 10753 10756 10760 10786 10801 10960
NODE_NUM = 96
FILE square_sub_74.aig

# Subcircuit 75
SUB_ID 75
LO (44):  3800 3803 3804 4448 4450 4781 4782 4956 5342 5934 5936 6458 6673 6804 7199 7473 7507 7508 7657 7660 7662 7664 7668 7752 7753 7970 7974 7976 8059 8206 8263 8454 8458 8594 8920 10286 10512 11005 12670 13452 15779 16032 16151 16392
LI (43):  1 3 4 6 13 21 39 41 42 54 55 56 197 210 219 246 474 1718 4440 4780 5925 5927 5933 6457 6661 6669 6672 7151 7186 7187 7189 7190 7469 7470 7659 7666 7684 7700 7750 7969 7973 8448 8450
NODE_NUM = 100
FILE square_sub_75.aig

# Subcircuit 76
SUB_ID 76
LO (22):  3820 3833 3873 3894 3908 5040 5287 5933 12455 12502 12503 12543 12544 12655 12657 12658 12667 12744 12886 12905 12906 12949
LI (37):  2 6 9 12 33 36 40 3091 3425 3872 3889 3893 4415 5345 5932 11005 12309 12353 12362 12366 12369 12387 12389 12427 12454 12488 12490 12494 12499 12514 12518 12531 12541 12639 12640 12646 12648
NODE_NUM = 92
FILE square_sub_76.aig

# Subcircuit 77
SUB_ID 77
LO (25):  3951 3978 4230 4233 4863 4972 7362 7379 7382 7750 7898 8077 8151 8244 8527 8622 8684 8687 8790 8793 8974 10859 12607 15543 15686
LI (39):  7 19 36 40 41 51 1238 3977 4229 7355 7356 7357 7358 7378 7599 7728 7731 7732 7737 7743 7895 8070 8071 8072 8123 8124 8125 8126 8128 8132 8148 8392 8481 8520 8618 8675 8681 8787 8788
NODE_NUM = 100
FILE square_sub_77.aig

# Subcircuit 78
SUB_ID 78
LO (13):  3979 10149 10151 10152 10246 10249 10253 10254 10434 10439 10590 10594 10650
LI (27):  31 36 3147 9860 9861 9897 9940 9943 9944 9992 10004 10005 10007 10011 10025 10027 10064 10092 10139 10140 10155 10170 10173 10185 10216 10228 10250
NODE_NUM = 96
FILE square_sub_78.aig

# Subcircuit 79
SUB_ID 79
LO (27):  3999 4001 4015 4020 4035 4053 4087 4089 4613 4614 4780 5284 6134 7064 9144 10432 10433 10437 10438 10607 10617 10652 10653 10687 10688 10708 10713
LI (48):  4 9 10 13 14 18 25 29 30 33 34 39 590 825 1494 2028 3991 3995 4079 4081 4083 5283 6132 7062 9138 9139 9142 10151 10152 10246 10249 10253 10254 10255 10267 10274 10276 10278 10297 10392 10415 10434 10609 10614 10643 10650 10683 10685
NODE_NUM = 98
FILE square_sub_79.aig

# Subcircuit 80
SUB_ID 80
LO (30):  4079 4081 4134 4137 4138 4167 4176 4185 4187 4637 5946 6937 8725 8728 8985 9244 9283 9286 9315 9541 9542 9615 9629 9630 9940 9943 10155 10173 10499 12108
LI (45):  5 12 16 17 27 32 36 37 39 41 821 893 1995 2332 2453 2776 4175 4201 4636 5944 6931 6932 6935 8722 8756 8947 9074 9156 9159 9160 9163 9164 9189 9241 9302 9309 9538 9616 9619 9623 9624 9862 9906 9909 9931
NODE_NUM = 98
FILE square_sub_80.aig

# Subcircuit 81
SUB_ID 81
LO (47):  4229 4234 4363 4548 4735 4737 4739 4743 4747 5020 5026 5027 5028 5121 5313 5314 5623 5712 5909 6132 6150 6194 6359 6360 6405 6452 6628 6908 7190 7732 7997 8313 8316 8319 8365 8369 8370 8371 8409 8410 8493 8497 9185 15167 15943 16250 16548
LI (45):  1 2 9 18 42 43 44 46 52 197 210 213 246 335 378 431 479 721 748 1098 4734 4741 5018 5019 5022 6028 6156 6190 6514 7985 7987 7994 8303 8304 8307 8309 8338 8356 8357 8358 8360 8361 8406 8487 8488
NODE_NUM = 99
FILE square_sub_81.aig

# Subcircuit 82
SUB_ID 82
LO (14):  4245 4255 6646 6652 7019 7128 7455 15756 15921 16003 16011 16068 16073 16116
LI (32):  1 6 38 54 4244 4251 4253 6618 6642 6643 6647 6649 6698 15612 15613 15614 15627 15634 15635 15637 15654 15667 15668 15739 15747 15752 15882 15884 15892 15893 15923 16002
NODE_NUM = 100
FILE square_sub_82.aig

# Subcircuit 83
SUB_ID 83
LO (23):  4244 4246 4251 4368 5271 6135 6669 6672 7378 11162 11234 11248 11271 11289 11293 11379 11381 11496 11513 11519 11560 12093 14379
LI (41):  5 13 14 30 31 41 44 748 2622 4249 5270 5932 6664 6666 7373 7374 7376 10979 11019 11032 11039 11041 11043 11050 11062 11149 11150 11161 11232 11240 11245 11249 11268 11282 11294 11340 11352 11359 11361 11363 11370
NODE_NUM = 100
FILE square_sub_83.aig

# Subcircuit 84
SUB_ID 84
LO (26):  4383 4387 4395 4402 4415 4431 4487 5706 6123 6894 6895 7142 8962 9022 9039 9059 9060 9282 9474 9475 9571 9843 10139 10140 10250 10276
LI (50):  10 11 13 15 19 26 30 37 38 889 891 893 1690 2028 2305 2332 2335 3134 4380 4430 5701 5702 5704 6892 8853 8854 8902 8903 8932 8935 8943 8944 8947 9009 9010 9015 9025 9035 9040 9057 9092 9274 9279 9324 9466 9780 9837 9844 10100 10130
NODE_NUM = 100
FILE square_sub_84.aig

# Subcircuit 85
SUB_ID 85
LO (39):  4492 4496 4528 4529 4530 4531 4694 4695 4728 5395 5714 5725 6010 6113 6125 6131 6236 6237 6332 6469 6630 6931 6935 6979 7062 7065 7241 7242 7243 7984 8216 8503 8513 8710 9795 13215 13446 13926 14913
LI (46):  1 7 16 18 37 38 43 45 46 50 197 228 378 431 479 721 818 1057 4325 4357 4358 4359 4360 4461 4463 4483 4484 4491 4507 4525 5658 5672 5713 5722 6109 6112 6118 6123 6234 6629 6924 6925 6927 7234 7238 7239
NODE_NUM = 96
FILE square_sub_85.aig

# Subcircuit 86
SUB_ID 86
LO (34):  4585 4636 4643 4734 4766 4768 4800 4883 4887 4999 5159 5361 5658 5758 5760 6017 6041 6048 6661 7424 7904 7909 8304 11149 11150 11265 11268 11273 11468 11524 12073 12597 16726 17762
LI (53):  3 7 11 16 17 20 27 31 35 44 64 891 998 1573 1692 2028 3110 3881 4640 4641 4733 4767 4802 4872 4877 4879 4996 5000 5617 5618 5619 5642 5645 5647 5650 5656 5657 5748 6040 7383 7422 7903 7907 11043 11090 11093 11096 11098 11100 11102 11113 11148 11258
NODE_NUM = 99
FILE square_sub_86.aig

# Subcircuit 87
SUB_ID 87
LO (19):  4825 4866 4950 4955 5180 12258 12266 12305 12309 12452 12454 12485 12488 12490 12499 12506 12669 12716 12725
LI (35):  35 40 825 3645 4813 4816 4817 4822 4856 4951 5003 12019 12035 12061 12062 12071 12072 12098 12101 12102 12104 12109 12208 12251 12252 12260 12267 12268 12286 12294 12298 12432 12438 12444 12484
NODE_NUM = 100
FILE square_sub_87.aig

# Subcircuit 88
SUB_ID 88
LO (23):  4876 4877 4879 4899 4949 4960 5067 5152 5312 12018 12019 12062 12071 12072 12251 12252 12260 12353 12531 12648 12890 12892 13020
LI (42):  4 13 32 34 42 43 889 1056 1057 1098 2335 2622 4718 4871 4873 4939 4940 4946 11772 11773 11774 11781 11782 11784 11791 11798 11805 11809 12005 12009 12014 12068 12248 12317 12321 12324 12326 12349 12528 12880 12882 12886
NODE_NUM = 98
FILE square_sub_88.aig

# Subcircuit 89
SUB_ID 89
LO (25):  5018 5019 5868 7826 7895 8756 8787 8788 9088 9099 13745 13856 13857 13998 14002 14040 14050 14068 14537 15258 15262 15263 16391 16949 17399
LI (34):  1 5 24 39 43 47 58 5867 7332 7822 8745 8746 8747 8750 8752 8785 8790 13648 13649 13690 13722 13736 13737 13740 13741 13761 13778 13843 13847 13852 13995 13996 15257 15261
NODE_NUM = 100
FILE square_sub_89.aig

# Subcircuit 90
SUB_ID 90
LO (23):  5022 5672 5676 6261 8578 8583 8587 8785 9035 9057 9476 9538 10960 11160 11161 11185 11190 11191 11200 11205 11206 11469 12183
LI (35):  4 21 23 28 47 49 590 5665 5668 5670 7432 8577 8580 8768 8769 8774 8776 9027 9032 9049 9054 10803 10812 10858 10901 10915 10916 10918 10944 11157 11184 11188 11192 11197 11203
NODE_NUM = 96
FILE square_sub_90.aig

# Subcircuit 91
SUB_ID 91
LO (37):  5030 5054 5065 5074 5081 5084 5085 5286 5353 5429 5677 5927 6496 6516 7684 7932 8106 8124 8126 8128 8148 8160 8164 8240 8241 8448 8461 8464 8644 8645 8735 8853 9138 9142 11905 15780 15942
LI (56):  4 6 8 20 21 23 39 40 41 53 378 431 479 586 745 1102 1494 1573 1692 2335 5027 5028 5053 5072 5073 5352 5427 7668 7674 7676 7678 7713 8078 8080 8081 8087 8103 8107 8154 8155 8156 8202 8211 8214 8229 8234 8238 8447 8454 8455 8458 8623 8637 8639 8661 9135
NODE_NUM = 98
FILE square_sub_91.aig

# Subcircuit 92
SUB_ID 92
LO (14):  5124 5193 5195 5223 5226 11517 11771 11772 11809 11813 11875 11998 12009 12014
LI (32):  2 25 47 2115 5121 5218 5220 11289 11293 11379 11381 11382 11407 11410 11418 11419 11421 11449 11451 11500 11501 11502 11508 11513 11519 11530 11531 11547 11549 11553 11578 11758
NODE_NUM = 99
FILE square_sub_92.aig

# Subcircuit 93
SUB_ID 93
LO (15):  5218 5219 5220 5665 8279 11758 11805 12005 12020 12021 12022 12023 12038 12041 12058
LI (28):  1 3 25 46 48 197 590 2305 11641 11658 11660 11661 11706 11716 11726 11730 11731 11733 11739 11813 11820 11867 11957 11970 11989 11991 11998 12037
NODE_NUM = 81
FILE square_sub_93.aig

# Subcircuit 94
SUB_ID 94
LO (20):  5227 5247 5252 5261 5679 7728 7731 8070 8071 8072 8234 12747 12749 12750 12855 12879 12897 13127 13129 13159
LI (36):  13 33 44 46 996 1102 1490 1492 2088 2332 2622 2776 5251 7717 7718 8059 8065 8066 12503 12666 12668 12669 12681 12688 12689 12691 12711 12716 12725 12730 12744 12830 12831 12845 12865 12875
NODE_NUM = 92
FILE square_sub_94.aig

# Subcircuit 95
SUB_ID 95
LO (29):  5262 5263 5460 5722 5803 5804 5897 6137 6918 7234 7373 7376 7643 7713 7717 7865 8278 8488 8715 8718 9083 9110 9114 9293 9424 9466 9574 9723 9828
LI (50):  5 12 15 19 20 44 45 46 210 228 338 378 745 748 1098 1102 1153 5448 5450 5452 5567 5721 5910 6912 6914 6916 7370 7432 7639 7640 7706 7708 8276 8700 8702 8703 8711 8864 9076 9100 9104 9107 9286 9290 9381 9408 9417 9418 9421 9460
NODE_NUM = 98
FILE square_sub_95.aig

# Subcircuit 96
SUB_ID 96
LO (23):  5297 5321 5344 8020 8024 8344 8406 9460 9595 9837 10092 10130 10185 10216 10255 10685 13722 14031 14042 14043 14051 14192 16920
LI (41):  6 7 23 37 42 59 748 1692 3353 5296 7977 8009 8017 9421 9440 9445 9446 9449 9451 9586 9596 9827 9828 9829 10077 10084 10085 10103 10127 10209 10212 13454 13703 13704 13708 13709 13713 14023 14025 14028 14040
NODE_NUM = 100
FILE square_sub_96.aig

# Subcircuit 97
SUB_ID 97
LO (28):  5392 5399 5411 5620 7599 7617 7620 8211 8214 8576 8652 8746 8813 9049 11352 11578 11773 11791 13403 13537 13600 13943 15834 15837 15841 15956 17418 17577
LI (41):  7 8 29 42 43 51 54 64 745 3353 5387 5389 7591 7593 7594 7595 7616 8204 8209 8297 8313 8497 8565 8566 8567 8568 8810 11342 11560 11566 11568 11569 13321 13328 13330 13332 13351 13400 15830 15833 15835
NODE_NUM = 97
FILE square_sub_97.aig

# Subcircuit 98
SUB_ID 98
LO (30):  5426 5427 5431 5462 5696 5701 5704 6036 6234 8154 8156 8943 8947 9531 9534 9679 9780 9930 9931 9992 10077 10084 10085 10169 10170 10209 10212 10274 10278 10611
LI (49):  10 23 25 27 28 38 40 41 474 1077 1182 1718 2028 2115 2305 2776 5695 5698 6032 6033 8152 8936 8938 9359 9375 9507 9508 9510 9530 9659 9662 9669 9671 9673 9773 9777 9927 9972 9975 9976 9978 9985 10082 10166 10198 10199 10208 10268 10270
NODE_NUM = 100
FILE square_sub_98.aig

# Subcircuit 99
SUB_ID 99
LO (12):  5448 5450 12976 13117 13205 13207 13208 13274 13276 13289 13305 13410
LI (28):  6 16 34 44 1056 12749 12750 12901 12902 12903 12904 12905 12906 12918 12921 12922 12944 12949 13055 13056 13065 13097 13103 13105 13106 13189 13191 13273
NODE_NUM = 100
FILE square_sub_99.aig

# Subcircuit 100
SUB_ID 100
LO (18):  5452 8520 8768 13189 13191 13272 13273 13287 13296 13428 13429 13430 13524 13526 13628 13644 16303 17658
LI (32):  17 34 45 62 996 8285 8493 8494 8497 8517 13126 13127 13128 13129 13155 13158 13159 13161 13163 13174 13207 13208 13210 13258 13269 13276 13282 13285 13289 13414 13416 13523
NODE_NUM = 98
FILE square_sub_100.aig

# Subcircuit 101
SUB_ID 101
LO (36):  5470 5478 5487 5519 5550 5555 5567 5569 5667 5668 5766 5859 6052 6440 6597 6618 6621 6971 6993 7081 7085 7291 7445 7639 7640 8196 8580 9241 9445 9487 9829 10460 10464 12349 12754 13512
LI (59):  2 3 10 17 22 28 33 47 48 210 219 335 338 378 479 745 889 900 1153 2622 5324 5469 5485 5486 5546 5547 5558 5562 5566 5763 5769 6611 6612 6614 6615 6960 6961 6963 6967 6970 6989 7080 7433 7436 7442 7545 8190 8191 8194 9196 9198 9199 9220 9237 9442 10459 12343 12345 12347
NODE_NUM = 99
FILE square_sub_101.aig

# Subcircuit 102
SUB_ID 102
LO (27):  5557 5558 7920 7924 7925 8864 8902 8903 9015 9381 9586 9730 9777 9949 9972 9975 10082 10127 10157 10158 10324 10328 10399 10405 12322 17211 17301
LI (42):  10 19 21 46 47 57 219 748 889 1102 1153 1494 5949 6980 7919 7923 8857 8859 8861 8880 8895 8900 8907 9335 9337 9338 9361 9377 9389 9528 9687 9723 9746 9882 9945 9951 9952 9971 10109 10115 10318 10319
NODE_NUM = 100
FILE square_sub_102.aig

# Subcircuit 103
SUB_ID 103
LO (17):  5562 5566 5612 5625 5642 5645 6032 6033 7238 7923 14484 14672 14682 14684 14686 14832 14863
LI (34):  4 12 14 39 46 5385 5386 5389 5561 5624 5631 5632 5633 6030 6455 7922 14280 14364 14366 14367 14368 14413 14414 14429 14436 14437 14440 14456 14481 14639 14641 14651 14653 14665
NODE_NUM = 100
FILE square_sub_103.aig

# Subcircuit 104
SUB_ID 104
LO (13):  5647 13258 13647 13648 13649 13778 13782 13790 13800 13847 13852 13860 16878
LI (29):  24 36 44 56 1057 13215 13217 13219 13236 13241 13254 13255 13429 13430 13529 13530 13543 13544 13560 13596 13601 13605 13607 13609 13618 13628 13632 13644 13787
NODE_NUM = 92
FILE square_sub_104.aig

# Subcircuit 105
SUB_ID 105
LO (25):  5656 5686 5695 5713 5730 7080 7737 11706 11970 11989 11991 12061 12208 12267 12268 12298 12432 12494 12830 12831 13065 13097 13404 13407 13409
LI (44):  15 31 36 42 479 1102 3811 4139 5684 5685 5711 5712 7735 11674 11678 11684 11702 11963 11967 11978 11979 11988 12020 12021 12022 12023 12038 12041 12058 12201 12204 12258 12763 12770 12772 12774 12790 12795 12829 13060 13061 13094 13117 13403
NODE_NUM = 97
FILE square_sub_105.aig

# Subcircuit 106
SUB_ID 106
LO (30):  5739 5779 5786 5787 5845 5849 5850 6925 7358 9220 9302 9375 9377 9623 9624 10025 10027 10487 10756 10760 11184 11382 11449 11451 13049 13055 13056 13210 13268 13269
LI (48):  13 18 20 28 49 51 197 590 821 2028 5403 5488 5737 5738 5770 5771 5772 7383 9208 9210 9217 9298 9299 9366 9369 9374 9621 10020 10021 10440 10444 10465 10467 10483 10758 11167 11173 11174 11185 11447 13022 13023 13038 13039 13041 13048 13264 13266
NODE_NUM = 100
FILE square_sub_106.aig

# Subcircuit 107
SUB_ID 107
LO (13):  5857 13523 13843 13995 13996 14074 14076 14077 14186 14189 14222 14226 14310
LI (26):  34 47 13476 13501 13504 13511 13512 13514 13524 13782 13800 13815 13824 13825 13857 13956 13959 13969 13994 14063 14068 14079 14080 14177 14219 14220
NODE_NUM = 84
FILE square_sub_107.aig

# Subcircuit 108
SUB_ID 108
LO (41):  5876 5878 5885 5893 5907 5917 5925 6514 6521 7254 7256 7987 8450 8703 9237 9298 9299 9389 9408 9773 9985 10459 10475 11039 11043 11359 11363 11568 11569 11674 11782 13236 13607 13609 13737 13940 13942 14339 14536 16031 16727
LI (47):  8 10 13 21 24 27 29 30 31 38 41 42 43 44 56 721 1490 1494 2332 2622 2863 3647 4139 5884 6520 7065 8204 9142 9225 9229 9231 9382 9404 9424 9983 11036 11302 11356 11670 11673 13226 13227 13229 13233 13606 13936 13939
NODE_NUM = 97
FILE square_sub_108.aig

# Subcircuit 109
SUB_ID 109
LO (13):  5932 5944 14878 15057 15058 15074 15078 15079 15104 15105 15106 15234 15379
LI (28):  6 11 41 46 14684 14685 14686 14736 14739 14765 14768 14775 14777 14779 14828 14832 14869 14879 14880 14885 14907 15001 15010 15034 15036 15071 15080 15103
NODE_NUM = 95
FILE square_sub_109.aig

# Subcircuit 110
SUB_ID 110
LO (15):  5948 13690 14025 14177 14364 14639 14641 14665 14685 14719 14736 14739 14844 14860 14862
LI (34):  36 46 48 1056 5898 13662 13669 13671 13687 14122 14131 14132 14140 14155 14158 14159 14160 14162 14167 14282 14298 14359 14361 14583 14589 14591 14630 14631 14672 14714 14715 14735 14845 14859
NODE_NUM = 94
FILE square_sub_110.aig

# Subcircuit 111
SUB_ID 111
LO (36):  5949 5972 6028 6030 6085 6086 6292 6293 6395 6892 7075 7593 7822 8065 8066 8861 8932 8935 9906 10208 11883 11952 11954 12226 12345 12585 13048 13330 13392 14011 14545 14549 15302 15544 16415 16520
LI (43):  2 6 17 23 29 30 33 41 46 47 50 57 1468 1919 2305 2332 5621 5959 5965 5969 6084 6285 6286 6290 8063 8855 8904 8915 8918 8931 9873 9886 9892 9898 11877 11897 11913 11951 13047 14538 14539 14540 14541
NODE_NUM = 98
FILE square_sub_111.aig

# Subcircuit 112
SUB_ID 112
LO (24):  6106 6109 6112 6118 6138 7706 10064 10166 10228 10601 10753 10786 11167 11419 13321 14569 14583 14714 14715 14731 14732 14845 14880 17222
LI (45):  9 14 22 31 45 58 893 1367 1919 2335 3110 3645 6095 6098 6099 6103 6104 7705 10000 10033 10035 10037 10044 10059 10061 10161 10169 10586 10590 10594 10781 10783 13308 13317 13320 13980 14160 14535 14562 14565 14568 14609 14699 14713 14729
NODE_NUM = 100
FILE square_sub_112.aig

# Subcircuit 113
SUB_ID 113
LO (27):  6147 6155 6170 6187 6190 8202 10858 11232 11249 11294 11500 11501 11502 11508 11547 12560 12570 12638 12639 12659 12665 12666 12824 12827 12829 12838 17917
LI (43):  2 11 12 18 19 27 42 51 59 474 4090 4867 6169 7065 10814 10821 10824 10838 10854 11164 11190 11191 11200 11206 11212 11223 11234 11466 11491 11496 12544 12557 12559 12562 12569 12589 12637 12657 12658 12814 12816 12818 12820
NODE_NUM = 98
FILE square_sub_113.aig

# Subcircuit 114
SUB_ID 114
LO (50):  6195 6251 6253 6255 6260 6264 6381 6388 6390 6643 6962 6963 6967 6970 7276 7343 7345 7357 7477 7479 7594 7595 7700 7907 7994 8087 8132 8221 8280 8508 8577 8871 8874 8878 9195 9210 10285 10860 11854 13507 13691 13887 13977 14003 14103 14981 15157 15290 15467 16686
LI (39):  3 16 17 20 34 40 43 48 49 50 51 210 219 246 338 378 479 586 590 721 748 1490 3811 6257 6379 6961 6966 7257 7260 7263 7342 7476 7614 7631 7691 7992 8219 8507 8872
NODE_NUM = 98
FILE square_sub_114.aig

# Subcircuit 115
SUB_ID 115
LO (21):  6345 6346 6379 6436 13956 13959 14279 14280 14282 14356 14359 14361 14365 14367 14413 14414 14481 14535 14624 14653 14729
LI (42):  4 5 7 36 47 49 50 213 794 13860 13903 13904 13917 13918 13919 13921 13927 13948 14076 14077 14186 14189 14226 14232 14234 14235 14263 14310 14311 14316 14355 14390 14393 14400 14401 14404 14411 14515 14518 14525 14527 14529
NODE_NUM = 100
FILE square_sub_115.aig

# Subcircuit 116
SUB_ID 116
LO (29):  6438 6441 6449 6455 7433 7442 7691 9076 9359 9361 10697 10745 10781 10783 10801 10803 10812 10978 11050 11062 11113 11223 11245 14167 16147 16150 16940 17529 18056
LI (50):  6 11 37 43 47 48 54 58 586 5315 5409 6113 7432 7689 9070 9071 9074 9348 9349 9350 9358 10535 10550 10607 10652 10653 10654 10655 10656 10664 10669 10670 10675 10679 10687 10688 10699 10717 10721 10742 10746 10780 10807 10808 10969 10975 16134 16137 16141 16144
NODE_NUM = 98
FILE square_sub_116.aig

# Subcircuit 117
SUB_ID 117
LO (18):  6466 6485 6487 6498 7263 8281 8895 9009 9274 9290 16220 16228 16243 16361 16367 16476 16501 16509
LI (34):  8 14 46 49 1494 1919 2622 3591 3811 6486 7262 8878 8886 8985 8989 9005 16078 16079 16119 16120 16121 16164 16165 16173 16176 16189 16202 16216 16242 16328 16329 16330 16336 16346
NODE_NUM = 96
FILE square_sub_117.aig

# Subcircuit 118
SUB_ID 118
LO (38):  6538 6548 6561 6564 6565 6566 6950 6952 6960 7165 7166 7188 7189 7453 7454 8009 8013 8209 8494 8567 8568 8711 9189 9349 9366 9368 9374 9482 9621 9816 9818 9827 9882 9886 10109 10351 11021 15830
LI (46):  3 4 10 13 14 19 41 51 52 53 54 210 219 246 338 378 479 586 721 748 818 6224 6281 6303 6309 6339 6373 6947 6954 6987 8004 8207 8276 8710 9110 9125 9176 9179 9186 9793 9807 9808 9809 9817 9875 9880
NODE_NUM = 100
FILE square_sub_118.aig

# Subcircuit 119
SUB_ID 119
LO (24):  6582 6584 6592 6610 6614 6961 7355 7356 9071 9335 9659 9662 10061 10115 10415 10609 10679 17701 17702 17778 17780 17788 17804 17855
LI (45):  5 7 8 18 47 48 50 59 1102 1490 1492 3828 4045 4201 6573 6574 6578 7354 9333 9633 9634 9638 9658 10055 10056 10059 10111 10112 10403 10405 10409 10608 17619 17621 17622 17650 17667 17674 17676 17678 17693 17698 17768 17769 17774
NODE_NUM = 93
FILE square_sub_119.aig

# Subcircuit 120
SUB_ID 120
LO (29):  6624 6629 6664 6666 6674 6676 6691 6813 6834 7127 7548 7551 9669 9673 10111 10112 11356 11678 12921 12922 13936 14777 16793 16854 16861 16906 16907 16910 16915
LI (43):  2 10 24 42 45 54 474 748 1692 1919 2233 2622 2776 2863 4735 5409 6622 6628 6690 6916 7119 7547 9175 9663 9664 9803 11354 11676 12919 16660 16661 16724 16725 16752 16755 16762 16765 16772 16781 16846 16851 16904 16905
NODE_NUM = 91
FILE square_sub_120.aig

# Subcircuit 121
SUB_ID 121
LO (30):  6818 6824 6832 6896 7689 7992 9333 9798 9803 9807 11019 11148 11282 11302 11340 11447 11474 11475 11530 11531 11553 11661 11820 12135 12141 12145 12940 13130 15117 15348
LI (44):  10 15 16 21 22 23 34 49 50 55 56 1492 1516 1690 1904 2622 2924 9350 9796 9797 9800 11000 11003 11007 11028 11133 11135 11137 11139 11256 11273 11274 11277 11278 11295 11298 11300 11319 11336 11440 11472 11524 11528 12139
NODE_NUM = 99
FILE square_sub_121.aig

# Subcircuit 122
SUB_ID 122
LO (15):  6898 6906 6923 6924 15001 15071 15103 15411 15412 15535 15536 15537 15541 15542 15583
LI (30):  39 49 586 719 1334 4645 5020 14911 14937 14940 14941 14942 14995 15060 15065 15074 15085 15087 15088 15097 15241 15288 15311 15314 15325 15371 15397 15399 15408 15539
NODE_NUM = 88
FILE square_sub_122.aig

# Subcircuit 123
SUB_ID 123
LO (21):  6927 6947 6966 8004 8565 8566 16659 16660 16661 16724 16816 16843 16846 16904 16905 16911 16912 16913 16919 16976 16999
LI (35):  5 9 47 51 53 1098 4615 6253 8002 8564 16518 16543 16546 16553 16556 16563 16573 16645 16650 16655 16668 16670 16717 16806 16807 16808 16809 16815 16829 16842 16865 16892 16906 16907 16910
NODE_NUM = 97
FILE square_sub_123.aig

# Subcircuit 124
SUB_ID 124
LO (25):  6989 7005 7006 7077 7119 7476 7784 9796 9797 11867 12248 12484 12541 12640 14219 14220 14298 14368 14411 14591 16892 17005 17007 17009 17027
LI (44):  2 11 29 45 55 893 4784 5409 6984 6987 7002 7003 7469 7473 9795 11836 11843 11844 11847 11863 12216 12217 12222 12245 12473 12474 12485 14194 14197 14198 14199 14200 14201 14207 14215 14294 14295 16694 16876 16877 16878 16882 16999 17002
NODE_NUM = 98
FILE square_sub_124.aig

# Subcircuit 125
SUB_ID 125
LO (25):  7151 7153 7186 7545 7547 7955 9164 11897 12245 12473 12474 12637 12711 12814 12880 13060 13061 14937 14940 15421 15437 15440 16953 17544 17637
LI (43):  5 6 22 36 42 49 51 52 55 1153 3645 5032 7142 7143 7147 7536 7539 7541 11861 11889 11891 12226 12227 12239 12465 12470 12633 12638 12698 12699 12700 12708 12811 12827 12862 14923 14930 14931 14934 15414 15417 15419 15436
NODE_NUM = 97
FILE square_sub_125.aig

# Subcircuit 126
SUB_ID 126
LO (24):  7206 7209 7216 7218 7257 7260 7262 7332 7342 7417 7762 9121 9125 9418 9945 10005 10664 14207 17396 17397 17483 17492 17497 17507
LI (42):  2 9 11 21 28 36 48 56 1573 1692 1718 1904 2028 2863 2924 3811 4201 7202 7203 7241 7242 7243 7254 7256 9115 9117 10662 14201 17282 17283 17293 17300 17301 17304 17322 17350 17351 17380 17381 17392 17480 17486
NODE_NUM = 91
FILE square_sub_126.aig

# Subcircuit 127
SUB_ID 127
LO (19):  7370 7374 7388 14562 14565 15311 15314 15586 15612 15613 15739 15747 15752 15874 15876 15877 15884 15977 16022
LI (37):  13 41 45 49 586 818 1514 4735 4739 5714 7387 14549 14556 14559 15300 15303 15304 15412 15413 15457 15494 15496 15497 15529 15571 15572 15573 15583 15602 15606 15677 15690 15695 15731 15817 15825 15870
NODE_NUM = 100
FILE square_sub_127.aig

# Subcircuit 128
SUB_ID 128
LO (27):  7387 7393 7410 7413 7415 9682 9687 9691 10392 10614 10643 10683 10717 10807 10808 11730 14527 14541 15989 16001 16002 16088 16090 16092 16106 16231 16731
LI (45):  9 11 16 21 27 37 39 42 49 57 889 1514 1718 1919 2464 2863 4201 4424 4645 5409 6643 7406 7408 10313 10328 10331 10334 10337 10389 10611 10617 10624 10637 11718 11726 11729 15955 15982 15985 15987 15988 16039 16080 16085 16103
NODE_NUM = 99
FILE square_sub_128.aig

# Subcircuit 129
SUB_ID 129
LO (34):  7432 7436 7460 7464 7468 7469 7961 8880 9107 9336 9337 10000 10004 11295 12201 12204 12294 12599 12602 12603 12604 12763 13022 13023 13266 13285 13543 13544 13815 13969 14160 14437 17192 17400
LI (47):  15 20 30 37 38 46 47 48 55 57 197 246 1702 6132 6148 7458 7959 8875 8876 8878 9993 12134 12142 12143 12145 12164 12200 12594 12598 12600 12752 12759 12762 12980 12981 12984 12986 13003 13015 13020 13049 13287 13533 13537 13541 13810 13811
NODE_NUM = 96
FILE square_sub_129.aig

# Subcircuit 130
SUB_ID 130
LO (18):  7470 8915 8918 9005 9309 9492 9495 9863 18513 18549 18584 18613 18631 18650 18661 18670 18676 18677
LI (33):  1 57 62 64 8696 8908 8910 8911 8929 8987 13312 18470 18471 18478 18481 18486 18487 18501 18504 18520 18532 18576 18605 18606 18625 18626 18642 18643 18655 18656 18664 18666 18671
NODE_NUM = 100
FILE square_sub_130.aig

# Subcircuit 131
SUB_ID 131
LO (34):  7496 7497 7536 7539 7591 8152 9888 9892 9897 9898 9983 10508 10511 10742 11133 11197 11274 11336 11716 11951 12216 12217 12326 12816 13328 13332 13560 13787 13903 13904 14008 14013 15156 15436
LI (47):  9 19 22 28 39 50 52 891 1332 1492 2028 2489 7493 7494 7590 9887 9890 9896 10489 10490 10507 10557 10725 10730 10735 10739 11129 11324 11326 11333 11707 11712 11930 11943 12214 12325 13317 13322 13324 13394 13784 13790 13900 14003 14005 15432 15434
NODE_NUM = 99
FILE square_sub_131.aig

# Subcircuit 132
SUB_ID 132
LO (33):  7590 7614 7616 7621 7659 7676 7705 8155 9350 9508 10507 10780 11000 11003 11174 11256 11258 11718 12102 12366 12980 14333 14609 14630 14631 14859 14907 15010 15080 15168 15172 15173 17191
LI (54):  5 12 17 22 32 37 39 42 47 54 56 1367 1490 1573 2464 3811 3828 4187 4615 4645 7604 7611 7612 7657 8260 10481 10498 10499 10504 10569 10987 10988 10989 10996 11251 11252 12362 12365 12560 12978 14603 14605 14614 14615 14620 14624 14628 14850 14851 14860 14902 14904 15167 15171
NODE_NUM = 100
FILE square_sub_132.aig

# Subcircuit 133
SUB_ID 133
LO (30):  7707 7708 7919 8171 8175 8637 8639 8769 9664 10319 11090 11093 11096 11319 11843 11847 12068 12427 12518 13400 13605 13618 13669 13671 13784 14023 14263 14355 14628 14770
LI (50):  24 27 35 37 45 47 590 818 1547 1718 2776 4045 4090 4645 5555 7918 8165 8167 8626 8627 8636 11079 11080 11082 11089 11313 11315 11317 11784 11832 11837 11839 12420 12423 13367 13368 13370 13371 13373 13396 13614 13615 13663 13665 14015 14016 14251 14260 14352 14356
NODE_NUM = 100
FILE square_sub_133.aig

# Subcircuit 134
SUB_ID 134
LO (21):  7735 11658 11660 11798 11967 14086 14131 14132 14294 14295 14316 15690 17280 17282 17350 17351 17362 17365 17367 17368 17392
LI (35):  21 40 52 63 1477 6197 6565 11585 11597 11604 11605 11608 11625 11652 11654 14084 14085 14088 14106 14108 14124 14129 15683 15689 17161 17162 17163 17164 17174 17229 17238 17239 17271 17347 17361
NODE_NUM = 97
FILE square_sub_134.aig

# Subcircuit 135
SUB_ID 135
LO (22):  7743 7903 8600 8604 8872 9196 9198 9993 10297 10654 10669 10670 16815 17322 17503 17594 17603 17617 17619 17621 17698 17741
LI (37):  7 12 48 49 52 55 56 816 5849 7742 8260 8599 8869 8871 9195 9949 10287 10288 10294 10358 10906 17304 17311 17313 17319 17397 17398 17437 17438 17464 17492 17497 17570 17572 17582 17587 17614
NODE_NUM = 100
FILE square_sub_135.aig

# Subcircuit 136
SUB_ID 136
LO (21):  7905 7915 7918 7922 8276 11418 11421 11566 11963 15494 15602 15654 15817 15882 15923 16052 16077 16078 16079 16216 17210
LI (38):  11 13 44 47 48 59 745 5714 7707 7912 7913 11317 11391 11411 11412 11413 15421 15463 15466 15467 15470 15471 15491 15596 15650 15652 15792 15807 15812 15874 15876 15877 16011 16021 16022 16051 16068 16073
NODE_NUM = 100
FILE square_sub_136.aig

# Subcircuit 137
SUB_ID 137
LO (33):  7958 7959 7965 8258 8411 8447 8632 8633 8747 8840 8904 8908 9010 9027 9065 9070 9074 10662 11129 11384 11472 11549 13038 13254 13255 13264 13308 13596 13810 13811 13871 13876 13880
LI (44):  3 4 12 20 57 59 60 197 210 246 818 1492 1547 8039 8061 8194 8245 8249 8436 8437 8440 8515 8605 8822 8828 8907 9062 9064 11075 11117 11119 11126 11474 12774 13024 13026 13032 13137 13248 13252 13589 13592 13807 13874
NODE_NUM = 99
FILE square_sub_137.aig

# Subcircuit 138
SUB_ID 138
LO (47):  7969 7973 7977 7979 7985 8002 8017 8031 8061 8063 8439 8440 8562 8750 8774 8776 8810 8818 8907 9062 9063 9064 9633 9638 10198 10331 10334 10553 10556 10821 10824 13478 13709 14418 14425 14426 14427 15187 15288 15441 15539 16136 16386 16519 18001 18088 18172
LI (60):  2 6 8 10 22 38 52 54 58 59 60 210 219 228 300 338 721 848 1077 1494 1919 2115 2233 3110 3303 3442 3811 3828 4615 4645 5860 7970 7974 7976 7984 8530 8533 8554 8559 8773 10192 10194 10196 10303 10313 10316 10330 10527 10535 10538 10552 10818 10819 14417 14423 15268 15271 15278 15280 15282
NODE_NUM = 100
FILE square_sub_138.aig

# Subcircuit 139
SUB_ID 139
LO (24):  8122 8165 8167 8172 8182 8399 8481 8822 8828 9054 10901 11192 11440 11652 11654 11774 15792 16021 16121 16328 16329 16464 16465 16746
LI (46):  25 33 36 37 39 60 1692 1904 3353 3828 7860 8113 8118 8458 8461 8464 8465 8466 8474 8552 10868 10875 10876 10879 10897 11404 11428 11429 11430 11437 11643 11651 15760 15767 15770 15785 15788 16014 16018 16187 16294 16302 16303 16306 16324 16460
NODE_NUM = 97
FILE square_sub_139.aig

# Subcircuit 140
SUB_ID 140
LO (26):  8185 8191 8207 8219 13900 14124 14251 14699 14923 15097 15397 15399 15413 15529 15606 16293 16294 16404 16460 16585 16924 17285 17794 17797 17803 17988
LI (42):  1 24 27 37 45 51 59 60 64 1477 1516 8206 11413 12325 13869 13877 13880 13896 14119 14122 14694 14695 14697 14913 14915 15093 15094 15378 15379 15380 15383 15387 15513 15522 16250 16252 16254 16272 16286 16291 16382 16396
NODE_NUM = 99
FILE square_sub_140.aig

# Subcircuit 141
SUB_ID 141
LO (16):  8229 8245 12559 17229 17238 17239 17380 17381 17398 17486 17792 17881 17954 17967 17968 18013
LI (38):  3 10 11 50 58 4599 5264 8223 8227 8228 8701 10443 17216 17219 17224 17228 17236 17362 17365 17374 17375 17523 17702 17703 17721 17728 17731 17744 17749 17778 17780 17788 17858 17862 17863 17888 17924 17952
NODE_NUM = 100
FILE square_sub_141.aig

# Subcircuit 142
SUB_ID 142
LO (35):  8248 8249 8437 9228 9229 9417 9421 9951 10655 10897 11117 11173 11298 11483 11651 11721 11726 11729 12935 13024 13589 13592 13736 13807 13994 14063 14079 14080 14129 14194 14197 14215 15623 15624 15625
LI (51):  8 15 24 56 57 58 210 219 338 378 479 721 748 893 1494 1692 4201 9410 9413 10836 10886 10887 10891 10894 10942 11475 11476 11720 11722 13576 13578 13581 13582 13725 13726 13728 13803 13804 13987 13990 13998 14002 14042 14043 14045 14046 14053 14054 14192 15617 15621
NODE_NUM = 99
FILE square_sub_142.aig

# Subcircuit 143
SUB_ID 143
LO (24):  8259 8297 8303 8307 8436 8657 10313 10316 10918 11411 11781 11784 12420 12423 12646 12882 14941 17160 17161 17162 17250 17253 17263 17264
LI (43):  4 10 14 24 30 44 46 47 58 228 1098 2622 5020 7664 8289 8290 8316 8435 9185 10305 10306 10310 11775 11776 12284 12347 12406 12408 12409 12416 14333 17049 17096 17097 17099 17110 17115 17119 17134 17139 17156 17249 17261
NODE_NUM = 95
FILE square_sub_143.aig

# Subcircuit 144
SUB_ID 144
LO (37):  8435 8455 8465 8466 8474 8486 8487 9412 9413 9671 10358 10389 10569 10575 10675 10721 10915 11089 12164 12325 12782 12790 13032 13094 13248 13252 13576 13803 13804 14380 14384 15319 16809 16882 17830 17934 18402
LI (51):  5 16 17 19 22 26 36 40 45 49 52 53 57 64 848 1687 2305 2464 3353 4645 5426 8473 10351 10354 10356 10373 10385 10553 10556 10561 10563 10656 10902 10911 10914 11087 12158 12159 12162 12781 12784 13077 13082 13087 13091 13440 13565 13568 13570 14379 14383
NODE_NUM = 99
FILE square_sub_144.aig

# Subcircuit 145
SUB_ID 145
LO (17):  8507 8515 8517 16517 16518 16573 16645 16650 16655 16717 16772 16781 16842 16865 16970 17040 17049
LI (36):  11 40 46 51 57 650 816 8503 8508 8514 16404 16410 16413 16414 16415 16438 16440 16445 16469 16471 16503 16504 16509 16514 16578 16585 16642 16697 16700 16713 16714 16838 16843 16861 16967 17036
NODE_NUM = 98
FILE square_sub_145.aig

# Subcircuit 146
SUB_ID 146
LO (12):  8514 8528 8530 8533 18046 18122 18193 18256 18314 18371 18372 18421
LI (30):  1 12 50 61 8345 8355 8365 8513 17902 17968 17978 17979 17986 17988 17990 18007 18031 18033 18040 18075 18099 18105 18139 18180 18246 18309 18310 18363 18364 18418
NODE_NUM = 100
FILE square_sub_146.aig

# Subcircuit 147
SUB_ID 147
LO (37):  8552 8554 8585 8596 8599 8636 8675 8685 8686 8696 8700 8702 8722 8745 8773 9100 9156 9158 10514 11098 12227 13357 13980 13987 13990 14260 14352 14620 14820 15137 15257 16123 16642 16713 16714 16725 17335
LI (59):  2 8 9 14 20 28 32 34 42 43 48 54 55 61 335 378 1702 2233 2776 2924 3353 4018 5959 7402 7662 7664 8227 8431 8432 8543 8546 8621 8632 8633 8665 8666 8667 8668 8671 8694 8701 9153 9154 10512 13975 13978 13979 14255 14257 14345 14348 16608 16610 16615 16618 16625 16638 16639 16710
NODE_NUM = 98
FILE square_sub_147.aig

# Subcircuit 148
SUB_ID 148
LO (41):  8855 8857 8859 8869 8875 8876 8886 8900 8909 8910 9199 9440 9442 9716 9873 9896 10199 10527 10814 11075 11079 11126 11391 11407 11410 11643 11836 11919 12074 12281 12594 12978 16694 16697 16700 17438 17916 17969 18140 18202 18528
LI (55):  3 5 9 10 11 12 13 15 16 41 47 50 51 52 58 60 62 64 197 246 376 650 1077 1857 2863 8409 8414 8874 8885 9429 9432 9437 9439 9709 9710 9864 9869 9895 11067 11070 11072 11125 11385 11386 11388 11406 11637 11641 11824 11832 11835 16685 16686 16688 16690
NODE_NUM = 100
FILE square_sub_148.aig

# Subcircuit 149
SUB_ID 149
LO (36):  8911 8929 8931 8936 8938 8977 8987 8989 9104 9115 9117 9338 9528 9530 9697 9701 9971 10161 10267 10586 10637 10735 10828 11036 11428 11913 13003 13155 13158 13282 13533 13606 14515 14518 15243 16662
LI (59):  2 6 7 19 24 28 37 43 55 56 62 1494 1904 2332 2335 2489 3353 3645 4018 4201 5296 5409 6467 6980 8920 8921 8925 8937 8972 8974 9521 9527 9692 9693 9962 9968 10157 10158 10256 10263 10266 10371 10383 11034 11905 11909 11911 12995 12997 13000 13013 13141 13148 13150 13152 14490 14498 14501 14514
NODE_NUM = 98
FILE square_sub_149.aig

# Subcircuit 150
SUB_ID 150
LO (24):  9135 9139 9154 9159 10548 13725 14140 14155 14158 14788 14828 14885 15034 15036 15085 15240 15241 15378 15380 15383 15408 16951 16955 18153
LI (43):  1 24 25 27 40 44 57 63 1919 2115 3803 4139 5020 9150 9153 9156 9158 13724 14133 14136 14138 14154 14719 14807 14824 15016 15018 15021 15026 15030 15058 15078 15079 15104 15105 15106 15183 15184 15197 15215 15234 16949 16954
NODE_NUM = 100
FILE square_sub_150.aig

# Subcircuit 151
SUB_ID 151
LO (30):  9150 9152 9153 9746 9748 12569 13312 13317 13320 14417 15268 15271 15496 15497 16324 16469 16471 16563 16625 17014 17036 17091 17094 17096 17097 17139 17164 18087 18561 18565
LI (42):  3 19 27 38 51 58 61 63 197 246 2776 3591 6381 9735 9738 9745 11615 12568 13311 13314 14416 15245 15246 15248 15267 15282 16270 16306 16312 16317 16321 16453 16464 16465 16957 16976 17012 17013 17027 17073 17083 17084
NODE_NUM = 100
FILE square_sub_151.aig

# Subcircuit 152
SUB_ID 152
LO (37):  9163 9175 9176 9179 9186 9208 9217 9225 9267 9348 10886 10887 11125 11385 11406 11943 12239 12324 12465 12598 13394 13396 14807 14902 14904 15060 16967 17073 17082 17083 17163 17228 17319 17659 18007 18203 18444
LI (63):  7 11 13 14 18 26 37 46 48 50 53 54 57 61 745 1846 1857 2464 3645 5296 6255 6950 6980 7732 8970 8971 8974 9185 9216 11384 11401 11402 11404 11911 11926 11932 11935 11937 12322 12597 13384 13387 13393 14795 14796 14804 14891 14892 14901 16932 16939 16940 16942 16959 16964 16970 17069 17079 17094 17222 18002 18003 18005
NODE_NUM = 100
FILE square_sub_152.aig

# Subcircuit 153
SUB_ID 153
LO (38):  9358 9369 9382 9402 9404 9410 9428 9429 9431 9432 9735 10055 10056 10059 10192 10196 10535 10538 10624 10725 10730 10739 11070 11072 11386 11388 11637 11641 12284 12286 12557 12809 12811 12837 13087 15764 18003 18614
LI (52):  6 7 8 9 12 15 16 50 53 58 60 61 62 210 219 335 338 378 431 479 721 889 893 1098 1845 3811 7383 9357 9368 9394 9409 10048 10050 10186 10187 10263 10278 10530 10531 11630 11632 12274 12275 12283 12546 12547 12549 12551 12570 12691 12800 12808
NODE_NUM = 100
FILE square_sub_153.aig

# Subcircuit 154
SUB_ID 154
LO (35):  9437 9446 9449 9507 9510 9521 9527 9634 10270 10465 10467 12408 12416 12995 12997 13470 13473 13476 13917 14201 14741 15245 15957 16876 17012 17069 17099 17110 17236 17271 17283 17361 17374 17375 18141
LI (53):  4 18 22 26 29 36 39 43 52 58 61 1573 1904 2028 2332 3828 4645 5084 5313 9506 9526 10454 10455 10460 10464 12407 12621 12993 13460 13462 13463 13905 13913 13916 15243 16868 16869 16989 16990 17007 17009 17062 17065 17101 17102 17104 17118 17132 17250 17253 17263 17264 17371
NODE_NUM = 99
FILE square_sub_154.aig

# Subcircuit 155
SUB_ID 155
LO (32):  9658 9663 9692 9927 9968 10035 10403 10409 10608 10836 10838 10942 10944 11315 11670 11673 11978 11979 12098 12101 12614 12617 12620 12700 13217 13393 14383 14390 14393 14651 14850 14851
LI (49):  21 22 25 28 30 42 44 45 55 1494 1573 1718 1904 2335 3828 4139 4530 5020 5262 9649 9654 9655 9701 9818 9924 9930 9967 10399 10829 10835 10932 10933 10941 11668 11700 12084 12091 12093 12095 12606 12608 12610 13392 14342 14374 14377 14380 14384 14847
NODE_NUM = 100
FILE square_sub_155.aig

# Subcircuit 156
SUB_ID 156
LO (39):  9693 9699 9709 9737 9738 9745 10020 10021 10263 10266 11588 11597 11926 11930 11988 12214 12406 12528 12621 12633 12845 12862 12865 13174 13344 13349 13653 14448 14490 14740 15700 15862 16405 16597 16678 16679 16680 16984 18651
LI (38):  4 10 13 14 23 30 34 36 37 39 50 62 63 64 219 228 721 748 1098 2028 2596 4615 5032 9708 9744 10261 11608 11623 11920 11924 12130 12614 12617 12620 12837 12838 12857 13342
NODE_NUM = 99
FILE square_sub_156.aig

# Subcircuit 157
SUB_ID 157
LO (29):  9744 9800 9817 9859 9860 9861 9864 9887 9890 9962 12387 12389 16615 16618 16710 16851 16964 16980 17570 17614 17622 17650 17693 17703 17749 17768 17774 17862 17863
LI (54):  5 50 57 61 246 479 889 893 1547 1692 3530 5313 6381 6450 6565 7664 8594 9329 9561 9610 9613 9798 9815 9816 9846 9855 9863 12382 16609 16611 16706 16707 16848 16854 16978 17507 17516 17531 17534 17537 17538 17539 17545 17561 17562 17594 17617 17629 17633 17639 17647 17763 17765 17859
NODE_NUM = 99
FILE square_sub_157.aig

# Subcircuit 158
SUB_ID 158
LO (37):  9976 9978 10007 10011 10033 10048 10498 10871 10941 11429 12104 13137 13141 14514 14694 14697 14726 14733 14735 14764 14901 14995 15065 15093 15094 15183 15184 15188 15371 15446 15451 15513 15762 15986 16315 16739 17284
LI (43):  23 26 27 34 35 44 52 60 61 338 2233 2332 2863 3147 3353 4615 5084 6486 9065 10940 13130 14503 14506 14508 14691 14724 14732 14747 14758 14759 14762 14934 14955 14959 14976 14991 15128 15131 15181 15347 15364 15441 15442
NODE_NUM = 99
FILE square_sub_158.aig

# Subcircuit 159
SUB_ID 159
LO (30):  10049 10050 10187 10531 12275 13501 13504 13708 13824 13975 14119 14122 14691 14959 15457 15596 15731 15767 15770 15825 15893 16014 16051 16080 16085 16291 16752 16755 16834 16835
LI (55):  20 23 32 38 59 61 284 312 764 891 1492 1718 2115 2489 2596 2633 2776 5426 13479 13480 13482 13498 13500 13514 13704 13706 14113 14115 14690 14958 15437 15440 15447 15449 15451 15711 15712 15713 15715 15722 15762 15764 15782 15820 15821 15837 16048 16052 16081 16088 16735 16738 16739 16741 16748
NODE_NUM = 100
FILE square_sub_159.aig

# Subcircuit 160
SUB_ID 160
LO (37):  10186 10194 10256 10261 10268 10287 10288 10294 11251 11252 11631 11632 12382 13913 13916 14234 14235 14423 14503 15181 15347 15387 15522 15667 15668 15722 16039 16048 16081 16128 18280 18282 18605 18606 18625 18626 18664
LI (57):  5 9 19 25 33 51 59 61 63 64 210 300 378 586 958 2335 3591 4615 6163 7664 8909 9065 9394 9785 9863 10285 10286 10984 12380 12782 13880 13908 13910 14420 15138 15139 15140 15159 15161 15177 15195 15515 15519 15664 15713 15718 15721 16033 16043 16044 16127 18591 18594 18599 18600 18604 18623
NODE_NUM = 99
FILE square_sub_160.aig

# Subcircuit 161
SUB_ID 161
LO (34):  10303 10305 10306 10310 10318 10330 10337 10354 10367 10371 10373 10383 10385 12781 13498 13500 13663 13896 14232 14311 14756 14762 16164 16242 16272 16346 16445 16453 16503 16504 16578 16638 16639 16868
LI (59):  15 22 23 25 26 42 43 45 46 53 58 821 1573 1692 2863 3828 4045 5020 5714 6148 7065 7188 7595 8206 10324 10328 10336 10364 10368 10370 10379 13492 13493 13889 13890 13946 14013 14752 14754 15188 16147 16150 16151 16154 16230 16234 16235 16243 16267 16270 16342 16343 16475 16476 16489 16490 16501 16635 16867
NODE_NUM = 100
FILE square_sub_161.aig

# Subcircuit 162
SUB_ID 162
LO (43):  10379 10454 10455 10481 10483 10489 10854 11203 11476 11731 11739 12909 12912 13741 13889 14371 14374 14377 15109 15128 15131 15169 15171 15325 15471 15515 15617 15851 15854 15857 15858 15861 15864 16178 16194 16414 16596 16867 18015 18018 18062 18496 18514
LI (43):  5 6 22 26 30 33 35 36 43 45 47 48 56 57 63 64 1098 2464 5262 5313 5557 6381 10472 10473 10475 10477 10821 10844 10846 10848 11205 11738 12907 12911 13887 15127 15175 15319 15615 15841 15842 15845 15847
NODE_NUM = 100
FILE square_sub_162.aig

# Subcircuit 163
SUB_ID 163
LO (34):  10490 10504 10515 10530 10891 10894 10996 11707 11712 15364 15491 15519 15712 16296 16302 16306 16396 16635 16670 17084 17639 18213 18246 18264 18276 18279 18283 18285 18308 18322 18375 18376 18495 18498
LI (47):  13 14 33 38 51 54 56 59 60 63 64 431 748 3607 4201 4739 5696 6822 7406 7664 7732 9065 15350 15359 15360 15482 15487 16295 16298 16378 16383 16386 16393 16632 17637 18056 18210 18211 18212 18219 18226 18243 18263 18268 18272 18278 18282
NODE_NUM = 100
FILE square_sub_163.aig

# Subcircuit 164
SUB_ID 164
LO (30):  10546 10550 10557 10561 10656 10818 10902 12274 13874 13905 14113 14345 14348 15892 15955 16119 16230 16330 16370 16438 16440 16514 16829 16990 17290 17293 17447 17455 17457 18327
LI (50):  16 21 23 31 38 43 46 53 54 58 62 479 889 1692 1919 2115 4739 5262 5714 6952 9065 10543 11588 13463 13872 14330 14338 14339 14342 15623 15652 15948 15951 16090 16092 16107 16109 16116 16220 16361 16367 16432 16437 16682 16823 17126 17286 17446 17449 17454
NODE_NUM = 93
FILE square_sub_164.aig

# Subcircuit 165
SUB_ID 165
LO (40):  10829 10835 10844 10846 10868 10869 10906 10911 10914 11212 11370 11401 11404 11909 11911 12857 13148 13152 13342 13444 13944 14154 14330 14605 14614 14615 14915 15204 15432 15434 15664 15812 16137 16141 16144 16262 16342 16343 17311 18326
LI (58):  7 15 26 30 37 40 53 54 55 63 335 889 891 1100 1153 1334 1547 2028 2924 3645 3811 4090 6381 6450 7453 8204 9785 10828 10833 10859 10860 10879 10908 10909 10911 11396 11398 11904 11907 13142 13144 13340 13433 13440 13443 14146 14148 14321 14326 14454 15203 15426 15427 15451 15552 16130 16135 16136
NODE_NUM = 97
FILE square_sub_165.aig

# Subcircuit 166
SUB_ID 166
LO (30):  10908 10916 10932 10933 10987 11309 13440 13443 13581 14454 14456 15463 15466 16173 16176 16336 16489 16490 16609 16939 16942 17079 17119 17261 17858 17888 17951 17952 17976 18014
LI (44):  8 25 28 36 38 46 55 56 57 63 893 1919 2305 2464 4530 5020 5557 5714 6923 7662 9412 10984 10986 12610 13438 14449 14450 16171 16331 16333 16486 16928 16933 16934 16987 17118 17806 17815 17832 17834 17848 17855 17939 17942
NODE_NUM = 98
FILE square_sub_166.aig

# Subcircuit 167
SUB_ID 167
LO (35):  10984 10986 10988 10989 11007 11028 11032 11342 11700 11702 12035 12037 13863 13869 14015 14255 14257 14930 14934 15278 15282 15634 15637 15820 15821 15948 15951 16107 16109 16202 16234 16235 16264 16407 16408
LI (55):  20 24 32 34 36 37 40 42 43 48 49 51 54 55 63 889 1102 2596 3147 3353 3530 3645 4184 5409 6952 7662 9795 11005 11020 11021 11026 11028 11031 11693 12028 12034 12597 14009 14011 14013 14927 15275 15628 15629 15707 15934 15938 15944 16095 16096 16106 16197 16200 16231 16262
NODE_NUM = 98
FILE square_sub_167.aig

# Subcircuit 168
SUB_ID 168
LO (41):  11026 11034 11041 11067 11080 11082 11100 11119 11135 11137 11839 11891 11935 12200 12343 12347 12438 12470 12514 12795 12984 12986 13367 13614 13615 13713 15647 15721 15970 16187 16189 16553 16556 16668 16747 16807 16848 16989 17126 17523 17668
LI (59):  10 18 21 23 27 31 40 43 48 49 52 57 59 61 586 1153 1573 1692 1904 2233 3110 3134 4090 5020 5557 5714 6251 6565 6950 8439 11883 12095 12177 12181 12183 12185 12187 12337 12338 12509 12510 12978 12983 13349 13357 13359 13361 15645 16178 16179 16186 16540 16547 16548 16549 16662 16983 16984 16987
NODE_NUM = 100
FILE square_sub_168.aig

# Subcircuit 169
SUB_ID 169
LO (38):  11307 11324 11326 11333 11354 11396 11398 11402 11412 11604 11608 11889 12158 12162 12444 12509 12510 12562 12818 13026 15842 16186 16252 16437 16762 16765 16838 17013 17437 17538 17561 17562 17647 18050 18058 18075 18136 18165
LI (51):  17 20 21 22 23 44 49 51 52 53 55 56 59 748 1098 1102 1490 1494 2233 3442 4090 5262 6381 6565 7453 7662 8216 8439 8486 11598 11599 12080 12145 12155 12506 16756 16757 16834 16835 17406 17410 17414 17419 17433 17455 17934 18048 18051 18057 18067 18072
NODE_NUM = 98
FILE square_sub_169.aig

# Subcircuit 170
SUB_ID 170
LO (31):  11430 11437 11466 11491 11528 11585 11598 11599 11623 11625 11630 11668 11676 11861 11863 14752 15215 15359 15360 15426 15707 15711 16127 17347 17464 17476 17587 17667 17721 17769 17859
LI (58):  28 35 36 39 40 43 53 64 376 1490 1492 2028 2332 2489 3828 4090 4201 4530 4613 4615 4645 5262 6950 6952 9863 11160 11162 11265 11271 11436 11468 11469 11483 11615 11619 11854 11856 11857 15125 15204 15208 15212 15701 15702 15703 17290 17327 17328 17336 17342 17343 17457 17651 17652 17660 17664 17678 17714
NODE_NUM = 100
FILE square_sub_170.aig

# Subcircuit 171
SUB_ID 171
LO (39):  11684 11693 11720 11722 11733 11738 11775 12907 12981 12983 13724 13728 15261 15267 15571 15572 15573 15614 15677 15695 16135 16331 16333 16735 16738 16978 17300 17304 18180 18243 18309 18310 18363 18364 18478 18481 18520 18576 18604
LI (54):  18 27 32 46 55 58 64 889 891 1904 2307 2863 5313 5667 8568 8937 9228 11631 11682 11683 11721 15258 15262 15264 15296 15535 15536 15537 15541 15542 15554 16200 16728 16729 16731 16732 17297 18161 18164 18171 18172 18174 18235 18236 18276 18301 18308 18361 18472 18474 18515 18517 18569 18572
NODE_NUM = 99
FILE square_sub_171.aig

# Subcircuit 172
SUB_ID 172
LO (45):  11776 11824 11832 11835 11837 11856 11877 11904 11907 11920 11924 11932 11957 12028 12143 12177 12181 12222 12808 12911 12918 13102 13103 13371 14200 14969 15615 15703 15713 15760 16540 16543 16546 16608 16706 16707 17128 17576 17676 18211 18591 18594 18623 18642 18643
LI (62):  11 14 15 18 24 25 34 49 50 56 58 59 60 63 64 479 745 821 893 1077 1102 2332 2596 3442 3811 4201 4735 5084 5313 5714 6450 7664 8439 8701 9063 9065 9785 9863 11830 11875 11905 11906 11919 11952 11954 12171 12172 12173 12806 12909 12913 13100 16528 16532 16535 16598 16599 16600 17794 18585 18617 18640
NODE_NUM = 100
FILE square_sub_172.aig

# Subcircuit 173
SUB_ID 173
LO (32):  12034 12080 12084 12091 12095 12109 12130 12134 12139 12142 12155 12380 12409 12681 12875 13091 13565 13703 13918 14108 14401 14416 14450 14804 15689 15701 16877 17539 18205 18207 18334 18338
LI (60):  12 19 24 26 29 33 35 38 42 46 49 50 51 52 63 64 474 1153 1718 2335 2622 3110 3645 4155 4611 4739 5262 5714 7188 7664 9798 9863 12033 12073 12074 12078 12088 12108 12128 12141 12154 12587 12602 12670 13697 13698 13701 14102 14103 14106 14803 15686 15688 15700 18194 18197 18204 18328 18329 18330
NODE_NUM = 97
FILE square_sub_173.aig

# Subcircuit 174
SUB_ID 174
LO (39):  12154 12171 12172 12173 12185 12283 12317 12321 12337 12338 12362 12365 12369 12546 12752 13311 13761 14045 14046 14989 14991 15116 15470 15718 15937 15962 16432 16808 16933 17531 17534 17537 17674 17678 18002 18005 18099 18139 18226
LI (56):  12 16 17 23 31 32 44 47 53 57 58 59 60 64 889 891 1492 1573 2233 2332 2776 3353 3811 3991 4090 4139 5020 5667 6952 7453 7660 8439 8578 9063 12281 12282 12311 12357 12360 13745 13754 14982 16430 17520 17521 17524 17530 17668 17670 17990 17996 17997 18001 18092 18131 18136
NODE_NUM = 99
FILE square_sub_174.aig

# Subcircuit 175
SUB_ID 175
LO (46):  12549 12568 12587 12589 12600 12606 12608 12610 12668 12688 12691 12698 12699 12708 12730 12759 12762 12770 12774 12784 13100 13226 13227 13233 13241 13387 13492 13511 13514 13698 13754 14084 14085 14162 14338 14342 14556 14559 14713 15026 15645 15650 15652 15845 16430 17446
LI (75):  24 25 27 28 29 31 32 35 40 43 45 46 48 49 50 52 53 891 1573 1904 2028 2115 2332 2335 2596 3110 3147 3353 3803 3811 3828 4530 4645 5020 5262 5313 5409 5667 6251 6450 6952 7188 7662 8578 8909 8937 12305 12452 12455 12580 12585 12586 12599 12603 12604 12607 12667 12685 12706 12754 12767 12942 13102 13490 13507 13508 13752 14083 14331 14332 14333 14545 14553 14707 15647
NODE_NUM = 100
FILE square_sub_175.aig

# Subcircuit 176
SUB_ID 176
LO (28):  12800 12806 12901 12902 12903 12904 12913 12919 12942 12944 12993 13000 13013 13015 13039 13126 13128 13351 15149 16535 17101 17413 18418 18469 18470 18471 18501 18504
LI (58):  14 16 17 20 40 55 58 61 62 63 998 1573 1718 2335 5032 5084 5696 6255 6450 6962 7468 7664 8909 9949 12543 12655 12659 12665 12855 12879 12890 12892 12897 12912 12935 12936 12939 12940 12999 13012 13345 13347 13349 16524 16533 18372 18373 18381 18382 18384 18390 18398 18411 18412 18423 18436 18448 18500
NODE_NUM = 100
FILE square_sub_176.aig

# Subcircuit 177
SUB_ID 177
LO (45):  13041 13047 13077 13082 13105 13106 13142 13144 13150 13161 13229 13347 13490 14102 14106 14321 14326 14506 14707 14754 14775 14779 14891 14892 14976 15087 15088 15159 15161 15628 15683 15688 15778 15782 16134 16154 16741 16756 16795 17516 17520 17706 17986 17990 18278
LI (52):  18 19 24 25 30 33 38 40 45 47 49 51 54 55 60 61 62 1102 1692 1904 2332 3147 4530 4615 4737 5409 5714 6381 7453 7662 9428 12809 12824 14096 14097 14772 14822 14969 14989 15149 15150 15158 15682 15772 15773 16123 16130 16133 17510 17511 17512 17983
NODE_NUM = 95
FILE square_sub_177.aig

# Subcircuit 178
SUB_ID 178
LO (41):  13314 13322 13324 13340 13345 13359 13368 13373 13384 13414 13416 13433 13438 13454 13456 13632 13697 13701 13726 14005 14028 14198 14568 14822 14824 15138 15140 15292 15293 15414 15715 15833 18092 18131 18236 18361 18373 18411 18412 18423 18474
LI (62):  16 27 30 31 34 46 50 51 54 55 57 61 62 998 1153 1904 2115 2305 2332 2335 2863 3147 5084 5409 5557 6251 6381 6565 7468 7660 7664 9428 9863 13305 13344 13407 13409 13410 13446 13449 13453 13658 13691 13692 14031 14566 14815 14821 15137 18058 18083 18089 18128 18324 18325 18334 18338 18339 18340 18346 18355 18402
NODE_NUM = 100
FILE square_sub_178.aig

# Subcircuit 179
SUB_ID 179
LO (39):  13449 13453 13460 13462 13463 13479 13480 13482 13493 13529 13530 13541 13568 13706 13825 14449 14525 14529 14553 14724 15030 15185 15552 15554 16524 16528 16532 16806 17002 17062 17065 17510 17924 17978 17979 18031 18033 18072 18105
LI (62):  21 27 35 37 41 46 49 51 54 60 61 63 64 1490 1494 2622 3353 4139 4615 5313 5714 6381 9065 9428 13268 13272 13274 13296 13444 13446 13452 13456 13461 13473 13478 13526 14448 14498 14519 14520 14551 14726 15545 15989 16521 16522 16523 16797 16816 17005 17061 17508 17908 17912 17918 17970 17972 17976 18013 18022 18025 18026
NODE_NUM = 100
FILE square_sub_179.aig

# Subcircuit 180
SUB_ID 180
LO (37):  13582 13601 13658 13662 13665 13687 13692 13704 13740 13872 13877 13890 13908 14016 14088 14436 14440 14589 14795 14847 15208 15212 16599 17216 17219 17342 17343 17508 17714 17728 17731 17815 17908 17939 17942 18026 18585
LI (58):  19 20 23 30 34 37 43 44 48 52 60 62 63 1153 1494 1573 2489 3353 4201 4615 5020 5296 5557 5849 6251 7732 9065 9431 9737 13404 13470 13600 13650 13653 13656 13871 13876 14404 14425 14433 15109 15206 15858 17202 17203 17204 17212 17340 17708 17711 17712 17723 17724 17808 17899 17902 17905 17938
NODE_NUM = 99
FILE square_sub_180.aig

# Subcircuit 181
SUB_ID 181
LO (38):  13910 13919 13927 13939 13946 13948 13978 13979 14009 14053 14054 14083 14096 14097 14115 14136 14519 14927 15275 15772 15979 15982 15985 16286 16378 16382 16486 16632 17132 17134 17224 17336 17912 18161 18164 18210 18272 18390
LI (64):  22 31 36 37 39 42 44 49 50 55 56 60 61 62 64 1334 1919 2335 3828 4045 4201 5020 5084 5262 5557 5849 6255 7453 8503 9336 9428 9863 13871 13921 13926 13940 13942 13943 13944 13977 14008 14050 14051 14925 15273 15969 15970 15971 15978 16277 16280 16283 16373 16482 17126 17128 17223 17335 17910 18142 18143 18144 18160 18207
NODE_NUM = 98
FILE square_sub_181.aig

# Subcircuit 182
SUB_ID 182
LO (45):  14148 14159 14199 14331 14332 14366 14400 14404 14420 14429 14433 14498 14501 14520 14538 14539 14540 14815 15621 15702 15807 15934 16043 16044 16103 16547 16600 16823 17297 17402 17404 17414 17633 17723 17899 17902 17938 17970 17972 17996 18294 18296 18329 18524 18666
LI (63):  22 26 31 32 34 44 46 51 61 62 63 64 1367 1573 1919 2335 2464 2622 2633 2863 2924 3110 3353 3530 3645 4201 4645 5219 5557 5667 5849 6255 6381 7453 7660 7984 8248 8439 9228 9737 9785 9863 11721 14222 14365 14397 14418 14426 14427 14496 14536 14537 14813 15800 15851 15864 17413 17631 17896 17931 17935 17969 18653
NODE_NUM = 99
FILE square_sub_182.aig

# Subcircuit 183
SUB_ID 183
LO (47):  14551 14566 14690 14695 14747 14758 14759 14765 14768 14772 14796 14803 14813 14821 14869 14879 14911 14925 14942 14955 14958 14982 15016 15018 15125 15127 15139 15150 15203 15248 15296 15300 15417 15427 15449 15938 15971 16312 16533 16797 17061 17102 17115 17118 17174 17340 17931
LI (68):  26 28 29 30 33 34 36 39 41 48 51 53 54 58 59 60 62 1904 2233 2464 2596 2924 3442 3530 4090 4139 4739 5426 5557 5849 6253 7075 7188 7468 9428 9431 9737 11721 14731 14733 14740 14741 14756 14764 14770 14819 14820 14844 14862 14863 14981 15116 15117 15121 15290 15292 15294 15937 16795 17051 17053 17058 17111 17113 17165 17167 17170 17930
NODE_NUM = 100
FILE square_sub_183.aig

# Subcircuit 184
SUB_ID 184
LO (47):  15158 15175 15177 15195 15197 15246 15264 15273 15294 15303 15304 15350 15442 15447 15482 15487 15545 15627 15629 15682 15773 15785 15788 15800 15835 15870 15944 15969 15978 15987 15988 16018 16033 16095 16096 16120 16130 16133 16171 16373 16934 17997 18143 18171 18174 18235 18268
LI (90):  29 30 31 32 33 35 36 47 53 55 58 59 60 61 62 64 2332 2335 2489 3147 3530 4090 4139 5032 5219 5426 6113 6565 7188 7958 9063 9431 9682 9888 10906 13653 13943 14569 15156 15157 15168 15169 15172 15173 15176 15185 15187 15188 15190 15263 15293 15301 15302 15348 15446 15543 15544 15624 15625 15688 15778 15779 15780 15782 15799 15834 15854 15857 15861 15862 15864 15942 15943 15956 15957 15962 15977 15979 15986 16001 16003 16031 16032 16128 16170 16371 18165 18167 18230 18232
NODE_NUM = 99
FILE square_sub_184.aig

# Subcircuit 185
SUB_ID 185
LO (53):  16170 16179 16197 16200 16267 16270 16277 16280 16283 16295 16298 16317 16321 16383 16393 16410 16413 16475 16521 16522 16523 16549 16598 16610 16611 16682 16685 16688 16728 16729 16732 16748 16757 16869 16918 16921 16922 17053 17511 17521 17629 17744 17763 17765 17832 17834 17848 17905 18083 18382 18448 18486 18487
LI (82):  32 40 41 44 49 51 54 55 56 57 58 62 63 2924 3147 3645 3803 4530 4615 4739 5313 5667 5696 6251 6253 6255 6565 7453 8248 8503 8578 8594 8909 9228 9409 9428 9737 9888 10906 11721 13871 14541 16194 16264 16293 16315 16328 16391 16392 16405 16408 16410 16412 16519 16520 16548 16596 16597 16678 16680 16726 16727 16731 16746 16747 16913 16915 16920 17623 17733 17734 17741 17762 17823 17824 17831 17839 17844 18082 18439 18445 18484
NODE_NUM = 100
FILE square_sub_185.aig

# Subcircuit 186
SUB_ID 186
LO (51):  16928 16932 16954 16957 16959 16983 16987 17048 17051 17058 17104 17111 17113 17156 17165 17167 17202 17203 17204 17212 17223 17249 17286 17313 17327 17328 17371 17401 17480 17512 17572 17651 17652 17670 17708 17733 17806 17808 17823 17839 17844 17930 17983 18048 18144 18197 18212 18339 18384 18439 18472
LI (71):  37 39 41 42 47 48 49 60 61 62 64 4739 5020 5084 5262 5313 5409 5667 5714 6255 6952 7662 7664 7958 8248 9065 9228 9431 9737 9888 10443 11631 13871 13977 15167 16392 16809 16911 16912 16915 16919 16921 16922 16924 16951 16953 16955 16980 17040 17045 17082 17091 17191 17192 17196 17210 17211 17222 17284 17285 17367 17368 17399 17400 17476 17483 17707 17795 17798 17805 17981
NODE_NUM = 99
FILE square_sub_186.aig

# Subcircuit 187
SUB_ID 187
LO (45):  17406 17410 17419 17433 17454 17524 17530 17545 17582 17623 17631 17660 17664 17707 17711 17724 17734 17795 17798 17805 17824 17831 17910 17918 17935 17981 18022 18025 18040 18057 18067 18082 18089 18128 18142 18160 18230 18232 18330 18340 18532 18569 18572 18599 18600
LI (84):  44 46 50 53 54 57 59 61 64 5849 6251 6253 6381 6950 6952 7188 7468 7660 7664 8216 8909 9063 9228 9431 9682 9785 9888 10049 11721 12135 12357 13863 14371 14788 15109 15977 16407 16679 16924 17014 17301 17401 17402 17404 17418 17447 17523 17529 17544 17576 17577 17579 17658 17659 17706 17794 17797 17803 17804 17830 17916 17917 17934 17951 17954 18014 18015 18018 18056 18062 18064 18087 18088 18140 18141 18153 18522 18524 18529 18551 18553 18556 18566 18568
NODE_NUM = 96
FILE square_sub_187.aig

# Subcircuit 188
SUB_ID 188
LO (31):  18167 18194 18204 18219 18263 18301 18324 18325 18328 18346 18355 18381 18398 18436 18445 18484 18500 18515 18517 18522 18529 18551 18553 18566 18568 18617 18640 18653 18655 18656 18678
LI (62):  53 54 55 58 59 60 61 62 63 64 7453 7662 7958 8439 9063 9065 9152 9428 9431 9785 9863 10049 11631 11721 14086 16296 17797 18050 18202 18203 18205 18213 18264 18279 18280 18283 18285 18294 18296 18298 18316 18317 18322 18326 18327 18375 18376 18429 18432 18444 18495 18496 18498 18514 18528 18561 18565 18614 18634 18651 18654 18677
NODE_NUM = 88
FILE square_sub_188.aig

