# Subcircuit 0
SUB_ID 0
LO (14):  388 392 724 1063 1093 1400 1486 1490 1573 1576 1578 1663 1750 1837
LI (187):  2 3 4 5 6 130 131 132 392 396 400 404 408 412 416 420 424 428 432 436 440 444 448 452 456 460 464 468 472 476 480 484 488 492 496 500 504 508 512 516 520 524 528 532 536 540 544 548 552 556 560 564 568 572 576 580 584 588 592 596 600 604 608 612 616 620 624 628 632 636 640 644 648 652 656 660 664 668 672 676 680 684 688 692 696 700 704 708 712 716 720 723 727 731 735 739 743 747 751 755 759 763 767 771 775 779 783 787 791 795 799 803 807 811 815 819 823 827 831 835 839 843 847 851 855 859 863 867 871 875 879 883 887 891 895 899 903 907 911 915 919 923 927 931 935 939 943 947 951 955 959 963 967 971 975 979 983 987 991 995 999 1003 1007 1011 1015 1019 1023 1027 1031 1035 1039 1043 1047 1051 1055 1059 1062 1064 1068 1072 1076 1080 1084 1088 1092 1397 1485
NODE_NUM = 200
FILE arbiter_sub_0.aig

# Subcircuit 1
SUB_ID 1
LO (13):  396 400 731 735 1064 1068 1070 1072 1485 1580 1594 1667 1753
LI (189):  6 7 8 9 133 134 135 404 408 412 416 420 424 428 432 436 440 444 448 452 456 460 464 468 472 476 480 484 488 492 496 500 504 508 512 516 520 524 528 532 536 540 544 548 552 556 560 564 568 572 576 580 584 588 592 596 600 604 608 612 616 620 624 628 632 636 640 644 648 652 656 660 664 668 672 676 680 684 688 692 696 700 704 708 712 716 720 730 734 739 743 747 751 755 759 763 767 771 775 779 783 787 791 795 799 803 807 811 815 819 823 827 831 835 839 843 847 851 855 859 863 867 871 875 879 883 887 891 895 899 903 907 911 915 919 923 927 931 935 939 943 947 951 955 959 963 967 971 975 979 983 987 991 995 999 1003 1007 1011 1015 1019 1023 1027 1031 1035 1039 1043 1047 1051 1055 1059 1071 1076 1080 1084 1088 1092 1096 1100 1104 1108 1112 1116 1120 1124 1484 1574 1576 1579 1665
NODE_NUM = 200
FILE arbiter_sub_1.aig

# Subcircuit 2
SUB_ID 2
LO (14):  403 404 408 739 743 1071 1076 1078 1080 1754 1841 1853 1927 2012
LI (189):  9 10 11 12 136 137 138 412 416 420 424 428 432 436 440 444 448 452 456 460 464 468 472 476 480 484 488 492 496 500 504 508 512 516 520 524 528 532 536 540 544 548 552 556 560 564 568 572 576 580 584 588 592 596 600 604 608 612 616 620 624 628 632 636 640 644 648 652 656 660 664 668 672 676 680 684 688 692 696 700 704 708 712 716 720 731 738 742 747 751 755 759 763 767 771 775 779 783 787 791 795 799 803 807 811 815 819 823 827 831 835 839 843 847 851 855 859 863 867 871 875 879 883 887 891 895 899 903 907 911 915 919 923 927 931 935 939 943 947 951 955 959 963 967 971 975 979 983 987 991 995 999 1003 1007 1011 1015 1019 1023 1027 1031 1035 1039 1043 1047 1051 1055 1059 1068 1079 1084 1088 1092 1096 1100 1104 1108 1112 1116 1120 1124 1484 1486 1574 1576 1750 1753 1837 1840 1925
NODE_NUM = 200
FILE arbiter_sub_2.aig

# Subcircuit 3
SUB_ID 3
LO (13):  412 416 747 751 1079 1084 1086 1088 2013 2099 2111 2185 2270
LI (189):  12 13 14 15 139 140 141 420 424 428 432 436 440 444 448 452 456 460 464 468 472 476 480 484 488 492 496 500 504 508 512 516 520 524 528 532 536 540 544 548 552 556 560 564 568 572 576 580 584 588 592 596 600 604 608 612 616 620 624 628 632 636 640 644 648 652 656 660 664 668 672 676 680 684 688 692 696 700 704 708 712 716 720 731 735 739 746 750 755 759 763 767 771 775 779 783 787 791 795 799 803 807 811 815 819 823 827 831 835 839 843 847 851 855 859 863 867 871 875 879 883 887 891 895 899 903 907 911 915 919 923 927 931 935 939 943 947 951 955 959 963 967 971 975 979 983 987 991 995 999 1003 1007 1011 1015 1019 1023 1027 1031 1035 1039 1043 1047 1051 1055 1059 1068 1072 1076 1087 1092 1096 1100 1104 1108 1112 1116 1120 1124 1128 1132 1484 1486 1574 1576 1750 1837 2012 2098 2183
NODE_NUM = 200
FILE arbiter_sub_3.aig

# Subcircuit 4
SUB_ID 4
LO (13):  419 420 424 759 1087 1092 1094 1096 1289 2357 2406 2443 2528
LI (143):  15 16 17 18 142 143 144 758 763 767 771 775 779 783 787 791 795 799 803 807 811 815 819 823 827 831 835 839 843 847 851 855 859 863 867 871 875 879 883 887 891 895 899 903 907 911 915 919 923 927 931 935 939 943 947 951 955 959 963 967 971 975 979 983 987 991 995 999 1003 1007 1011 1015 1019 1023 1027 1031 1035 1039 1043 1047 1051 1055 1059 1068 1072 1076 1080 1084 1093 1095 1100 1104 1108 1112 1116 1120 1124 1128 1132 1136 1140 1144 1148 1152 1156 1160 1164 1168 1172 1176 1180 1184 1188 1192 1196 1200 1204 1208 1212 1216 1220 1224 1228 1232 1236 1240 1244 1248 1252 1256 1260 1264 1268 1272 1276 1280 1284 1288 1574 1576 1837 2356 2441
NODE_NUM = 200
FILE arbiter_sub_4.aig

# Subcircuit 5
SUB_ID 5
LO (13):  427 428 432 767 1095 1100 1102 1104 2271 2615 2616 2701 2786
LI (177):  18 19 20 21 145 146 147 432 436 440 444 448 452 456 460 464 468 472 476 480 484 488 492 496 500 504 508 512 516 520 524 528 532 536 540 544 548 552 556 560 564 568 572 576 580 584 588 592 596 600 604 608 612 616 620 624 628 632 636 640 644 648 652 656 660 664 668 672 676 680 684 688 692 696 700 704 708 712 716 720 731 735 739 743 747 766 771 775 779 783 787 791 795 799 803 807 811 815 819 823 827 831 835 839 843 847 851 855 859 863 867 871 875 879 883 887 891 895 899 903 907 911 915 919 923 927 931 935 939 943 947 951 955 959 963 967 971 975 979 983 987 991 995 999 1003 1007 1011 1015 1019 1023 1027 1031 1035 1039 1043 1047 1051 1055 1059 1068 1072 1076 1080 1084 1088 1092 1103 1484 1486 1574 1576 1750 1837 2187 2270 2614 2699
NODE_NUM = 186
FILE arbiter_sub_5.aig

# Subcircuit 6
SUB_ID 6
LO (9):  436 773 775 1103 1108 2529 2699 2812 2958
LI (197):  21 22 23 148 149 392 396 400 404 408 412 416 420 424 435 440 444 448 452 456 460 464 468 472 476 480 484 488 492 496 500 504 508 512 516 520 524 528 532 536 540 544 548 552 556 560 564 568 572 576 580 584 588 592 596 600 604 608 612 616 620 624 628 632 636 640 644 648 652 656 660 664 668 672 676 680 684 688 692 696 700 704 708 712 716 720 731 735 739 743 747 751 755 774 779 783 787 791 795 799 803 807 811 815 819 823 827 831 835 839 843 847 851 855 859 863 867 871 1112 1116 1120 1124 1128 1132 1136 1140 1144 1148 1152 1156 1160 1164 1168 1172 1176 1180 1184 1188 1192 1196 1200 1204 1208 1212 1216 1220 1224 1228 1232 1236 1240 1244 1248 1252 1256 1260 1264 1268 1272 1276 1280 1284 1288 1292 1296 1300 1304 1308 1312 1316 1320 1324 1328 1332 1336 1340 1344 1348 1352 1356 1360 1364 1368 1372 1376 1380 1384 1388 1392 1396 1484 1486 1663 1750 2445 2528 2616
NODE_NUM = 200
FILE arbiter_sub_6.aig

# Subcircuit 7
SUB_ID 7
LO (12):  435 440 442 771 774 778 1112 2787 2959 3045 3130 12224
LI (184):  22 23 24 149 150 151 392 396 400 404 408 412 416 419 420 424 428 432 440 444 448 452 456 460 464 468 472 476 480 484 488 492 496 500 504 508 512 516 520 524 528 532 536 540 544 548 552 556 560 564 568 572 576 580 584 588 592 596 600 604 608 612 616 620 624 628 632 636 640 644 648 652 656 660 664 668 672 676 680 684 688 692 696 700 704 708 712 716 720 731 735 739 743 747 751 755 759 763 770 1111 1116 1120 1124 1128 1132 1136 1140 1144 1148 1152 1156 1160 1164 1168 1172 1176 1180 1184 1188 1192 1196 1200 1204 1208 1212 1216 1220 1224 1228 1232 1236 1240 1244 1248 1252 1256 1260 1264 1268 1272 1276 1280 1284 1288 1292 1296 1300 1304 1308 1312 1316 1320 1324 1328 1332 1336 1340 1344 1348 1352 1356 1360 1364 1368 1372 1376 1380 1384 1388 1392 1396 1484 1486 1663 1750 2786 2958 3042 3044 12176 12179 12180 12190 12223
NODE_NUM = 190
FILE arbiter_sub_7.aig

# Subcircuit 8
SUB_ID 8
LO (12):  444 3042 3217 3475 3733 3991 4249 4507 4765 5023 5281 5539
LI (105):  152 153 442 448 452 456 460 464 468 472 476 480 484 488 492 496 500 504 508 512 516 520 524 528 532 536 540 544 548 552 556 560 564 568 572 576 580 584 588 592 596 600 604 608 612 616 620 624 628 632 636 640 644 648 652 656 660 664 668 672 676 680 684 688 692 696 700 704 708 712 716 720 731 735 739 743 747 751 755 759 763 767 778 1484 1486 1750 3215 3471 3474 3727 3732 3983 3990 4239 4248 4495 4506 4751 4764 5007 5022 5263 5280 5519 5538
NODE_NUM = 186
FILE arbiter_sub_8.aig

# Subcircuit 9
SUB_ID 9
LO (13):  448 450 452 782 783 787 1116 1120 3131 3215 3233 3302 3388
LI (191):  25 26 27 28 153 154 392 396 400 404 408 412 416 420 424 428 432 436 440 451 456 460 464 468 472 476 480 484 488 492 496 500 504 508 512 781 791 795 799 803 807 811 815 819 823 827 831 835 839 843 847 851 855 859 863 867 871 875 879 883 887 891 895 899 903 907 911 915 919 923 927 931 935 939 943 947 951 955 959 963 967 971 975 979 983 987 991 995 999 1003 1007 1011 1015 1019 1023 1027 1031 1035 1039 1043 1047 1051 1055 1059 1068 1072 1076 1080 1084 1088 1092 1096 1100 1104 1108 1115 1119 1124 1128 1132 1136 1140 1144 1148 1152 1156 1160 1164 1168 1172 1176 1180 1184 1188 1192 1196 1200 1204 1208 1212 1216 1220 1224 1228 1232 1236 1240 1244 1248 1252 1256 1260 1264 1268 1272 1276 1280 1284 1288 1292 1296 1300 1304 1308 1312 1316 1320 1324 1328 1332 1336 1340 1344 1348 1352 1356 1360 1364 1368 1372 1376 1380 1384 1388 1392 1396 1574 1576 1663 1837 3130
NODE_NUM = 200
FILE arbiter_sub_9.aig

# Subcircuit 10
SUB_ID 10
LO (9):  451 456 791 1126 1128 1665 3459 3560 12179
LI (79):  28 29 30 155 156 392 467 790 1127 1132 1136 1140 1144 1148 1152 1156 1160 1164 1168 1172 1176 1180 1184 1188 1192 1196 1200 1204 1208 1212 1216 1220 1224 1228 1232 1236 1240 1244 1248 1252 1256 1260 1264 1268 1272 1276 1280 1284 1288 1292 1296 1300 1304 1308 1312 1316 1320 1324 1328 1332 1336 1340 1344 1348 1352 1356 1360 1364 1368 1372 1376 1380 1384 1388 1392 1396 1594 1663 12178
NODE_NUM = 151
FILE arbiter_sub_10.aig

# Subcircuit 11
SUB_ID 11
LO (9):  460 797 799 1127 1132 1925 3365 3621 3732
LI (138):  30 31 32 157 158 392 396 400 459 798 803 807 811 815 819 823 827 831 835 839 843 847 851 855 859 863 867 871 875 879 883 887 891 895 899 903 907 911 915 919 923 927 931 935 939 943 947 951 955 959 963 967 971 975 979 983 987 991 995 999 1003 1007 1011 1015 1019 1023 1027 1031 1035 1136 1140 1144 1148 1152 1156 1160 1164 1168 1172 1176 1180 1184 1188 1192 1196 1200 1204 1208 1212 1216 1220 1224 1228 1232 1236 1240 1244 1248 1252 1256 1260 1264 1268 1272 1276 1280 1284 1288 1292 1296 1300 1304 1308 1312 1316 1320 1324 1328 1332 1336 1340 1344 1348 1352 1356 1360 1364 1368 1372 1376 1380 1384 1388 1392 1396 1663 1854 3305
NODE_NUM = 200
FILE arbiter_sub_11.aig

# Subcircuit 12
SUB_ID 12
LO (8):  459 464 795 1134 1136 2165 3561 3701
LI (145):  31 32 33 158 159 464 468 472 476 480 484 488 492 496 500 504 508 512 516 520 524 528 532 536 540 544 548 552 556 560 564 568 572 576 580 584 588 592 596 600 604 608 612 616 620 624 628 632 636 640 644 648 652 656 660 664 668 672 676 680 684 688 692 696 700 704 708 712 716 720 731 735 739 743 747 751 755 759 763 767 771 775 779 783 787 794 1135 1140 1144 1148 1152 1156 1160 1164 1168 1172 1176 1180 1184 1188 1192 1196 1200 1204 1208 1212 1216 1220 1224 1228 1232 1236 1240 1244 1248 1252 1256 1260 1264 1268 1272 1276 1280 1284 1288 1292 1296 1300 1304 1308 1312 1316 1320 1324 1328 1332 1336 1340 1344 1348 1484 1486 1750 2111 3560
NODE_NUM = 200
FILE arbiter_sub_12.aig

# Subcircuit 13
SUB_ID 13
LO (14):  467 468 472 803 807 1135 1140 1142 1144 3819 3905 3918 3990 4076
LI (189):  33 34 35 36 160 161 162 476 480 484 488 492 496 500 504 508 512 516 520 524 528 532 536 540 544 548 552 556 560 564 568 572 576 580 584 588 592 596 600 604 608 612 616 620 624 628 632 636 640 644 648 652 656 660 664 668 672 676 680 684 688 692 696 700 704 708 712 716 720 731 735 739 743 747 751 755 759 763 767 771 775 779 783 787 791 795 802 806 811 815 819 823 827 831 835 839 843 847 851 855 859 863 867 871 875 879 883 887 891 895 899 903 907 911 915 919 923 927 931 935 939 943 947 951 955 959 963 967 971 975 979 983 987 991 995 999 1003 1007 1011 1015 1019 1023 1027 1031 1035 1039 1043 1047 1051 1055 1059 1068 1072 1076 1080 1084 1088 1092 1096 1100 1104 1108 1112 1116 1120 1124 1128 1132 1143 1148 1152 1156 1160 1164 1168 1172 1176 1180 1184 1188 1192 1484 1486 1574 1576 1750 1837 3818 3904
NODE_NUM = 200
FILE arbiter_sub_13.aig

# Subcircuit 14
SUB_ID 14
LO (13):  476 480 811 815 1143 1148 1150 1152 4077 4163 4176 4248 4334
LI (189):  36 37 38 39 163 164 165 484 488 492 496 500 504 508 512 516 520 524 528 532 536 540 544 548 552 556 560 564 568 572 576 580 584 588 592 596 600 604 608 612 616 620 624 628 632 636 640 644 648 652 656 660 664 668 672 676 680 684 688 692 696 700 704 708 712 716 720 731 735 739 743 747 751 755 759 763 767 771 775 779 783 787 791 795 799 803 810 814 819 823 827 831 835 839 843 847 851 855 859 863 867 871 875 879 883 887 891 895 899 903 907 911 915 919 923 927 931 935 939 943 947 951 955 959 963 967 971 975 979 983 987 991 995 999 1003 1007 1011 1015 1019 1023 1027 1031 1035 1039 1043 1047 1051 1055 1059 1068 1072 1076 1080 1084 1088 1092 1096 1100 1104 1108 1112 1116 1120 1124 1128 1132 1136 1140 1151 1156 1160 1164 1168 1172 1176 1180 1184 1188 1192 1196 1200 1484 1486 1574 1576 1750 1837 4076 4162
NODE_NUM = 200
FILE arbiter_sub_14.aig

# Subcircuit 15
SUB_ID 15
LO (14):  483 484 488 819 823 1151 1156 1158 1160 4335 4421 4434 4506 4592
LI (189):  39 40 41 42 166 167 168 492 496 500 504 508 512 516 520 524 528 532 536 540 544 548 552 556 560 564 568 572 576 580 584 588 592 596 600 604 608 612 616 620 624 628 632 636 640 644 648 652 656 660 664 668 672 676 680 684 688 692 696 700 704 708 712 716 720 731 735 739 743 747 751 755 759 763 767 771 775 779 783 787 791 795 799 803 807 811 818 822 827 831 835 839 843 847 851 855 859 863 867 871 875 879 883 887 891 895 899 903 907 911 915 919 923 927 931 935 939 943 947 951 955 959 963 967 971 975 979 983 987 991 995 999 1003 1007 1011 1015 1019 1023 1027 1031 1035 1039 1043 1047 1051 1055 1059 1068 1072 1076 1080 1084 1088 1092 1096 1100 1104 1108 1112 1116 1120 1124 1128 1132 1136 1140 1144 1148 1159 1164 1168 1172 1176 1180 1184 1188 1192 1196 1200 1204 1208 1484 1486 1574 1576 1750 1837 4334 4420
NODE_NUM = 200
FILE arbiter_sub_15.aig

# Subcircuit 16
SUB_ID 16
LO (13):  492 496 827 831 1159 1164 1166 1168 4593 4679 4692 4764 4850
LI (189):  42 43 44 45 169 170 171 500 504 508 512 516 520 524 528 532 536 540 544 548 552 556 560 564 568 572 576 580 584 588 592 596 600 604 608 612 616 620 624 628 632 636 640 644 648 652 656 660 664 668 672 676 680 684 688 692 696 700 704 708 712 716 720 731 735 739 743 747 751 755 759 763 767 771 775 779 783 787 791 795 799 803 807 811 815 819 826 830 835 839 843 847 851 855 859 863 867 871 875 879 883 887 891 895 899 903 907 911 915 919 923 927 931 935 939 943 947 951 955 959 963 967 971 975 979 983 987 991 995 999 1003 1007 1011 1015 1019 1023 1027 1031 1035 1039 1043 1047 1051 1055 1059 1068 1072 1076 1080 1084 1088 1092 1096 1100 1104 1108 1112 1116 1120 1124 1128 1132 1136 1140 1144 1148 1152 1156 1167 1172 1176 1180 1184 1188 1192 1196 1200 1204 1208 1212 1216 1484 1486 1574 1576 1750 1837 4592 4678
NODE_NUM = 200
FILE arbiter_sub_16.aig

# Subcircuit 17
SUB_ID 17
LO (14):  499 500 504 835 839 1167 1172 1174 1176 4851 4937 4950 5022 5108
LI (189):  45 46 47 48 172 173 174 508 512 516 520 524 528 532 536 540 544 548 552 556 560 564 568 572 576 580 584 588 592 596 600 604 608 612 616 620 624 628 632 636 640 644 648 652 656 660 664 668 672 676 680 684 688 692 696 700 704 708 712 716 720 731 735 739 743 747 751 755 759 763 767 771 775 779 783 787 791 795 799 803 807 811 815 819 823 827 834 838 843 847 851 855 859 863 867 871 875 879 883 887 891 895 899 903 907 911 915 919 923 927 931 935 939 943 947 951 955 959 963 967 971 975 979 983 987 991 995 999 1003 1007 1011 1015 1019 1023 1027 1031 1035 1039 1043 1047 1051 1055 1059 1068 1072 1076 1080 1084 1088 1092 1096 1100 1104 1108 1112 1116 1120 1124 1128 1132 1136 1140 1144 1148 1152 1156 1160 1164 1175 1180 1184 1188 1192 1196 1200 1204 1208 1212 1216 1220 1224 1484 1486 1574 1576 1750 1837 4850 4936
NODE_NUM = 200
FILE arbiter_sub_17.aig

# Subcircuit 18
SUB_ID 18
LO (13):  508 512 843 847 1175 1180 1182 1184 5109 5195 5208 5280 5366
LI (189):  48 49 50 51 175 176 177 516 520 524 528 532 536 540 544 548 552 556 560 564 568 572 576 580 584 588 592 596 600 604 608 612 616 620 624 628 632 636 640 644 648 652 656 660 664 668 672 676 680 684 688 692 696 700 704 708 712 716 720 731 735 739 743 747 751 755 759 763 767 771 775 779 783 787 791 795 799 803 807 811 815 819 823 827 831 835 842 846 851 855 859 863 867 871 875 879 883 887 891 895 899 903 907 911 915 919 923 927 931 935 939 943 947 951 955 959 963 967 971 975 979 983 987 991 995 999 1003 1007 1011 1015 1019 1023 1027 1031 1035 1039 1043 1047 1051 1055 1059 1068 1072 1076 1080 1084 1088 1092 1096 1100 1104 1108 1112 1116 1120 1124 1128 1132 1136 1140 1144 1148 1152 1156 1160 1164 1168 1172 1183 1188 1192 1196 1200 1204 1208 1212 1216 1220 1224 1228 1232 1484 1486 1574 1576 1750 1837 5108 5194
NODE_NUM = 200
FILE arbiter_sub_18.aig

# Subcircuit 19
SUB_ID 19
LO (13):  515 516 520 855 1183 1188 1190 1192 3303 5453 5454 5538 5624
LI (162):  51 52 53 54 178 179 180 520 524 528 532 536 540 544 548 552 556 560 564 568 572 576 580 584 588 592 596 600 604 608 612 616 620 624 628 632 636 640 644 648 652 656 660 664 668 672 676 680 684 688 692 696 700 704 708 712 716 720 731 735 739 743 747 751 755 759 763 767 771 775 779 854 859 863 867 871 875 879 883 887 891 895 899 903 907 911 915 919 923 927 931 935 939 943 947 951 955 959 963 967 971 975 979 983 987 991 995 999 1003 1007 1011 1015 1019 1023 1027 1031 1035 1039 1043 1047 1051 1055 1059 1068 1072 1076 1080 1084 1088 1092 1096 1100 1104 1108 1112 1116 1120 1124 1128 1132 1136 1140 1144 1148 1152 1156 1160 1164 1168 1172 1176 1180 1191 1484 1486 1574 1576 1750 1837 3233 3302 5452
NODE_NUM = 171
FILE arbiter_sub_19.aig

# Subcircuit 20
SUB_ID 20
LO (9):  524 861 863 1191 1196 3983 5367 5626 5796
LI (155):  54 55 56 181 182 392 396 400 404 408 412 416 420 424 428 432 436 440 523 528 532 536 540 544 548 552 556 560 564 568 572 576 580 584 588 592 596 600 604 608 612 616 620 624 628 632 636 640 644 648 652 656 660 664 668 672 676 680 684 688 692 696 700 704 708 712 716 720 731 735 739 743 747 751 755 759 763 767 771 775 779 783 787 791 795 799 803 807 811 815 819 823 827 831 835 839 843 862 1200 1204 1208 1212 1216 1220 1224 1228 1232 1236 1240 1244 1248 1252 1256 1260 1264 1268 1272 1276 1280 1284 1288 1292 1296 1300 1304 1308 1312 1316 1320 1324 1328 1332 1336 1340 1344 1348 1352 1356 1360 1364 1368 1372 1376 1380 1384 1388 1392 1396 1484 1486 1663 1750 3918 5283 5366
NODE_NUM = 158
FILE arbiter_sub_20.aig

# Subcircuit 21
SUB_ID 21
LO (8):  523 528 859 1198 1200 5509 5625 5765
LI (145):  55 56 57 182 183 392 396 400 528 532 536 540 544 548 552 556 560 564 568 572 576 580 584 588 592 596 600 604 608 612 616 620 624 628 632 636 640 644 648 652 656 660 664 668 672 676 680 684 688 692 696 700 704 708 712 716 720 731 735 739 743 747 751 755 759 763 767 771 775 779 783 787 791 795 799 803 807 811 815 819 823 827 831 835 839 843 847 851 858 1199 1204 1208 1212 1216 1220 1224 1228 1232 1236 1240 1244 1248 1252 1256 1260 1264 1268 1272 1276 1280 1284 1288 1292 1296 1300 1304 1308 1312 1316 1320 1324 1328 1332 1336 1340 1344 1348 1352 1356 1360 1364 1368 1372 1376 1380 1384 1388 1392 1396 1484 1486 1663 1750 5455 5624
NODE_NUM = 200
FILE arbiter_sub_21.aig

# Subcircuit 22
SUB_ID 22
LO (9):  532 869 871 1199 1204 4239 5691 5947 6054
LI (134):  57 58 59 184 185 392 396 400 404 408 412 416 420 424 428 432 436 440 531 870 875 879 883 887 891 895 899 903 907 911 915 919 923 927 931 935 939 943 947 951 955 959 963 967 971 975 979 983 987 991 995 999 1003 1007 1011 1015 1019 1023 1027 1031 1035 1039 1043 1047 1051 1055 1059 1068 1072 1076 1080 1084 1088 1092 1096 1100 1104 1108 1112 1116 1208 1212 1216 1220 1224 1228 1232 1236 1240 1244 1248 1252 1256 1260 1264 1268 1272 1276 1280 1284 1288 1292 1296 1300 1304 1308 1312 1316 1320 1324 1328 1332 1336 1340 1344 1348 1352 1356 1360 1364 1368 1372 1376 1380 1384 1388 1392 1396 1574 1576 1663 1837 4176 5627
NODE_NUM = 200
FILE arbiter_sub_22.aig

# Subcircuit 23
SUB_ID 23
LO (13):  531 536 538 867 870 874 1208 5627 5883 6055 6141 6226 12190
LI (182):  58 59 60 185 186 187 392 396 400 404 408 412 416 420 424 428 432 436 440 444 448 452 456 460 464 468 472 476 480 484 488 492 496 500 504 508 512 515 516 520 524 528 536 540 544 548 552 556 560 564 568 572 576 580 584 588 592 596 600 604 608 612 616 620 624 628 632 636 640 644 648 652 656 660 664 668 672 676 680 684 688 692 696 700 704 708 712 716 720 731 735 739 743 747 751 755 759 763 767 771 775 779 783 787 791 795 799 803 807 811 815 819 823 827 831 835 839 843 847 851 855 859 866 1207 1212 1216 1220 1224 1228 1232 1236 1240 1244 1248 1252 1256 1260 1264 1268 1272 1276 1280 1284 1288 1292 1296 1300 1304 1308 1312 1316 1320 1324 1328 1332 1336 1340 1344 1348 1352 1356 1360 1364 1368 1372 1376 1380 1384 1388 1392 1396 1484 1486 1663 1750 5626 5882 6054 6138 6140 12186 12188
NODE_NUM = 188
FILE arbiter_sub_23.aig

# Subcircuit 24
SUB_ID 24
LO (12):  540 6138 6313 6571 6829 7087 7345 7603 7861 8119 8377 8635
LI (105):  188 189 538 544 548 552 556 560 564 568 572 576 580 584 588 592 596 600 604 608 612 616 620 624 628 632 636 640 644 648 652 656 660 664 668 672 676 680 684 688 692 696 700 704 708 712 716 720 731 735 739 743 747 751 755 759 763 767 771 775 779 783 787 791 795 799 803 807 811 815 819 823 827 831 835 839 843 847 851 855 859 863 874 1484 1486 1750 6311 6567 6570 6823 6828 7079 7086 7335 7344 7591 7602 7847 7860 8103 8118 8359 8376 8615 8634
NODE_NUM = 186
FILE arbiter_sub_24.aig

# Subcircuit 25
SUB_ID 25
LO (13):  544 546 548 878 879 883 1216 2854 4495 6311 6314 6398 6484
LI (133):  61 62 63 64 189 190 392 396 400 404 408 412 416 420 424 428 432 436 440 444 448 452 456 460 464 468 472 476 480 484 488 492 496 500 504 508 512 516 520 524 528 532 536 547 877 887 891 895 899 903 907 911 915 919 923 927 931 935 939 943 947 951 955 959 963 967 971 975 979 983 987 991 995 999 1003 1007 1011 1015 1019 1023 1027 1031 1035 1039 1215 1220 1224 1228 1232 1236 1240 1244 1248 1252 1256 1260 1264 1268 1272 1276 1280 1284 1288 1292 1296 1300 1304 1308 1312 1316 1320 1324 1328 1332 1336 1340 1344 1348 1352 1356 1360 1364 1368 1372 1376 1380 1384 1388 1392 1396 1663 2813 4435
NODE_NUM = 200
FILE arbiter_sub_25.aig

# Subcircuit 26
SUB_ID 26
LO (10):  547 552 887 1222 1224 4751 6217 6543 6656 12188
LI (140):  64 65 66 191 192 392 396 400 404 408 412 416 420 424 428 432 436 440 563 886 891 895 899 903 907 911 915 919 923 927 931 935 939 943 947 951 955 959 963 967 971 975 979 983 987 991 995 999 1003 1007 1011 1015 1019 1023 1027 1031 1035 1039 1043 1047 1051 1055 1059 1068 1072 1076 1080 1084 1088 1092 1096 1100 1104 1108 1112 1116 1120 1124 1128 1132 1136 1140 1144 1148 1152 1156 1160 1164 1168 1172 1223 1228 1232 1236 1240 1244 1248 1252 1256 1260 1264 1268 1272 1276 1280 1284 1288 1292 1296 1300 1304 1308 1312 1316 1320 1324 1328 1332 1336 1340 1344 1348 1352 1356 1360 1364 1368 1372 1376 1380 1384 1388 1392 1396 1574 1576 1663 1837 4693 6143
NODE_NUM = 200
FILE arbiter_sub_26.aig

# Subcircuit 27
SUB_ID 27
LO (10):  556 893 895 1223 1228 5007 6399 6426 6682 6828
LI (172):  66 67 68 193 194 392 396 400 404 408 412 416 420 424 428 432 436 440 555 560 564 568 572 576 580 584 588 592 596 600 604 608 612 616 620 624 628 632 636 640 644 648 652 656 660 664 668 672 676 680 684 688 692 696 700 704 708 712 716 720 731 735 739 743 747 751 755 759 763 767 771 775 779 783 787 791 795 799 803 807 811 815 819 823 827 831 835 839 843 847 851 855 859 863 867 871 875 894 899 903 907 911 915 919 923 927 931 935 939 943 947 951 955 959 963 967 971 975 979 983 987 991 1232 1236 1240 1244 1248 1252 1256 1260 1264 1268 1272 1276 1280 1284 1288 1292 1296 1300 1304 1308 1312 1316 1320 1324 1328 1332 1336 1340 1344 1348 1352 1356 1360 1364 1368 1372 1376 1380 1384 1388 1392 1396 1484 1486 1663 1750 4950 6315 6398 6401
NODE_NUM = 199
FILE arbiter_sub_27.aig

# Subcircuit 28
SUB_ID 28
LO (12):  555 560 562 891 894 898 1232 6401 6657 6823 6915 7000
LI (174):  67 68 69 194 195 196 392 396 400 404 408 412 416 420 424 428 432 436 440 444 448 452 456 460 464 468 472 476 480 484 488 492 496 500 504 508 512 516 520 524 528 532 536 560 564 568 572 576 580 584 588 592 596 600 604 608 612 616 620 624 628 632 636 640 644 648 652 656 660 664 668 672 676 680 684 688 692 696 700 704 708 712 716 720 731 735 739 743 747 751 755 759 763 767 771 775 779 783 787 791 795 799 803 807 811 815 819 823 827 831 835 839 843 847 851 855 859 863 867 871 875 879 883 890 1231 1236 1240 1244 1248 1252 1256 1260 1264 1268 1272 1276 1280 1284 1288 1292 1296 1300 1304 1308 1312 1316 1320 1324 1328 1332 1336 1340 1344 1348 1352 1356 1360 1364 1368 1372 1376 1380 1384 1388 1392 1396 1484 1486 1663 1750 6400 6656 6912 6914
NODE_NUM = 180
FILE arbiter_sub_28.aig

# Subcircuit 29
SUB_ID 29
LO (9):  563 564 6912 7086 8893 9151 9409 9667 9925
LI (96):  197 198 562 568 572 576 580 584 588 592 596 600 604 608 612 616 620 624 628 632 636 640 644 648 652 656 660 664 668 672 676 680 684 688 692 696 700 704 708 712 716 720 731 735 739 743 747 751 755 759 763 767 771 775 779 783 787 791 795 799 803 807 811 815 819 823 827 831 835 839 843 847 851 855 859 863 867 871 875 879 883 887 898 1484 1486 1750 8877 8892 9133 9150 9389 9408 9645 9666 9901 9924
NODE_NUM = 181
FILE arbiter_sub_29.aig

# Subcircuit 30
SUB_ID 30
LO (13):  568 570 572 903 907 1236 1240 5263 6966 7079 7088 7172 7258
LI (138):  70 71 72 73 198 199 392 396 400 404 408 412 416 420 424 428 432 436 440 444 448 452 456 460 464 468 472 476 480 484 488 492 496 500 504 508 512 516 520 524 528 532 536 571 901 911 915 919 923 927 931 935 939 943 947 951 955 959 963 967 971 975 979 983 987 991 995 999 1003 1007 1011 1015 1019 1023 1027 1031 1035 1039 1043 1047 1051 1055 1059 1068 1072 1076 1080 1084 1088 1092 1096 1235 1239 1244 1248 1252 1256 1260 1264 1268 1272 1276 1280 1284 1288 1292 1296 1300 1304 1308 1312 1316 1320 1324 1328 1332 1336 1340 1344 1348 1352 1356 1360 1364 1368 1372 1376 1380 1384 1388 1392 1396 1574 1576 1663 1837 5208 5209
NODE_NUM = 200
FILE arbiter_sub_30.aig

# Subcircuit 31
SUB_ID 31
LO (11):  571 576 578 910 911 914 1248 7173 7335 7431 7516
LI (167):  73 74 75 200 201 202 392 396 400 404 408 412 416 420 424 428 432 436 440 444 448 452 456 460 464 468 472 476 480 484 488 492 496 500 504 508 512 516 520 524 528 532 536 580 584 588 592 596 600 604 608 612 616 620 624 628 632 636 640 644 648 652 656 660 664 668 672 676 680 684 688 692 696 700 704 708 712 716 720 731 735 739 743 747 751 755 759 763 767 771 775 779 783 787 791 795 799 803 807 811 815 819 823 827 831 835 839 843 847 851 855 859 863 867 871 875 879 883 887 891 895 899 1247 1252 1256 1260 1264 1268 1272 1276 1280 1284 1288 1292 1296 1300 1304 1308 1312 1316 1320 1324 1328 1332 1336 1340 1344 1348 1352 1356 1360 1364 1368 1372 1376 1380 1384 1388 1392 1396 1484 1486 1663 1750 7088 7172 7429
NODE_NUM = 175
FILE arbiter_sub_31.aig

# Subcircuit 32
SUB_ID 32
LO (8):  579 580 7429 7602 10183 10441 10699 10957
LI (95):  203 204 578 584 588 592 596 600 604 608 612 616 620 624 628 632 636 640 644 648 652 656 660 664 668 672 676 680 684 688 692 696 700 704 708 712 716 720 731 735 739 743 747 751 755 759 763 767 771 775 779 783 787 791 795 799 803 807 811 815 819 823 827 831 835 839 843 847 851 855 859 863 867 871 875 879 883 887 891 895 899 903 907 914 1484 1486 1750 10161 10182 10417 10440 10673 10698 10929 10956
NODE_NUM = 183
FILE arbiter_sub_32.aig

# Subcircuit 33
SUB_ID 33
LO (12):  584 586 588 918 919 923 1256 7259 7591 7604 7688 7774
LI (164):  76 77 78 79 204 205 392 396 400 404 408 412 416 420 424 428 432 436 440 444 448 452 456 460 464 468 472 476 480 484 488 492 496 500 504 508 512 516 520 524 528 532 536 587 917 927 931 935 939 943 947 951 955 959 963 967 971 975 979 983 987 991 995 999 1003 1007 1011 1015 1019 1023 1027 1031 1035 1039 1043 1047 1051 1055 1059 1068 1072 1076 1080 1084 1088 1092 1096 1100 1104 1108 1112 1116 1120 1124 1128 1132 1136 1140 1144 1148 1152 1156 1160 1164 1168 1172 1176 1180 1184 1188 1192 1196 1200 1204 1208 1212 1216 1220 1224 1228 1232 1236 1255 1260 1264 1268 1272 1276 1280 1284 1288 1292 1296 1300 1304 1308 1312 1316 1320 1324 1328 1332 1336 1340 1344 1348 1352 1356 1360 1364 1368 1372 1376 1380 1384 1388 1392 1396 1574 1576 1663 1837 7175 7258
NODE_NUM = 172
FILE arbiter_sub_33.aig

# Subcircuit 34
SUB_ID 34
LO (9):  587 592 927 1262 1264 7517 7689 7799 7946
LI (197):  79 80 81 206 207 596 600 604 608 612 616 620 624 628 632 636 640 644 648 652 656 660 664 668 672 676 680 684 688 692 696 700 704 708 712 716 720 731 735 739 743 747 751 755 759 763 767 771 775 779 783 787 791 795 799 803 807 811 815 819 823 827 831 835 839 843 847 851 855 859 863 867 871 875 879 883 887 891 895 899 903 907 911 915 926 931 935 939 943 947 951 955 959 963 967 971 975 979 983 987 991 995 999 1003 1007 1011 1015 1019 1023 1027 1031 1035 1039 1043 1047 1051 1055 1059 1068 1072 1076 1080 1084 1088 1092 1096 1100 1104 1108 1112 1116 1120 1124 1128 1132 1136 1140 1144 1148 1152 1156 1160 1164 1168 1172 1176 1180 1184 1188 1192 1196 1200 1204 1208 1212 1216 1220 1224 1228 1232 1236 1240 1244 1263 1268 1272 1276 1280 1284 1288 1292 1296 1300 1304 1308 1312 1316 1320 1324 1328 1332 1336 1340 1344 1348 1352 1356 1484 1486 1574 1576 1750 1837 7433 7516 7604 7688
NODE_NUM = 200
FILE arbiter_sub_34.aig

# Subcircuit 35
SUB_ID 35
LO (15):  595 596 600 931 935 1263 1268 1270 1272 7775 7874 8033 8034 8118 8204
LI (108):  81 82 83 84 208 209 210 604 608 612 616 620 624 628 632 636 640 644 930 934 939 943 947 951 955 959 963 967 971 975 979 983 987 991 995 999 1003 1007 1011 1015 1019 1023 1027 1031 1035 1039 1043 1047 1051 1055 1059 1068 1072 1076 1080 1084 1088 1092 1096 1100 1104 1108 1112 1116 1120 1124 1128 1132 1136 1140 1144 1148 1152 1156 1160 1164 1168 1172 1176 1180 1184 1188 1192 1196 1200 1204 1208 1212 1216 1220 1224 1228 1232 1236 1240 1244 1248 1252 1256 1260 1271 1574 1576 1837 7690 7691 7774 8032
NODE_NUM = 200
FILE arbiter_sub_35.aig

# Subcircuit 36
SUB_ID 36
LO (12):  603 604 607 608 943 1271 1276 1278 8103 8291 8376 8462
LI (161):  84 85 86 87 211 212 213 392 396 400 404 408 412 416 420 424 428 432 436 440 444 448 452 456 460 464 468 472 476 480 484 488 492 496 500 504 508 512 516 520 524 528 532 536 942 947 951 955 959 963 967 971 975 979 983 987 991 995 999 1003 1007 1011 1015 1019 1023 1027 1031 1035 1039 1043 1047 1051 1055 1059 1068 1072 1076 1080 1084 1088 1092 1096 1100 1104 1108 1112 1116 1120 1124 1128 1132 1136 1140 1144 1148 1152 1156 1160 1164 1168 1172 1176 1180 1184 1188 1192 1196 1200 1204 1208 1212 1216 1220 1224 1228 1232 1236 1240 1244 1248 1252 1256 1260 1264 1268 1280 1284 1288 1292 1296 1300 1304 1308 1312 1316 1320 1324 1328 1332 1336 1340 1344 1348 1352 1356 1360 1364 1368 1372 1376 1380 1384 1388 1392 1396 1574 1576 1663 1837 8034 8290
NODE_NUM = 169
FILE arbiter_sub_36.aig

# Subcircuit 37
SUB_ID 37
LO (10):  612 949 951 1280 1284 8205 8359 8501 8548 8634
LI (195):  87 88 89 214 215 392 396 400 404 408 412 416 420 424 428 432 436 440 444 448 452 456 460 464 468 472 476 480 484 488 492 496 500 504 508 512 516 520 524 528 532 536 607 611 616 620 624 628 632 636 640 644 648 652 656 660 664 668 672 676 680 684 688 692 696 700 704 708 712 716 720 731 735 739 743 747 751 755 759 763 767 771 775 779 783 787 791 795 799 803 807 811 815 819 823 827 831 835 839 843 847 851 855 859 863 867 871 875 879 883 887 891 895 899 903 907 911 915 919 923 927 931 950 955 959 963 967 971 975 979 983 987 991 995 999 1003 1007 1011 1015 1019 1023 1027 1031 1035 1039 1043 1047 1051 1055 1059 1068 1072 1076 1080 1084 1088 1092 1278 1288 1292 1296 1300 1304 1308 1312 1316 1320 1324 1328 1332 1336 1340 1344 1348 1352 1356 1360 1364 1368 1372 1376 1380 1384 1388 1392 1396 1484 1486 1574 1576 1663 1750 1837 8121 8204
NODE_NUM = 200
FILE arbiter_sub_37.aig

# Subcircuit 38
SUB_ID 38
LO (12):  611 616 618 947 950 954 1288 8463 8615 8721 8806 12186
LI (161):  88 89 90 215 216 217 392 396 400 404 408 412 416 420 424 428 432 436 440 444 448 452 456 460 464 468 472 476 480 484 488 492 496 500 504 508 512 516 520 524 528 532 536 616 620 624 627 628 632 636 640 644 648 652 656 660 664 668 672 676 680 684 688 692 696 700 704 708 712 716 720 731 735 739 743 747 751 755 759 763 767 771 775 779 783 787 791 795 799 803 807 811 815 819 823 827 831 835 839 843 847 851 855 859 863 867 871 875 879 883 887 891 895 899 903 907 911 915 919 923 927 931 935 939 946 1287 1292 1296 1300 1304 1308 1312 1316 1320 1324 1328 1332 1336 1340 1344 1348 1352 1356 1360 1364 1368 1372 1376 1380 1384 1388 1392 1396 1484 1486 1663 1750 8462 8718 8720 12184
NODE_NUM = 167
FILE arbiter_sub_38.aig

# Subcircuit 39
SUB_ID 39
LO (15):  620 624 955 959 1294 1296 1325 8718 8815 8892 8978 11215 11473 11731 11989
LI (107):  91 92 93 218 219 618 624 628 632 636 640 644 648 652 656 660 664 668 672 676 680 684 688 692 696 700 704 708 712 716 720 731 735 739 743 747 751 755 759 763 767 771 775 779 783 787 791 795 799 803 807 811 815 819 823 827 831 835 839 843 847 851 855 859 863 867 871 875 879 883 887 891 895 899 903 907 911 915 919 923 927 931 935 939 943 954 958 1293 1295 1300 1304 1308 1312 1316 1320 1324 1484 1486 1750 11195 11214 11451 11472 11707 11730 11963 11988
NODE_NUM = 199
FILE arbiter_sub_39.aig

# Subcircuit 40
SUB_ID 40
LO (9):  628 965 967 1295 1300 2441 8802 9058 9150
LI (119):  93 94 95 220 221 392 396 400 404 408 412 416 627 966 971 975 979 983 987 991 995 999 1003 1007 1011 1015 1019 1023 1027 1031 1035 1039 1043 1047 1051 1055 1059 1068 1072 1076 1080 1084 1088 1092 1096 1100 1104 1108 1112 1116 1120 1124 1128 1132 1136 1140 1144 1148 1152 1156 1160 1164 1168 1172 1176 1180 1184 1188 1192 1196 1200 1204 1208 1212 1216 1220 1224 1228 1232 1236 1240 1244 1248 1252 1256 1260 1264 1268 1272 1304 1308 1312 1316 1320 1324 1328 1332 1336 1340 1344 1348 1352 1356 1360 1364 1368 1372 1376 1380 1384 1388 1392 1396 1574 1576 1663 1837 2408 8723
NODE_NUM = 200
FILE arbiter_sub_40.aig

# Subcircuit 41
SUB_ID 41
LO (12):  627 632 634 963 966 970 1304 8723 8979 9133 9237 9322
LI (162):  94 95 96 221 222 223 392 396 400 404 408 412 416 420 424 428 432 436 440 444 448 452 456 460 464 468 472 476 480 484 488 492 496 500 504 508 512 516 520 524 528 532 536 540 544 548 552 556 560 632 636 640 644 648 652 656 660 664 668 672 676 680 684 688 692 696 700 704 708 712 716 720 731 735 739 743 747 751 755 759 763 767 771 775 779 783 787 791 795 799 803 807 811 815 819 823 827 831 835 839 843 847 851 855 859 863 867 871 875 879 883 887 891 895 899 903 907 911 915 919 923 927 931 935 939 943 947 951 955 962 1303 1308 1312 1316 1320 1324 1328 1332 1336 1340 1344 1348 1352 1356 1360 1364 1368 1372 1376 1380 1384 1388 1392 1396 1484 1486 1663 1750 8722 8978 9234 9236
NODE_NUM = 168
FILE arbiter_sub_41.aig

# Subcircuit 42
SUB_ID 42
LO (13):  636 640 642 971 974 975 978 1312 9234 9389 9408 9495 9580
LI (157):  97 98 99 224 225 226 392 396 400 404 408 412 416 420 424 428 432 436 440 444 448 452 456 460 464 468 472 476 480 484 488 492 496 500 504 508 512 516 520 524 528 532 536 540 544 548 552 556 560 634 640 644 648 652 656 660 664 668 672 676 680 684 688 692 696 700 704 708 712 716 720 731 735 739 743 747 751 755 759 763 767 771 775 779 783 787 791 795 799 803 807 811 815 819 823 827 831 835 839 843 847 851 855 859 863 867 871 875 879 883 887 891 895 899 903 907 911 915 919 923 927 931 935 939 943 947 951 955 959 970 1311 1316 1320 1324 1328 1332 1336 1340 1344 1348 1352 1356 1360 1364 1368 1372 1376 1380 1384 1388 1392 1396 1484 1486 1663 1750 9492
NODE_NUM = 168
FILE arbiter_sub_42.aig

# Subcircuit 43
SUB_ID 43
LO (13):  644 648 979 983 1318 1320 7947 9266 9492 9582 9666 9752 12176
LI (124):  100 101 102 227 228 642 648 652 656 659 660 664 668 672 676 680 684 688 692 696 700 704 708 712 716 720 731 735 739 743 747 751 755 759 763 767 771 775 779 783 787 791 795 799 803 807 811 815 819 823 827 831 835 839 843 847 851 855 859 863 867 871 875 879 883 887 891 895 899 903 907 911 915 919 923 927 931 935 939 943 947 951 955 959 963 967 978 982 987 991 995 999 1003 1007 1011 1015 1019 1023 1027 1031 1035 1039 1043 1047 1051 1055 1059 1068 1072 1076 1080 1319 1484 1486 1574 1576 1750 1837 7874 7946 9238 12164 12166 12175
NODE_NUM = 200
FILE arbiter_sub_43.aig

# Subcircuit 44
SUB_ID 44
LO (9):  652 989 991 1319 1324 9581 9608 9835 9924
LI (116):  102 103 104 229 230 392 396 400 404 408 412 651 990 995 999 1003 1007 1011 1015 1019 1023 1027 1031 1035 1039 1043 1047 1051 1055 1059 1068 1072 1076 1080 1084 1088 1092 1096 1100 1104 1108 1112 1116 1120 1124 1128 1132 1136 1140 1144 1148 1152 1156 1160 1164 1168 1172 1176 1180 1184 1188 1192 1196 1200 1204 1208 1212 1216 1220 1224 1228 1232 1236 1240 1244 1248 1252 1256 1260 1264 1268 1272 1276 1280 1284 1288 1292 1296 1300 1304 1308 1328 1332 1336 1340 1344 1348 1352 1356 1360 1364 1368 1372 1376 1380 1384 1388 1392 1396 1574 1576 1663 1837 9497 9580 9582
NODE_NUM = 200
FILE arbiter_sub_44.aig

# Subcircuit 45
SUB_ID 45
LO (9):  651 656 987 1326 1328 1397 8860 9753 9884
LI (137):  103 104 105 230 231 392 396 400 404 408 412 416 420 424 428 432 436 440 444 448 452 456 460 464 468 472 476 480 484 488 492 656 660 664 668 672 676 680 684 688 692 696 700 704 708 712 716 720 731 735 739 743 747 751 755 759 763 767 771 775 779 783 787 791 795 799 803 807 811 815 819 823 827 831 835 839 843 847 851 855 859 863 867 871 875 879 883 887 891 895 899 903 907 911 915 919 923 927 931 935 939 943 947 951 955 959 963 967 971 975 979 986 1325 1327 1332 1336 1340 1344 1348 1352 1356 1360 1364 1368 1372 1376 1380 1384 1388 1392 1396 1484 1486 1663 1750 8815 9752
NODE_NUM = 200
FILE arbiter_sub_45.aig

# Subcircuit 46
SUB_ID 46
LO (9):  660 997 999 1327 1332 6485 6743 10086 10182
LI (85):  105 106 107 232 233 659 998 1003 1007 1011 1015 1019 1023 1027 1031 1035 1039 1043 1047 1051 1055 1059 1068 1072 1076 1080 1084 1088 1092 1096 1100 1104 1108 1112 1116 1120 1124 1128 1132 1136 1140 1144 1148 1152 1156 1160 1164 1168 1172 1176 1180 1184 1188 1192 1196 1200 1204 1208 1212 1216 1220 1224 1228 1232 1236 1240 1244 1248 1252 1256 1260 1264 1268 1272 1276 1280 1284 1288 1574 1576 1837 6427 6484 6683 6742
NODE_NUM = 200
FILE arbiter_sub_46.aig

# Subcircuit 47
SUB_ID 47
LO (13):  659 664 666 995 998 1002 1336 6427 6683 10011 10161 10269 10354
LI (159):  106 107 108 233 234 235 392 396 400 404 408 412 416 420 424 428 432 436 440 444 448 452 456 460 464 468 472 476 480 484 488 492 496 500 504 508 512 516 520 524 528 532 536 540 544 548 552 556 560 564 568 572 576 664 668 672 676 680 684 688 692 696 700 704 708 712 716 720 731 735 739 743 747 751 755 759 763 767 771 775 779 783 787 791 795 799 803 807 811 815 819 823 827 831 835 839 843 847 851 855 859 863 867 871 875 879 883 887 891 895 899 903 907 911 915 919 923 927 931 935 939 943 947 951 955 959 963 967 971 975 979 983 987 994 1335 1340 1344 1348 1352 1356 1360 1364 1368 1372 1376 1380 1384 1388 1392 1396 1484 1486 1663 1750 6426 6682 10010 10266 10268
NODE_NUM = 165
FILE arbiter_sub_47.aig

# Subcircuit 48
SUB_ID 48
LO (13):  668 672 674 1003 1006 1007 1010 1344 10266 10417 10440 10527 10612
LI (153):  109 110 111 236 237 238 392 396 400 404 408 412 416 420 424 428 432 436 440 444 448 452 456 460 464 468 472 476 480 484 488 492 496 500 504 508 512 516 520 524 528 532 536 540 544 548 552 556 560 564 568 572 576 666 672 676 680 684 688 692 696 700 704 708 712 716 720 731 735 739 743 747 751 755 759 763 767 771 775 779 783 787 791 795 799 803 807 811 815 819 823 827 831 835 839 843 847 851 855 859 863 867 871 875 879 883 887 891 895 899 903 907 911 915 919 923 927 931 935 939 943 947 951 955 959 963 967 971 975 979 983 987 991 1002 1343 1348 1352 1356 1360 1364 1368 1372 1376 1380 1384 1388 1392 1396 1484 1486 1663 1750 10524
NODE_NUM = 164
FILE arbiter_sub_48.aig

# Subcircuit 49
SUB_ID 49
LO (14):  676 680 1011 1015 1350 1352 2183 3727 10304 10524 10639 10698 10784 12166
LI (152):  112 113 114 239 240 392 396 400 404 408 412 416 420 424 428 432 436 440 674 680 684 688 691 692 696 700 704 708 712 716 720 731 735 739 743 747 751 755 759 763 767 771 775 779 783 787 791 795 799 803 807 811 815 819 823 827 831 835 839 843 847 851 855 859 863 867 871 875 879 883 887 891 895 899 903 907 911 915 919 923 927 931 935 939 943 947 951 955 959 963 967 971 975 979 983 987 991 995 999 1010 1014 1019 1023 1027 1031 1035 1039 1043 1047 1051 1055 1059 1068 1072 1076 1080 1084 1088 1092 1096 1100 1104 1108 1112 1116 1120 1124 1128 1132 1136 1351 1356 1360 1364 1368 1372 1376 1380 1384 1388 1392 1396 1484 1486 1574 1576 1663 1750 1837 2165 3701 10270
NODE_NUM = 200
FILE arbiter_sub_49.aig

# Subcircuit 50
SUB_ID 50
LO (14):  683 684 688 1023 1351 1356 1358 1360 7807 10613 10871 10879 10956 11042
LI (103):  114 115 116 117 241 242 243 1022 1027 1031 1035 1039 1043 1047 1051 1055 1059 1068 1072 1076 1080 1084 1088 1092 1096 1100 1104 1108 1112 1116 1120 1124 1128 1132 1136 1140 1144 1148 1152 1156 1160 1164 1168 1172 1176 1180 1184 1188 1192 1196 1200 1204 1208 1212 1216 1220 1224 1228 1232 1236 1240 1244 1248 1252 1256 1260 1264 1268 1272 1276 1280 1284 1288 1292 1296 1300 1304 1308 1312 1316 1320 1324 1328 1332 1336 1340 1344 1348 1359 1364 1368 1372 1376 1380 1384 1388 1574 1576 1837 7799 10529 10612 10870
NODE_NUM = 200
FILE arbiter_sub_50.aig

# Subcircuit 51
SUB_ID 51
LO (13):  691 692 696 1031 1359 1364 1366 1368 10785 11129 11130 11214 11300
LI (176):  117 118 119 120 244 245 246 696 700 704 708 712 716 720 731 735 739 743 747 751 755 759 763 767 771 775 779 783 787 791 795 799 803 807 811 815 819 823 827 831 835 839 843 847 851 855 859 863 867 871 875 879 883 887 891 895 899 903 907 911 915 919 923 927 931 935 939 943 947 951 955 959 963 967 971 975 979 983 987 991 995 999 1003 1007 1011 1030 1035 1039 1043 1047 1051 1055 1059 1068 1072 1076 1080 1084 1088 1092 1096 1100 1104 1108 1112 1116 1120 1124 1128 1132 1136 1140 1144 1148 1152 1156 1160 1164 1168 1172 1176 1180 1184 1188 1192 1196 1200 1204 1208 1212 1216 1220 1224 1228 1232 1236 1240 1244 1248 1252 1256 1260 1264 1268 1272 1276 1280 1284 1288 1292 1296 1300 1304 1308 1312 1316 1320 1324 1328 1332 1336 1340 1344 1348 1352 1356 1367 1484 1486 1574 1576 1750 1837 10701 10784 11128
NODE_NUM = 185
FILE arbiter_sub_51.aig

# Subcircuit 52
SUB_ID 52
LO (11):  700 1037 1039 1367 1372 3389 3647 11043 11166 11325 11472
LI (153):  120 121 122 247 248 392 396 400 404 408 412 416 420 424 428 432 436 440 444 448 452 456 460 464 468 472 476 480 484 488 492 496 500 699 704 708 712 716 720 731 735 739 743 747 751 755 759 763 767 771 775 779 783 787 791 795 799 803 807 811 815 819 823 827 831 835 839 843 847 851 855 859 863 867 871 875 879 883 887 891 895 899 903 907 911 915 919 923 927 931 935 939 943 947 951 955 959 963 967 971 975 979 983 987 991 995 999 1003 1007 1011 1015 1019 1038 1043 1047 1051 1055 1059 1068 1072 1076 1080 1084 1088 1092 1096 1100 1104 1108 1112 1116 1120 1124 1376 1380 1384 1388 1392 1396 1484 1486 1574 1576 1663 1750 1837 3365 3388 3621 3646 10959 11042 11130
NODE_NUM = 200
FILE arbiter_sub_52.aig

# Subcircuit 53
SUB_ID 53
LO (11):  699 704 706 1035 1038 1042 1376 11301 11451 11559 11644
LI (157):  121 122 123 248 249 250 392 396 400 404 408 412 416 420 424 428 432 436 440 444 448 452 456 460 464 468 472 476 480 484 488 492 496 500 504 508 512 516 520 524 528 532 536 540 544 548 552 556 560 564 568 572 576 580 584 588 592 596 600 604 608 612 616 704 708 712 716 720 731 735 739 743 747 751 755 759 763 767 771 775 779 783 787 791 795 799 803 807 811 815 819 823 827 831 835 839 843 847 851 855 859 863 867 871 875 879 883 887 891 895 899 903 907 911 915 919 923 927 931 935 939 943 947 951 955 959 963 967 971 975 979 983 987 991 995 999 1003 1007 1011 1015 1019 1023 1027 1034 1375 1380 1384 1388 1392 1396 1484 1486 1663 1750 11300 11556 11558
NODE_NUM = 163
FILE arbiter_sub_53.aig

# Subcircuit 54
SUB_ID 54
LO (15):  708 712 714 1043 1046 1047 1050 1384 2873 11556 11707 11730 11817 11902 12164
LI (172):  124 125 126 251 252 253 392 396 400 404 408 412 416 420 424 428 432 436 440 444 448 452 456 460 464 468 472 476 480 484 488 492 496 500 504 508 512 516 520 524 528 532 536 540 544 548 552 556 560 564 568 572 576 580 584 588 592 596 600 604 608 612 616 706 712 716 720 731 734 735 739 743 747 751 755 759 763 767 771 775 779 783 787 791 795 799 803 807 811 815 819 823 827 831 835 839 843 847 851 855 859 863 867 871 875 879 883 887 891 895 899 903 907 911 915 919 923 927 931 935 939 943 947 951 955 959 963 967 971 975 979 983 987 991 995 999 1003 1007 1011 1015 1019 1023 1027 1031 1042 1051 1055 1059 1068 1072 1076 1080 1084 1088 1092 1096 1100 1383 1388 1392 1396 1484 1486 1574 1576 1663 1750 1837 2854 2872 11814 12163
NODE_NUM = 184
FILE arbiter_sub_54.aig

# Subcircuit 55
SUB_ID 55
LO (11):  716 720 1051 1055 1390 1392 7847 11814 11943 11988 12074
LI (131):  1 127 128 254 255 392 396 400 404 408 412 416 420 424 428 432 436 440 444 448 452 456 460 464 468 472 476 480 484 488 492 496 500 504 508 512 516 520 524 528 532 536 714 720 731 735 739 743 747 751 755 759 763 767 771 775 779 783 787 791 795 799 803 807 811 815 819 823 827 831 835 839 843 847 851 855 859 863 867 871 875 879 883 887 891 895 899 903 907 911 915 919 923 927 931 935 939 943 947 951 955 959 963 967 971 975 979 983 987 991 995 999 1003 1007 1011 1015 1019 1023 1027 1031 1035 1039 1050 1054 1391 1396 1484 1486 1663 1750 7807
NODE_NUM = 175
FILE arbiter_sub_55.aig

# Subcircuit 56
SUB_ID 56
LO (10):  723 1062 1391 1396 1483 1484 1574 10929 11633 12145
LI (126):  1 2 3 129 130 256 392 396 400 404 408 412 416 420 424 428 432 436 440 444 448 452 456 460 464 468 472 476 480 484 488 492 496 500 504 508 512 516 520 524 528 532 536 540 544 548 552 556 560 564 568 572 576 1068 1072 1076 1080 1084 1088 1092 1096 1100 1104 1108 1112 1116 1120 1124 1128 1132 1136 1140 1144 1148 1152 1156 1160 1164 1168 1172 1176 1180 1184 1188 1192 1196 1200 1204 1208 1212 1216 1220 1224 1228 1232 1236 1240 1244 1248 1252 1256 1260 1264 1268 1272 1276 1280 1284 1288 1292 1296 1300 1304 1308 1312 1316 1320 1324 1328 1332 1573 1576 1663 1837 10880 11563
NODE_NUM = 200
FILE arbiter_sub_56.aig

# Subcircuit 57
SUB_ID 57
LO (25):  727 730 734 738 742 746 750 755 758 763 766 770 779 781 790 794 1124 2187 2445 3305 5711 5969 7001 12075 12163
LI (145):  5 6 8 9 11 12 14 15 16 17 18 19 20 21 25 29 30 132 133 135 136 138 139 141 142 144 145 147 148 152 156 157 419 424 427 432 759 763 767 771 775 778 783 787 791 795 799 803 807 811 815 819 823 827 831 835 839 843 847 851 855 859 863 867 871 875 879 883 887 891 895 899 903 907 911 915 919 923 927 931 935 939 943 947 951 955 959 963 967 971 975 979 983 987 991 995 999 1003 1007 1011 1015 1019 1023 1027 1031 1035 1039 1043 1047 1051 1123 1128 1132 1136 1140 1144 1148 1152 1156 1160 1164 1168 1172 1176 1180 1184 1188 1192 1196 1200 1204 1208 1212 1216 1220 1224 1228 5692 5710 5948 5968 6972 7000 11998 12074
NODE_NUM = 175
FILE arbiter_sub_57.aig

# Subcircuit 58
SUB_ID 58
LO (40):  798 802 806 810 814 818 822 826 830 834 838 842 846 851 854 858 862 866 875 877 886 890 899 901 915 917 926 1220 2813 4693 5283 6400 7175 7690 8549 9323 10355 11387 11903 12175
LI (113):  32 33 35 36 38 39 41 42 44 45 47 48 50 51 52 53 54 56 57 61 65 66 70 76 159 160 162 163 165 166 168 169 171 172 174 175 177 178 180 181 183 184 188 192 193 197 203 207 208 515 520 782 874 898 914 1219 1224 1228 1232 1236 1240 1244 1248 1252 1256 1259 1260 1264 1268 1272 1276 1280 1284 1288 1292 1296 1300 1304 1308 1312 1316 1320 1324 1328 1332 1336 1340 1344 1348 1352 1356 1360 1364 1368 1372 1376 1380 2812 4692 7174 8532 8548 9300 9322 10324 10354 11348 11386 11860 11902 12170 12171 12173
NODE_NUM = 200
FILE arbiter_sub_58.aig

# Subcircuit 59
SUB_ID 59
LO (65):  930 934 939 942 946 958 962 982 986 990 994 1014 1019 1022 1027 1030 1034 1054 1059 1111 1115 1119 1123 1207 1212 1215 1219 1231 1235 1239 1244 1247 1252 1255 1259 1260 1292 1293 1316 1348 1388 2408 4435 6143 7174 7433 8121 8532 8722 9065 9300 9497 9839 10097 10324 10529 10701 10959 11348 11563 11645 11860 11998 12161 12223
LI (199):  1 2 24 25 27 28 60 61 62 63 64 69 70 72 73 74 75 76 77 78 79 80 81 83 84 85 86 87 92 93 101 102 104 105 113 114 115 116 117 118 119 120 128 151 152 154 155 187 188 190 191 196 197 199 200 202 203 205 206 208 210 211 213 214 219 220 228 229 231 232 240 241 243 244 246 247 255 256 603 608 683 688 691 696 731 735 739 743 747 751 878 883 910 918 923 974 987 1006 1019 1038 1059 1068 1072 1076 1080 1084 1088 1092 1095 1096 1100 1104 1108 1112 1116 1120 1124 1128 1132 1136 1140 1144 1148 1152 1156 1160 1164 1168 1172 1176 1180 1184 1188 1191 1192 1196 1200 1204 1208 1212 1216 1223 1271 1289 1291 1296 1300 1304 1308 1312 1315 1320 1324 1347 1352 1356 1360 1364 1368 1372 1376 1380 1384 1387 1483 1486 1574 1576 1750 1837 2406 4434 8530 9062 9064 9298 9836 9838 10086 10096 10322 11346 11562 11636 11644 12148 12160 12194 12195 12196 12206 12207 12209 12210 12211 12216 12217 12219 12221
NODE_NUM = 200
FILE arbiter_sub_59.aig

# Subcircuit 60
SUB_ID 60
LO (62):  1287 1291 1303 1308 1311 1315 1335 1340 1343 1347 1375 1380 1383 1387 1579 1840 1854 2098 2356 2614 2872 3044 3471 3474 3646 3818 3904 4162 4420 4678 4936 5194 5452 5455 5519 5692 5710 5797 5882 5948 5968 6140 6227 6315 6567 6570 6742 6914 6972 7344 7860 8032 8290 8530 8720 8807 9238 10270 11562 11636 12148 12206
LI (187):  90 91 96 97 98 99 100 108 109 110 111 112 123 124 125 126 127 133 136 139 142 145 148 150 155 157 159 160 163 166 169 172 175 178 181 183 184 186 191 193 195 200 206 208 211 216 217 218 223 224 226 227 235 236 238 239 250 251 253 254 396 400 404 408 412 416 420 424 428 432 436 440 444 448 450 452 456 460 464 468 472 476 480 484 488 492 496 500 504 508 512 516 520 524 528 532 536 546 552 570 586 773 797 861 869 893 949 974 1006 1046 1051 1055 1070 1078 1086 1094 1096 1100 1102 1104 1108 1112 1116 1120 1124 1126 1128 1132 1134 1136 1140 1142 1144 1148 1150 1152 1156 1158 1160 1164 1166 1168 1172 1174 1176 1180 1182 1184 1188 1190 1192 1196 1198 1200 1204 1208 1222 1262 1270 1276 1280 1284 1319 1344 1483 1578 1853 3459 5454 5509 5691 5765 5796 5947 6217 6226 6314 6543 6966 8501 8802 8806 11634 12146 12200 12202 12204
NODE_NUM = 198
FILE arbiter_sub_60.aig

# Subcircuit 61
SUB_ID 61
LO (13):  8877 9062 9064 9236 9298 9645 9836 9838 9901 10010 10096 10268 10322
LI (93):  220 222 229 231 232 234 416 420 424 428 432 436 440 444 448 452 456 460 464 468 472 476 480 484 488 492 496 500 504 508 512 516 520 524 528 532 536 540 544 548 552 556 560 965 989 997 1084 1088 1092 1096 1100 1104 1108 1112 1116 1120 1124 1128 1132 1136 1140 1144 1148 1152 1156 1160 1164 1168 1172 1176 1180 1184 1188 1192 1196 1200 1204 1208 1276 1280 1284 1288 1294 1312 1318 1326 8860 9058 9266 9608 9835 9884 10304
NODE_NUM = 132
FILE arbiter_sub_61.aig

# Subcircuit 62
SUB_ID 62
LO (21):  10673 10870 10880 11128 11195 11346 11386 11558 11634 11963 12146 12160 12170 12178 12180 12184 12196 12200 12211 12216 12219
LI (102):  241 244 247 249 256 388 403 444 448 452 456 460 464 468 472 476 480 483 484 488 492 496 499 500 504 508 512 516 520 524 528 532 536 540 544 548 552 556 560 564 568 572 576 579 580 584 588 592 595 596 600 604 608 612 616 878 894 910 926 1037 1064 1079 1127 1128 1132 1136 1140 1143 1144 1148 1152 1156 1159 1160 1164 1168 1172 1175 1176 1180 1184 1188 1192 1196 1200 1204 1208 1336 1350 1351 1358 1366 1367 1390 1392 10639 10879 11166 11325 11633 11943 12145
NODE_NUM = 121
FILE arbiter_sub_62.aig

