# Subcircuit 0
SUB_ID 0
LO (19):  51 53 55 57 59 61 64 65 67 73 88 255 267 635 832 907 1073 2735 2736
LI (19):  1 2 3 4 5 6 7 8 9 10 11 12 13 14 15 16 17 18 19
NODE_NUM = 29
FILE sin_sub_0.aig

# Subcircuit 1
SUB_ID 1
LO (49):  76 105 106 107 108 110 112 115 116 121 123 124 127 131 133 136 140 143 144 158 180 186 196 208 214 278 279 288 295 298 302 310 327 330 345 395 397 413 414 424 432 492 499 531 555 581 739 5095 5451
LI (9):  20 21 22 23 67 72 73 85 90
NODE_NUM = 77
FILE sin_sub_1.aig

# Subcircuit 2
SUB_ID 2
LO (79):  72 85 111 113 114 117 118 119 125 126 128 129 132 134 137 139 149 159 160 175 176 179 187 189 191 192 193 199 201 203 205 206 221 228 280 281 283 296 297 303 307 308 309 328 340 342 351 352 353 354 355 357 373 374 375 376 377 378 379 412 426 431 448 449 455 456 459 479 480 565 593 659 970 974 2070 2292 2796 3143 5122
LI (14):  18 19 23 65 76 84 110 112 115 124 127 131 133 136
NODE_NUM = 89
FILE sin_sub_2.aig

# Subcircuit 3
SUB_ID 3
LO (23):  84 90 138 173 253 306 322 359 371 381 394 446 450 454 516 600 657 694 718 741 750 2154 2643
LI (76):  16 17 23 64 88 106 107 108 114 116 118 119 123 128 129 132 136 137 141 143 153 155 156 172 178 191 192 193 195 200 201 202 204 206 210 213 228 242 286 294 295 296 297 301 305 308 313 322 323 339 341 343 350 352 355 356 357 372 373 374 375 377 379 386 412 440 447 449 471 511 639 656 687 701 716 745
NODE_NUM = 96
FILE sin_sub_3.aig

# Subcircuit 4
SUB_ID 4
LO (43):  141 172 496 511 542 543 553 578 619 626 630 633 656 796 798 807 809 810 812 813 814 819 821 840 842 1079 1082 1144 1215 1250 1389 1390 1436 1473 1513 1514 1705 1706 1743 1778 2774 2867 4477
LI (55):  106 114 118 121 139 140 153 156 169 178 180 196 205 223 269 278 288 297 302 308 355 372 424 431 446 447 456 479 490 493 503 509 516 529 530 539 541 571 590 614 618 638 654 719 754 755 759 774 778 781 784 786 794 799 811
NODE_NUM = 100
FILE sin_sub_4.aig

# Subcircuit 5
SUB_ID 5
LO (29):  142 169 229 237 294 341 464 471 490 529 563 571 590 597 614 658 687 704 714 729 738 745 932 934 948 1968 1998 2156 3507
LI (77):  121 126 132 134 146 148 151 152 156 168 176 180 187 197 198 200 201 202 204 205 207 209 219 220 222 226 227 228 279 287 288 296 301 302 308 309 324 325 333 340 344 348 374 375 376 382 406 408 411 414 426 432 448 455 456 461 470 479 485 503 519 554 560 562 566 584 591 594 607 684 711 720 724 732 733 743 1991
NODE_NUM = 100
FILE sin_sub_5.aig

# Subcircuit 6
SUB_ID 6
LO (47):  146 168 222 223 224 226 227 323 339 346 347 348 350 406 411 440 469 470 485 493 541 599 604 606 607 644 654 674 676 681 683 684 701 724 757 759 767 774 781 789 794 863 864 867 2291 2868 4034
LI (77):  105 107 110 115 116 117 121 127 128 131 132 133 136 140 143 144 150 155 166 178 187 190 192 197 200 204 205 220 221 229 278 280 297 309 324 326 329 338 344 345 351 355 357 373 374 376 377 405 409 413 430 438 448 449 467 479 480 482 483 492 499 543 554 591 598 600 642 649 665 680 699 721 765 766 780 787 858
NODE_NUM = 100
FILE sin_sub_6.aig

# Subcircuit 7
SUB_ID 7
LO (49):  148 151 152 164 166 198 207 209 213 219 301 325 326 338 383 386 405 425 438 483 509 539 554 591 594 618 642 648 649 660 665 710 711 732 765 766 780 786 787 857 858 888 889 893 1224 2033 2146 2272 2284
LI (70):  105 107 110 111 115 116 121 127 128 131 133 143 144 150 153 155 156 158 160 164 176 177 179 181 186 192 205 206 208 212 214 220 296 300 310 324 334 344 353 357 372 375 382 384 395 400 408 415 423 424 430 433 455 499 508 516 536 555 593 646 659 705 706 731 733 763 779 863 869 878
NODE_NUM = 98
FILE sin_sub_7.aig

# Subcircuit 8
SUB_ID 8
LO (20):  150 743 2231 2234 2237 2240 2244 2248 2251 2270 2271 2303 2306 2313 2404 2433 2446 2489 2506 2520
LI (40):  121 137 149 155 178 187 196 214 296 346 373 386 407 412 425 469 704 740 741 922 1214 1961 1962 2001 2010 2032 2034 2066 2067 2093 2094 2097 2109 2129 2133 2224 2227 2282 2288 2301
NODE_NUM = 100
FILE sin_sub_8.aig

# Subcircuit 9
SUB_ID 9
LO (18):  153 1231 1242 1307 1310 1314 1315 1388 1409 1412 1417 1421 1426 1430 1500 1550 1797 1894
LI (34):  105 126 214 281 310 331 345 426 446 447 604 834 922 1189 1196 1199 1204 1212 1223 1230 1252 1263 1291 1299 1304 1313 1318 1326 1334 1362 1372 1377 1403 1407
NODE_NUM = 87
FILE sin_sub_9.aig

# Subcircuit 10
SUB_ID 10
LO (45):  155 177 178 185 242 329 334 400 407 408 409 465 466 467 497 498 503 508 536 582 584 733 763 778 870 871 873 878 931 942 966 969 981 994 999 1001 1004 1005 1007 1009 1013 1055 1117 1118 2399
LI (62):  105 107 108 110 115 119 121 123 125 127 131 132 133 134 144 158 174 176 181 198 205 206 213 214 220 223 241 258 279 295 298 323 327 328 331 333 344 354 357 372 375 395 396 397 414 415 501 502 532 556 562 581 583 761 807 877 921 929 936 959 977 991
NODE_NUM = 98
FILE sin_sub_10.aig

# Subcircuit 11
SUB_ID 11
LO (21):  156 286 427 430 2049 2066 2067 2109 2653 2705 2711 2730 2792 2794 2806 2812 2854 2929 2954 3431 3470
LI (51):  105 113 140 153 174 180 213 220 258 277 278 284 288 297 301 313 340 356 379 382 412 414 415 426 431 705 720 796 2043 2056 2065 2100 2102 2303 2366 2368 2375 2376 2386 2500 2603 2641 2642 2652 2658 2699 2715 2787 2788 2805 2810
NODE_NUM = 99
FILE sin_sub_11.aig

# Subcircuit 12
SUB_ID 12
LO (25):  174 929 990 991 1979 1991 2032 2129 2658 2787 2788 3175 3177 3179 3181 3183 3186 3192 3200 3203 3205 3219 3409 3522 3699
LI (74):  106 107 108 116 123 128 138 143 146 151 155 159 177 188 190 197 206 211 213 220 228 281 286 296 339 357 372 374 375 377 379 382 383 394 395 412 447 454 497 614 659 660 705 710 720 732 733 778 787 870 928 948 953 982 1223 1969 1971 1989 2003 2026 2031 2035 2273 2647 2749 2786 2897 3112 3128 3137 3142 3160 3178 3182
NODE_NUM = 99
FILE sin_sub_12.aig

# Subcircuit 13
SUB_ID 13
LO (10):  181 4617 4716 4816 4899 4980 4986 4987 5046 5047
LI (37):  132 146 179 180 198 224 280 295 309 325 352 354 376 378 408 413 457 581 733 786 787 870 2038 4027 4498 4505 4585 4596 4613 4621 4702 4804 4805 4887 4888 4974 4975
NODE_NUM = 91
FILE sin_sub_13.aig

# Subcircuit 14
SUB_ID 14
LO (20):  188 195 241 519 959 2003 2010 2026 2038 2043 2093 2094 3552 3874 4022 4031 4032 4048 4158 4159
LI (67):  105 119 142 146 149 158 160 180 186 187 192 194 198 207 211 213 228 238 253 280 302 313 324 328 346 377 406 413 415 426 431 447 450 465 479 480 501 517 531 581 591 594 718 767 922 947 948 956 1968 2016 2034 2037 2040 2081 2092 3546 3551 3559 3570 3722 3725 3866 3867 4017 4018 4027 4040
NODE_NUM = 93
FILE sin_sub_14.aig

# Subcircuit 15
SUB_ID 15
LO (29):  190 194 754 755 811 891 894 895 897 899 1134 1137 1139 1152 1154 1195 1272 1273 1304 1372 1377 1939 1941 2395 2461 2462 2467 2469 2621
LI (22):  105 189 193 638 694 750 818 834 852 855 888 889 893 914 1013 1060 1098 1105 1123 1127 1138 1147
NODE_NUM = 98
FILE sin_sub_15.aig

# Subcircuit 16
SUB_ID 16
LO (32):  197 277 502 953 955 956 1018 1021 1038 1040 1041 1042 1044 1046 1060 1098 1127 1138 1147 1176 1178 1257 1258 1922 2196 2273 2282 2376 2382 2384 4014 5439
LI (45):  105 114 128 140 148 175 201 208 211 214 220 258 262 269 276 309 345 353 373 374 376 395 397 412 456 479 480 562 582 626 719 720 921 951 999 1030 1057 1090 1168 2272 3142 3148 3595 4002 4003
NODE_NUM = 97
FILE sin_sub_16.aig

# Subcircuit 17
SUB_ID 17
LO (25):  200 333 1212 2035 2037 2288 2810 3234 3237 3239 3247 3250 3251 3257 3260 3261 3365 3715 3754 3757 3760 3761 3762 3876 3877
LI (51):  107 114 134 174 196 199 213 214 327 330 331 413 431 719 1211 2287 2404 2433 2489 2506 2711 2738 2809 2937 2954 3031 3053 3072 3111 3178 3233 3246 3256 3264 3269 3275 3280 3287 3288 3295 3300 3315 3335 3343 3360 3696 3697 3701 3710 3731 3742
NODE_NUM = 97
FILE sin_sub_17.aig

# Subcircuit 18
SUB_ID 18
LO (23):  202 598 1969 2016 2056 2301 2862 2897 2899 2902 2905 3099 3103 3206 3208 3210 3215 3217 3407 3489 3490 3503 3614
LI (49):  121 128 175 186 205 220 273 305 307 324 340 345 396 405 406 425 426 464 531 532 591 733 759 799 982 2052 2102 2290 2291 2292 2730 2742 2847 2858 2859 2873 2891 2907 2917 2929 2933 2937 3096 3181 3190 3191 3192 3200 3205
NODE_NUM = 94
FILE sin_sub_18.aig

# Subcircuit 19
SUB_ID 19
LO (28):  204 457 461 530 705 706 922 928 1030 1214 1223 1986 1989 2873 3595 3599 3722 3725 3866 3867 3897 3903 3904 3905 4051 4053 4054 4180
LI (76):  108 119 121 138 141 158 160 186 187 196 201 202 203 206 207 213 220 222 226 227 278 279 295 309 324 327 331 343 345 347 375 376 395 409 414 427 456 460 465 480 542 554 560 581 591 674 683 759 787 796 870 947 948 974 982 1028 1215 1231 2049 2153 2866 2867 2868 3111 3142 3178 3579 3592 3600 3721 3754 3854 3856 3876 3877 3884
NODE_NUM = 100
FILE sin_sub_19.aig

# Subcircuit 20
SUB_ID 20
LO (20):  210 212 396 680 947 977 1211 1971 3112 3148 3160 4389 4498 4504 4505 4613 4621 4887 4888 5102
LI (70):  106 114 121 128 138 141 150 151 158 176 187 190 192 199 207 211 221 224 227 279 287 310 324 328 331 340 354 372 375 377 408 412 424 447 465 480 498 531 555 581 658 718 724 869 945 948 973 975 1206 2035 2049 2077 2290 2653 3146 3507 3579 4002 4027 4037 4272 4281 4365 4366 4385 4476 4483 4620 4873 5098
NODE_NUM = 100
FILE sin_sub_20.aig

# Subcircuit 21
SUB_ID 21
LO (23):  211 220 447 2077 2081 2153 2224 2227 2287 2847 2858 2859 2917 2933 2937 3233 3246 3430 3499 3502 3570 4645 4647
LI (59):  107 113 121 136 140 153 175 176 186 196 198 273 280 297 354 372 376 408 479 561 2073 2080 2145 2150 2160 2223 2284 2738 2792 2794 2817 2841 2854 2913 2915 2931 3099 3178 3182 3187 3214 3215 3228 3230 3232 3245 3389 3390 3391 3401 3404 3408 3409 3411 3428 3488 3489 3490 3492
NODE_NUM = 98
FILE sin_sub_21.aig

# Subcircuit 22
SUB_ID 22
LO (13):  238 258 1291 1352 1361 1415 5378 5400 5423 5438 5450 5460 5465
LI (30):  9 23 177 196 237 257 280 296 356 458 809 813 819 821 1265 1266 1278 1289 1342 1347 4027 5345 5356 5361 5374 5389 5412 5427 5439 5451
NODE_NUM = 99
FILE sin_sub_22.aig

# Subcircuit 23
SUB_ID 23
LO (16):  257 921 1105 1265 1266 1362 1511 1559 1564 1590 1612 1645 1681 1876 1882 1886
LI (39):  10 23 57 255 809 813 819 821 840 842 891 895 897 899 1079 1082 1099 1100 1326 1352 1353 1354 1361 1438 1443 1460 1489 1500 1504 1510 1512 1519 1520 1521 1536 1552 1570 1575 1588
NODE_NUM = 99
FILE sin_sub_23.aig

# Subcircuit 24
SUB_ID 24
LO (23):  262 269 276 1123 1289 1342 1347 1438 1489 1519 1536 1588 1617 1651 1652 1659 1662 1687 1707 1732 1733 1868 1872
LI (36):  8 23 55 266 267 273 809 813 819 821 891 895 897 899 1001 1005 1007 1009 1082 1117 1118 1436 1479 1484 1488 1513 1514 1530 1531 1605 1612 1622 1636 1641 1645 1650
NODE_NUM = 98
FILE sin_sub_24.aig

# Subcircuit 25
SUB_ID 25
LO (27):  266 273 852 1075 1090 1196 1199 1263 1299 1313 1334 1403 1407 1484 1552 1605 1622 1650 1689 1711 1712 1713 1759 1772 1843 1860 2733
LI (45):  6 7 23 53 446 626 809 813 819 821 826 840 845 850 891 895 1001 1005 1007 1009 1038 1042 1044 1046 1072 1073 1087 1195 1257 1258 1395 1400 1409 1550 1590 1592 1597 1669 1674 1678 1681 1687 1705 1706 1707
NODE_NUM = 100
FILE sin_sub_25.aig

# Subcircuit 26
SUB_ID 26
LO (15):  284 287 799 2805 3742 5050 5120 5188 5243 5294 5323 5327 5333 5351 5352
LI (34):  107 142 143 180 189 198 207 279 283 323 347 458 942 969 2804 3585 3741 4027 4980 4987 5030 5032 5046 5047 5108 5109 5173 5174 5231 5232 5279 5280 5318 5319
NODE_NUM = 97
FILE sin_sub_26.aig

# Subcircuit 27
SUB_ID 27
LO (28):  300 305 313 324 331 343 517 721 784 936 2160 2804 3142 3559 4483 4791 4804 4805 4974 4975 5106 5231 5232 5279 5280 5318 5319 5361
LI (82):  105 106 107 136 156 160 173 176 180 187 188 192 203 204 221 222 281 288 296 298 302 303 307 308 309 310 323 341 342 346 351 357 373 394 406 407 408 411 413 423 426 455 456 458 483 503 530 539 555 563 659 798 871 931 935 1979 2154 2157 2159 2273 2796 3507 3555 3557 3584 3884 4480 4782 4790 4794 4800 4961 4964 5098 5105 5125 5215 5220 5248 5278 5317 5360
NODE_NUM = 99
FILE sin_sub_27.aig

# Subcircuit 28
SUB_ID 28
LO (33):  344 356 372 382 384 415 416 423 556 560 731 877 975 2050 2052 2366 2368 2369 2371 2647 2652 3585 3592 3856 3878 4272 4280 4281 4385 4480 4620 5389 5412
LI (75):  105 107 118 121 123 126 134 140 142 149 152 174 177 178 179 186 187 189 190 199 206 207 208 221 224 228 278 279 280 281 296 298 340 342 354 373 375 381 412 413 414 426 448 455 479 490 499 555 730 875 922 974 1021 2051 2231 2271 2291 2315 2360 2646 2648 3128 3584 4152 4156 4174 4263 4276 4277 4477 4479 4619 4791 5247 5401
NODE_NUM = 97
FILE sin_sub_28.aig

# Subcircuit 29
SUB_ID 29
LO (21):  433 458 460 583 2749 2809 3520 3533 3546 3551 3696 3697 3701 3710 3721 3731 3854 3909 3996 4000 4790
LI (55):  121 123 128 150 159 179 327 340 341 383 431 432 448 459 479 503 532 555 619 660 704 738 796 863 969 990 1021 2034 2100 2145 2738 2744 2807 3111 3175 3177 3178 3182 3187 3430 3506 3507 3509 3522 3524 3527 3693 3699 3716 3718 3761 3762 3846 3905 3907
NODE_NUM = 99
FILE sin_sub_29.aig

# Subcircuit 30
SUB_ID 30
LO (20):  501 532 561 562 566 638 945 1460 1592 1961 1962 2223 2318 2319 2328 2330 2331 2345 3509 4003
LI (45):  13 23 116 191 208 307 308 327 352 353 371 432 455 483 499 531 565 637 1001 1005 1007 1009 1038 1042 1314 1315 1452 1459 1898 1899 1900 1905 1914 1924 1951 2180 2183 2188 2189 2190 2201 2203 2327 2343 3508
NODE_NUM = 88
FILE sin_sub_30.aig

# Subcircuit 31
SUB_ID 31
LO (21):  637 855 1087 1189 1252 1318 1479 1488 1899 1900 1914 1951 2188 2189 2190 2360 2664 2667 2670 2677 2696
LI (47):  14 23 61 446 635 809 813 819 821 840 842 1001 1005 1007 1009 1038 1042 1079 1080 1081 1082 1134 1137 1139 1144 1152 1154 1181 1250 1314 1315 1470 1474 1908 1909 1933 1947 2318 2319 2328 2330 2331 2332 2333 2345 2665 2675
NODE_NUM = 92
FILE sin_sub_31.aig

# Subcircuit 32
SUB_ID 32
LO (34):  639 646 699 716 719 720 730 740 761 779 818 826 850 909 914 1057 1099 1100 1168 1278 1353 1354 1905 2073 2407 2744 3884 4037 4040 4596 5345 5355 5356 5374
LI (71):  12 23 59 105 108 116 134 137 139 140 148 158 159 185 186 191 196 208 223 296 308 325 327 328 342 345 373 397 449 450 458 479 531 633 714 729 733 739 774 789 809 810 813 814 819 821 891 895 897 899 906 907 1001 1005 1007 1009 1055 1272 1273 2070 2867 3160 3507 3879 4036 4039 4594 5323 5327 5351 5352
NODE_NUM = 99
FILE sin_sub_32.aig

# Subcircuit 33
SUB_ID 33
LO (23):  834 845 1080 1081 1908 1909 2201 2203 2327 2332 2333 2500 2632 2641 2665 2699 2758 2759 2768 2770 2771 2773 3466
LI (32):  15 23 578 809 812 813 821 833 840 842 1001 1004 1005 1009 1038 1042 1079 2196 2324 2396 2458 2472 2494 2618 2628 2664 2667 2670 2677 2678 2696 2765
NODE_NUM = 88
FILE sin_sub_33.aig

# Subcircuit 34
SUB_ID 34
LO (33):  833 869 875 906 935 951 973 982 1028 1072 1181 1200 1203 1204 1326 1400 1459 1512 1597 1636 1641 1674 1704 1718 1721 1729 1847 1933 2866 3555 3693 3879 5220
LI (73):  4 5 11 23 51 114 123 132 139 158 180 186 208 229 283 306 322 325 328 330 340 353 374 375 383 406 448 456 479 581 590 597 626 630 644 659 676 681 809 812 819 821 832 863 867 891 894 897 899 934 966 970 981 990 1001 1004 1007 1009 1038 1041 1044 1046 1176 1178 1212 1630 1696 1712 1713 2109 3686 3878 5216
NODE_NUM = 99
FILE sin_sub_34.aig

# Subcircuit 35
SUB_ID 35
LO (15):  1230 1395 1443 1452 1504 1510 1575 1887 1898 2001 2031 2065 2092 2097 2133
LI (50):  106 123 227 258 295 383 446 555 818 840 897 899 1082 1224 1242 1307 1310 1388 1389 1390 1412 1415 1417 1421 1426 1430 1559 1564 1617 1651 1652 1689 1731 1738 1745 1746 1747 1834 1837 1843 1847 1860 1868 1872 1876 1882 1886 1888 1894 1998
NODE_NUM = 100
FILE sin_sub_35.aig

# Subcircuit 36
SUB_ID 36
LO (23):  1470 1474 1520 1521 1530 1531 1570 1630 1669 1678 1696 1746 1747 2400 2413 2425 2458 2494 2518 2533 2536 2601 2611
LI (42):  258 446 818 840 842 891 895 909 921 1079 1082 1242 1314 1315 1468 1469 1473 1568 1569 1628 1629 1659 1664 1694 1695 2240 2244 2248 2251 2396 2399 2408 2409 2416 2423 2424 2433 2447 2449 2483 2489 2517
NODE_NUM = 99
FILE sin_sub_36.aig

# Subcircuit 37
SUB_ID 37
LO (13):  1664 1694 1731 1738 1745 1834 1837 2913 2915 2931 2951 2952 2966
LI (51):  262 269 446 578 840 842 897 899 1075 1079 1082 1203 1242 1314 1315 1662 1704 1711 1718 1721 1729 1732 1733 1743 1744 1759 1761 1765 1767 1769 1770 1772 1775 1779 1780 1785 1786 1787 1792 1793 1794 1795 1798 1821 1827 2368 2705 2741 2742 2912 2947
NODE_NUM = 100
FILE sin_sub_37.aig

# Subcircuit 38
SUB_ID 38
LO (36):  1769 1770 1779 1787 1794 1795 1798 1888 1924 1947 2034 2040 2051 2080 2100 2102 2145 2150 2157 2180 2183 2290 2315 2324 2343 2374 2375 2642 2678 2817 3096 3241 3388 3404 3557 3584
LI (88):  116 119 139 150 152 155 177 190 192 207 213 224 227 228 258 273 277 280 281 295 297 298 302 306 307 330 339 342 351 406 416 479 480 496 503 531 542 555 581 582 591 626 660 733 818 842 864 888 909 932 948 1038 1042 1044 1046 1075 1079 1203 1242 1314 1315 1511 1778 1797 1887 1922 1923 1939 1941 2033 2050 2146 2156 2177 2179 2270 2313 2369 2371 2742 2812 2960 2975 2981 2987 3082 3089 3094
NODE_NUM = 100
FILE sin_sub_38.aig

# Subcircuit 39
SUB_ID 39
LO (15):  2386 2396 2517 2603 2715 2960 2975 2987 3072 3082 3089 3094 3264 3377 3379
LI (38):  258 277 2231 2234 2251 2382 2384 2395 2400 2433 2506 2507 2508 2518 2534 2548 2549 2551 2559 2561 2563 2587 2591 2596 2601 2714 2959 2974 3002 3013 3029 3069 3250 3251 3257 3260 3261 3365
NODE_NUM = 100
FILE sin_sub_39.aig

# Subcircuit 40
SUB_ID 40
LO (17):  2408 2409 2415 2416 2423 2424 2447 2449 2483 2618 3488 3716 3718 3772 3827 3927 3969
LI (32):  818 2231 2234 2237 2240 2244 2248 2368 2374 2399 2404 2407 2446 2506 2520 2613 2705 2711 3431 3451 3456 3466 3480 3613 3623 3644 3649 3672 3715 3783 3800 3804
NODE_NUM = 98
FILE sin_sub_40.aig

# Subcircuit 41
SUB_ID 41
LO (18):  2472 2507 2551 2587 2628 3437 3451 3628 3644 3800 4017 4018 4049 4063 4075 4078 4082 4117
LI (38):  258 834 2231 2240 2248 2251 2376 2404 2433 2462 2467 2469 2471 2577 2578 2580 2619 2622 2632 3433 3435 3442 3633 3638 3797 3914 3915 3926 3927 3929 3930 3931 3935 3956 3969 3983 3996 4015
NODE_NUM = 100
FILE sin_sub_41.aig

# Subcircuit 42
SUB_ID 42
LO (27):  2508 2534 2548 2549 2559 2561 2563 2577 2578 2580 2591 2596 2613 2619 3069 3343 3456 3633 3638 3797 3929 4120 4197 4200 4208 4237 4285
LI (38):  258 276 277 834 2234 2237 2240 2244 2248 2251 2376 2382 2384 2404 2413 2446 2469 2489 2520 2525 2526 2533 2536 2611 3053 3067 3454 3626 3627 3628 3787 3791 4074 4075 4078 4085 4104 4117
NODE_NUM = 98
FILE sin_sub_42.aig

# Subcircuit 43
SUB_ID 43
LO (17):  2622 2646 2648 2675 2714 2841 2891 4365 4391 4392 4394 4414 4447 4448 4449 4450 4529
LI (36):  327 376 408 638 781 834 934 1044 1046 2251 2368 2384 2621 2643 2820 2821 2824 2826 2838 2883 4282 4283 4284 4287 4288 4289 4291 4300 4304 4321 4339 4355 4362 4413 4428 4442
NODE_NUM = 94
FILE sin_sub_43.aig

# Subcircuit 44
SUB_ID 44
LO (17):  2738 2741 2742 2907 2912 2947 2974 2981 3002 3013 3029 3031 3053 3067 3110 3275 3287
LI (34):  3 23 273 1203 2231 2234 2237 2240 2244 2248 2251 2368 2404 2433 2446 2489 2506 2520 2705 2711 2733 2737 2794 2967 2980 2995 3008 3019 3020 3034 3045 3059 3061 3107
NODE_NUM = 76
FILE sin_sub_44.aig

# Subcircuit 45
SUB_ID 45
LO (45):  2737 2765 2786 2807 2820 2821 2824 2826 2838 2883 2959 2967 2980 2995 3008 3019 3020 3034 3045 3059 3061 3107 3187 3190 3191 3228 3245 3267 3277 3288 3292 3299 3307 3328 3353 3617 3831 3974 4299 4300 4304 4531 4535 4907 4991
LI (48):  1 2 23 273 599 626 658 834 855 1040 1041 1042 1044 1046 1200 2231 2234 2237 2240 2244 2248 2251 2461 2705 2736 2738 2758 2759 2768 2770 2771 2773 2774 2913 2915 2951 2952 2954 2966 3111 3179 3181 3183 3186 3218 3219 3220 3243
NODE_NUM = 97
FILE sin_sub_45.aig

# Subcircuit 46
SUB_ID 46
LO (26):  3111 3128 3146 3178 3182 3218 3220 3230 3243 3256 3269 3280 3295 3300 3315 3335 3360 3390 3391 3408 3579 4152 4156 4157 4162 4177
LI (58):  1 136 177 191 223 346 374 395 407 465 503 600 648 765 2231 2234 2237 2240 2244 2248 2251 2368 2374 2446 2520 2705 2735 2738 2899 2905 3110 3143 3217 3254 3255 3267 3268 3276 3277 3292 3293 3299 3307 3309 3328 3329 3353 3354 3407 3754 4022 4032 4048 4049 4054 4056 4139 4159
NODE_NUM = 100
FILE sin_sub_46.aig

# Subcircuit 47
SUB_ID 47
LO (18):  3214 3254 3389 3401 3411 3428 3433 3442 4263 4282 4283 4284 4287 4362 4692 4695 4730 4732
LI (42):  834 2244 2368 2446 2462 2467 2738 2899 3103 3187 3210 3234 3237 3239 3241 3247 3377 3379 3388 3437 4177 4178 4185 4196 4197 4200 4201 4202 4203 4208 4226 4237 4251 4285 4631 4632 4633 4634 4635 4650 4668 4691
NODE_NUM = 98
FILE sin_sub_47.aig

# Subcircuit 48
SUB_ID 48
LO (16):  3435 3454 3480 3492 3672 3926 3935 3956 4074 4104 4288 4428 4442 4750 4770 4853
LI (41):  258 277 818 834 2237 2248 2368 2382 2384 2408 2425 2462 2621 2705 2899 2915 2937 2954 3217 3470 3662 3664 3916 3917 3918 3934 3946 3948 4065 4067 4094 4096 4418 4420 4434 4436 4732 4738 4739 4741 4766
NODE_NUM = 98
FILE sin_sub_48.aig

# Subcircuit 49
SUB_ID 49
LO (21):  3506 3508 3527 3600 3613 3623 3626 3627 3649 4085 4662 4663 4961 5030 5108 5109 5173 5174 5215 5278 5317
LI (54):  273 306 606 834 974 2234 2244 2408 2425 2462 2489 2621 2867 2899 2907 2913 3186 3203 3206 3499 3502 3503 3614 3617 3618 3648 4079 4080 4082 4658 4660 4902 4903 4916 4919 4920 4921 4923 4948 4949 4950 5008 5020 5088 5106 5138 5167 5169 5210 5212 5273 5274 5307 5311
NODE_NUM = 99
FILE sin_sub_49.aig

# Subcircuit 50
SUB_ID 50
LO (25):  3648 3662 3664 3686 3741 3783 3787 3791 3918 4096 4203 4226 4321 4585 4630 4631 4635 4648 4650 4689 4691 4699 4733 4905 5427
LI (47):  258 277 298 342 357 376 415 553 626 757 818 834 994 1021 2231 2240 2376 2382 2384 2408 2413 2462 2520 2621 2794 2847 2862 2899 2905 3790 4216 4217 4312 4313 4314 4506 4507 4515 4517 4528 4529 4539 4540 4542 4564 4647 4688
NODE_NUM = 94
FILE sin_sub_50.aig

# Subcircuit 51
SUB_ID 51
LO (19):  3790 3804 3846 3907 3915 4251 4355 4564 4660 4766 4873 4902 4903 4923 4948 4949 4950 5020 5146
LI (40):  273 818 2231 2237 2368 2408 2413 2425 2467 2742 2907 3177 3187 3208 3754 3760 3772 3827 3831 3903 4244 4351 4560 4757 4758 4760 4818 4838 4844 4860 4862 4870 4935 4937 4938 5013 5015 5140 5141 5142
NODE_NUM = 94
FILE sin_sub_51.aig

# Subcircuit 52
SUB_ID 52
LO (29):  3914 3916 3917 3931 3934 3946 3948 3983 4291 4313 4339 4420 4436 4476 4506 4507 4515 4517 4633 4658 4741 4760 4920 5008 5083 5088 5155 5157 5165
LI (43):  258 273 277 834 2234 2376 2413 2415 2462 2467 2506 2705 2738 2742 2794 2907 3181 3407 3520 3533 3710 3904 3909 3976 4333 4391 4392 4394 4400 4447 4448 4449 4450 4466 4514 4994 4995 4996 5074 5075 5078 5079 5153
NODE_NUM = 93
FILE sin_sub_52.aig

# Subcircuit 53
SUB_ID 53
LO (31):  3976 4002 4015 4027 4036 4039 4056 4065 4067 4079 4080 4196 4277 4333 4466 4634 4688 4739 4782 4818 4838 4870 4916 4919 4935 5077 5078 5079 5138 5140 5141
LI (63):  23 24 108 137 139 198 258 273 277 281 288 302 308 325 342 405 447 499 598 657 834 931 2368 2374 2376 2384 2462 2469 2806 2915 3177 3181 3186 3187 3552 3897 3903 3974 4000 4014 4034 4186 4188 4190 4276 4331 4459 4460 4681 4719 4720 4721 4722 4771 4773 4819 4820 4824 4831 4905 4915 4991 5126
NODE_NUM = 100
FILE sin_sub_53.aig

# Subcircuit 54
SUB_ID 54
LO (32):  4094 4139 4174 4178 4185 4186 4188 4201 4202 4216 4217 4244 4289 4314 4351 4400 4418 4514 4528 4540 4560 4681 4758 4820 4844 4860 4862 4921 4937 4938 4995 5070
LI (59):  164 208 221 258 273 277 327 352 431 447 498 583 701 759 818 1223 2288 2382 2415 2425 2462 2469 2705 2711 2738 2742 2794 2847 2899 2907 2913 2915 3177 3181 3182 3208 3520 3697 3710 3897 4063 4120 4124 4180 4349 4396 4398 4510 4518 4519 4521 4558 4559 4680 4840 4842 4853 4855 5066
NODE_NUM = 100
FILE sin_sub_54.aig

# Subcircuit 55
SUB_ID 55
LO (42):  4276 4312 4331 4349 4366 4396 4398 4413 4434 4459 4460 4479 4510 4518 4519 4521 4539 4542 4558 4594 4619 4632 4665 4680 4721 4722 4824 4840 4842 4855 5013 5015 5066 5074 5167 5169 5210 5212 5273 5274 5307 5311
LI (56):  209 277 326 502 600 834 864 2306 2368 2376 2382 2384 2408 2413 2415 2462 2467 2738 2742 2847 2868 2913 2915 3186 3407 3520 3533 3599 3697 3754 3760 3897 4051 4053 4157 4158 4299 4414 4531 4535 4662 4663 4822 5055 5056 5070 5164 5165 5191 5193 5198 5206 5259 5266 5267 5270
NODE_NUM = 100
FILE sin_sub_55.aig

# Subcircuit 56
SUB_ID 56
LO (36):  4668 4702 4719 4720 4738 4757 4771 4773 4794 4819 4822 4831 4915 4964 4994 4996 5032 5055 5056 5075 5098 5105 5125 5126 5142 5153 5164 5191 5193 5198 5216 5247 5248 5259 5266 5401
LI (67):  114 129 148 202 212 229 241 258 297 345 359 415 458 466 480 529 543 581 591 600 705 787 818 834 857 864 873 955 1018 1971 1986 2050 2408 2469 2621 2867 2902 3177 3181 3520 3697 3710 3754 3757 3897 4630 4645 4648 4665 4689 4692 4695 4699 4730 4733 4750 4770 4907 4991 5077 5083 5095 5102 5122 5146 5155 5157
NODE_NUM = 84
FILE sin_sub_56.aig

