# Subcircuit 0
SUB_ID 0
LO (25):  290 291 292 293 294 295 296 297 298 299 300 301 302 303 304 305 336 353 365 368 447 525 558 571 618
LI (30):  1 2 11 14 15 18 55 57 84 102 103 104 105 106 108 109 122 127 129 130 131 306 310 314 315 316 318 328 335 346
NODE_NUM = 50
FILE i2c_sub_0.aig

# Subcircuit 1
SUB_ID 1
LO (20):  306 309 310 325 326 328 335 346 359 361 367 370 375 433 436 455 488 493 610 619
LI (15):  2 7 8 9 13 14 15 18 22 314 355 358 360 365 369
NODE_NUM = 37
FILE i2c_sub_1.aig

# Subcircuit 2
SUB_ID 2
LO (14):  313 314 360 392 463 464 471 473 485 499 511 573 646 692
LI (29):  4 5 6 7 8 9 17 19 20 130 358 367 368 370 385 454 459 460 461 462 472 476 478 486 489 495 500 501 504
NODE_NUM = 50
FILE i2c_sub_2.aig

# Subcircuit 3
SUB_ID 3
LO (20):  315 316 354 355 358 384 431 443 446 454 501 524 536 543 547 553 557 690 698 1613
LI (25):  4 6 10 11 12 13 23 55 130 336 353 361 383 430 436 438 441 521 525 528 529 544 554 695 1608
NODE_NUM = 50
FILE i2c_sub_3.aig

# Subcircuit 4
SUB_ID 4
LO (14):  369 383 385 393 425 429 486 500 570 581 592 685 1625 1626
LI (36):  3 4 6 8 9 10 12 14 55 66 71 83 123 128 130 326 346 358 359 375 384 409 424 501 502 529 558 561 563 565 571 574 590 676 680 1620
NODE_NUM = 50
FILE i2c_sub_4.aig

# Subcircuit 5
SUB_ID 5
LO (25):  394 397 398 399 409 412 415 424 590 593 597 608 659 662 664 668 720 948 997 1014 1031 1035 1038 1078 1101
LI (29):  16 21 25 45 46 49 50 72 83 130 393 395 399 407 413 415 421 422 583 588 592 600 601 602 605 652 656 658 666
NODE_NUM = 50
FILE i2c_sub_5.aig

# Subcircuit 6
SUB_ID 6
LO (15):  395 652 718 719 726 953 978 996 1013 1043 1062 1080 1095 1133 1143
LI (30):  44 48 73 74 75 77 83 130 393 401 413 418 419 597 710 717 722 938 941 942 951 967 968 976 983 994 1003 1004 1011 1041
NODE_NUM = 50
FILE i2c_sub_6.aig

# Subcircuit 7
SUB_ID 7
LO (27):  401 402 403 407 418 419 421 422 582 583 588 600 663 710 938 942 967 968 975 983 990 993 1041 1049 1068 1074 1087
LI (20):  3 16 25 39 41 42 44 47 51 83 393 404 406 413 420 599 703 708 936 962
NODE_NUM = 50
FILE i2c_sub_7.aig

# Subcircuit 8
SUB_ID 8
LO (15):  404 413 420 666 717 722 936 962 1004 1030 1061 1111 1113 1132 1174
LI (35):  42 43 44 45 48 49 50 64 83 130 393 395 399 415 419 422 593 663 664 711 719 720 932 1014 1029 1048 1054 1057 1095 1109 1112 1118 1119 1126 1129
NODE_NUM = 50
FILE i2c_sub_8.aig

# Subcircuit 9
SUB_ID 9
LO (20):  430 438 441 453 459 460 461 462 476 495 561 563 617 633 635 1175 1177 1608 1620 1631
LI (33):  1 4 5 10 13 14 15 17 26 29 30 55 60 62 114 119 124 130 370 431 446 447 455 494 560 613 618 619 625 626 629 1176 1629
NODE_NUM = 50
FILE i2c_sub_9.aig

# Subcircuit 10
SUB_ID 10
LO (20):  472 489 494 502 504 521 528 529 544 554 560 565 574 599 641 651 676 680 695 706
LI (44):  3 4 6 7 8 10 11 12 13 14 16 18 19 20 21 22 55 130 305 309 313 346 358 431 433 462 463 464 473 488 493 515 516 519 527 539 543 553 573 638 648 664 688 694
NODE_NUM = 50
FILE i2c_sub_10.aig

# Subcircuit 11
SUB_ID 11
LO (18):  605 613 625 626 638 648 656 675 711 939 951 1011 1029 1057 1093 1100 1109 1149
LI (40):  3 6 12 16 17 18 39 41 43 44 46 48 49 51 83 130 325 359 365 370 402 403 425 431 464 501 610 635 646 659 662 668 672 948 1024 1082 1086 1087 1139 1144
NODE_NUM = 50
FILE i2c_sub_11.aig

# Subcircuit 12
SUB_ID 12
LO (18):  672 688 694 701 703 708 727 742 748 755 757 775 779 804 814 825 1003 1077
LI (37):  21 23 24 27 43 47 48 56 62 76 83 86 101 117 130 305 393 394 425 462 463 493 582 690 692 706 729 733 737 741 745 941 990 997 1062 1068 1075
NODE_NUM = 48
FILE i2c_sub_12.aig

# Subcircuit 13
SUB_ID 13
LO (19):  729 733 745 762 766 768 783 787 791 797 808 809 811 828 834 1204 1206 1207 1220
LI (12):  26 27 28 54 86 97 111 117 749 752 755 757
NODE_NUM = 36
FILE i2c_sub_13.aig

# Subcircuit 14
SUB_ID 14
LO (21):  736 737 750 751 752 769 774 801 833 837 857 869 1158 1165 1183 1196 1219 1231 1233 1238 1242
LI (23):  4 28 29 40 52 53 54 59 86 117 130 740 742 762 767 768 804 811 816 820 825 828 834
NODE_NUM = 48
FILE i2c_sub_14.aig

# Subcircuit 15
SUB_ID 15
LO (11):  740 741 803 816 874 1170 1178 1179 1385 1544 1632
LI (28):  4 26 27 28 54 59 86 96 97 98 101 111 130 768 792 794 797 802 815 843 846 854 858 862 866 871 1158 1165
NODE_NUM = 49
FILE i2c_sub_15.aig

# Subcircuit 16
SUB_ID 16
LO (21):  749 767 789 792 794 802 815 820 842 843 846 854 858 862 866 871 878 883 1249 1390 1593
LI (37):  4 27 28 30 31 59 86 97 98 101 107 110 111 117 130 727 742 748 757 766 769 775 779 783 787 791 801 804 814 833 837 857 869 876 1237 1245 1388
NODE_NUM = 50
FILE i2c_sub_16.aig

# Subcircuit 17
SUB_ID 17
LO (9):  876 881 888 895 902 909 916 923 930
LI (22):  32 33 34 35 36 37 61 89 90 91 92 93 99 100 107 110 130 878 883 886 924 926
NODE_NUM = 50
FILE i2c_sub_17.aig

# Subcircuit 18
SUB_ID 18
LO (15):  924 926 941 960 976 994 1024 1039 1048 1054 1075 1082 1086 1153 1157
LI (39):  25 38 40 46 48 52 53 65 68 69 78 83 94 107 110 130 393 399 412 415 421 422 706 736 750 939 958 975 993 1031 1035 1036 1038 1043 1049 1074 1078 1080 1154
NODE_NUM = 49
FILE i2c_sub_18.aig

# Subcircuit 19
SUB_ID 19
LO (12):  1112 1118 1119 1126 1129 1139 1144 1176 1200 1209 1214 1641
LI (49):  3 4 25 27 28 38 43 50 51 54 58 59 63 67 70 83 86 95 115 117 123 130 393 394 397 398 422 425 652 718 719 801 1049 1068 1100 1101 1111 1133 1143 1178 1179 1183 1186 1190 1193 1196 1197 1204 1207
NODE_NUM = 49
FILE i2c_sub_19.aig

# Subcircuit 20
SUB_ID 20
LO (18):  1218 1227 1237 1245 1253 1256 1261 1263 1265 1285 1338 1339 1374 1400 1427 1433 1473 1596
LI (32):  4 27 28 54 59 60 61 86 97 115 117 118 123 124 130 137 138 139 751 1158 1206 1209 1214 1219 1220 1231 1233 1238 1239 1242 1243 1260
NODE_NUM = 49
FILE i2c_sub_20.aig

# Subcircuit 21
SUB_ID 21
LO (17):  1260 1268 1273 1278 1283 1289 1291 1315 1323 1335 1441 1445 1449 1461 1601 1607 1619
LI (35):  63 64 65 66 67 96 97 98 101 130 132 133 134 140 141 143 147 1261 1263 1265 1266 1271 1276 1281 1285 1287 1434 1435 1439 1443 1447 1459 1599 1605 1617
NODE_NUM = 49
FILE i2c_sub_21.aig

# Subcircuit 22
SUB_ID 22
LO (17):  1287 1293 1298 1303 1308 1313 1317 1321 1325 1329 1333 1337 1340 1345 1349 1353 1380
LI (29):  68 69 70 71 72 73 74 75 76 77 78 79 130 142 144 145 146 1261 1263 1265 1285 1291 1296 1306 1311 1315 1323 1335 1339
NODE_NUM = 50
FILE i2c_sub_22.aig

# Subcircuit 23
SUB_ID 23
LO (16):  1343 1347 1351 1355 1359 1378 1432 1435 1439 1443 1447 1459 1479 1494 1538 1559
LI (31):  80 81 82 83 90 95 130 137 138 139 143 144 145 146 147 1339 1340 1345 1349 1353 1361 1367 1377 1427 1471 1472 1473 1483 1485 1491 1536
NODE_NUM = 50
FILE i2c_sub_23.aig

# Subcircuit 24
SUB_ID 24
LO (14):  1361 1367 1377 1382 1388 1394 1398 1404 1406 1524 1566 1583 1599 1617
LI (31):  4 32 63 73 85 87 88 89 116 120 130 137 138 139 140 141 775 1339 1374 1380 1385 1400 1513 1517 1519 1575 1577 1580 1594 1597 1616
NODE_NUM = 50
FILE i2c_sub_24.aig

# Subcircuit 25
SUB_ID 25
LO (12):  1408 1412 1416 1420 1424 1434 1453 1457 1471 1542 1565 1603
LI (31):  90 91 92 93 94 99 100 111 125 130 137 138 139 142 143 144 145 146 147 1400 1406 1433 1463 1466 1526 1532 1541 1549 1555 1564 1597
NODE_NUM = 50
FILE i2c_sub_25.aig

# Subcircuit 26
SUB_ID 26
LO (17):  1463 1466 1472 1483 1485 1491 1509 1513 1517 1519 1526 1532 1536 1541 1547 1549 1552
LI (39):  4 33 34 35 36 38 64 66 67 69 70 71 72 74 75 76 77 78 79 91 92 95 96 100 101 113 126 130 137 138 139 727 1263 1338 1374 1506 1508 1538 1544
NODE_NUM = 50
FILE i2c_sub_26.aig

# Subcircuit 27
SUB_ID 27
LO (16):  1555 1564 1575 1577 1580 1588 1594 1597 1605 1616 1636 1638 1639 1640 1644 1646
LI (38):  4 24 31 37 65 68 82 83 97 98 111 112 113 116 117 121 126 127 130 133 134 135 136 137 138 139 751 808 809 1374 1435 1552 1559 1562 1566 1573 1596 1603
NODE_NUM = 43
FILE i2c_sub_27.aig

