# Subcircuit 0
SUB_ID 0
LO (8):  856 1213 1216 1789 2473 2501 2508 2528
LI (25):  257 258 261 262 265 384 385 386 389 390 393 512 824 825 826 830 834 837 848 851 1196 1197 1201 1210 1212
NODE_NUM = 50
FILE max_sub_0.aig

# Subcircuit 1
SUB_ID 1
LO (3):  661 1157 1196
LI (35):  367 368 369 370 371 372 373 374 375 376 495 496 497 498 499 500 501 502 503 504 649 666 1151 1153 1158 1159 1160 1167 1168 1170 1171 1173 1177 1185 1195
NODE_NUM = 50
FILE max_sub_1.aig

# Subcircuit 2
SUB_ID 2
LO (7):  666 690 696 698 699 1151 1153
LI (35):  352 353 354 355 356 357 358 359 360 365 366 480 481 482 483 484 485 486 487 488 493 494 678 695 697 1113 1114 1115 1122 1123 1125 1126 1128 1140 1150
NODE_NUM = 50
FILE max_sub_2.aig

# Subcircuit 3
SUB_ID 3
LO (3):  695 697 1113
LI (36):  337 339 340 341 342 343 344 349 350 351 465 467 468 469 470 471 472 477 478 479 690 696 698 699 701 707 1069 1070 1077 1078 1080 1081 1083 1095 1105 1106
NODE_NUM = 48
FILE max_sub_3.aig

# Subcircuit 4
SUB_ID 4
LO (5):  745 1026 1027 1069 1077
LI (33):  324 325 326 327 328 333 334 335 336 337 338 452 453 454 455 456 461 462 463 464 465 466 724 736 744 1025 1036 1038 1050 1060 1061 1063 1068
NODE_NUM = 50
FILE max_sub_4.aig

# Subcircuit 5
SUB_ID 5
LO (3):  744 1025 1036
LI (34):  313 314 315 316 317 318 319 320 322 323 441 442 443 444 445 446 447 448 450 451 745 754 755 758 760 766 772 1013 1015 1023 1024 1026 1027 1029
NODE_NUM = 50
FILE max_sub_5.aig

# Subcircuit 6
SUB_ID 6
LO (3):  807 926 1013
LI (37):  287 288 289 297 298 299 300 301 302 303 304 415 416 417 425 426 427 428 429 430 431 432 783 784 789 795 801 927 943 944 966 967 969 970 975 991 1012
NODE_NUM = 50
FILE max_sub_6.aig

# Subcircuit 7
SUB_ID 7
LO (1):  927
LI (36):  275 276 277 278 279 280 281 282 283 284 285 286 403 404 405 406 407 408 409 410 411 412 413 414 807 886 889 892 895 898 901 912 915 918 921 926
NODE_NUM = 50
FILE max_sub_7.aig

# Subcircuit 8
SUB_ID 8
LO (14):  824 825 826 830 834 837 848 851 886 931 937 943 946 951
LI (39):  259 260 263 264 266 267 268 269 270 271 272 273 274 296 387 388 391 392 394 395 396 397 398 399 400 401 402 424 856 860 863 866 869 872 875 932 936 942 950
NODE_NUM = 50
FILE max_sub_8.aig

# Subcircuit 9
SUB_ID 9
LO (7):  932 936 942 950 966 991 1012
LI (36):  289 290 291 292 293 294 295 305 309 310 311 312 417 418 419 420 421 422 423 433 437 438 439 440 931 937 941 946 951 953 983 989 990 1002 1008 1009
NODE_NUM = 49
FILE max_sub_9.aig

# Subcircuit 10
SUB_ID 10
LO (10):  989 1002 1023 1029 1050 1060 1095 1105 1134 1142
LI (35):  305 306 307 308 321 329 330 331 332 345 346 347 348 364 433 434 435 436 449 457 458 459 460 473 474 475 476 492 988 1049 1057 1058 1094 1102 1103
NODE_NUM = 50
FILE max_sub_10.aig

# Subcircuit 11
SUB_ID 11
LO (12):  1140 1150 1158 1185 1195 1197 1201 1210 1217 1226 1228 1747
LI (36):  119 120 247 248 361 362 363 377 378 379 380 381 382 383 489 490 491 505 506 507 508 509 510 511 661 1134 1139 1142 1147 1157 1184 1192 1193 1201 1222 1746
NODE_NUM = 49
FILE max_sub_11.aig

# Subcircuit 12
SUB_ID 12
LO (15):  1222 1746 1787 1790 1792 1795 1799 1802 1808 1816 1817 1821 1834 3039 3094
LI (28):  113 117 118 120 128 241 245 246 247 248 256 1217 1226 1228 1733 1743 1747 1758 1768 1770 1774 1776 1783 1784 1789 1798 1805 1812
NODE_NUM = 50
FILE max_sub_12.aig

# Subcircuit 13
SUB_ID 13
LO (4):  1247 1250 1733 1743
LI (34):  102 103 104 109 110 111 112 113 114 115 116 230 231 232 237 238 239 240 241 242 243 244 1239 1251 1699 1701 1713 1723 1724 1726 1731 1732 1740 1741
NODE_NUM = 50
FILE max_sub_13.aig

# Subcircuit 14
SUB_ID 14
LO (7):  1251 1275 1284 1286 1657 1699 1701
LI (35):  87 88 93 94 95 96 97 98 99 100 101 215 216 221 222 223 224 225 226 227 228 229 1247 1250 1268 1280 1656 1679 1681 1686 1687 1688 1695 1696 1698
NODE_NUM = 50
FILE max_sub_14.aig

# Subcircuit 15
SUB_ID 15
LO (3):  1280 1656 1679
LI (35):  77 78 79 80 81 82 83 84 85 86 205 206 207 208 209 210 211 212 213 214 1275 1284 1286 1297 1634 1636 1641 1642 1643 1650 1651 1653 1657 1668 1678
NODE_NUM = 50
FILE max_sub_15.aig

# Subcircuit 16
SUB_ID 16
LO (6):  1320 1341 1346 1348 1590 1634
LI (34):  63 64 66 67 68 69 70 71 72 191 192 194 195 196 197 198 199 200 1309 1331 1333 1339 1345 1588 1597 1598 1602 1605 1606 1609 1611 1615 1623 1633
NODE_NUM = 47
FILE max_sub_16.aig

# Subcircuit 17
SUB_ID 17
LO (7):  1331 1333 1339 1345 1360 1588 1597
LI (36):  44 47 48 57 58 59 60 61 62 172 175 176 185 186 187 188 189 190 1320 1327 1328 1332 1341 1346 1348 1357 1359 1362 1368 1374 1540 1543 1564 1585 1590 1596
NODE_NUM = 50
FILE max_sub_17.aig

# Subcircuit 18
SUB_ID 18
LO (7):  1357 1359 1368 1374 1477 1540 1543
LI (38):  24 27 28 29 30 31 32 33 41 42 43 45 46 152 155 156 157 158 159 160 161 169 170 171 173 174 1356 1360 1474 1485 1488 1491 1494 1497 1500 1516 1517 1539
NODE_NUM = 50
FILE max_sub_18.aig

# Subcircuit 19
SUB_ID 19
LO (3):  1396 1435 1474
LI (36):  11 12 13 14 15 16 17 18 19 20 21 22 23 139 140 141 142 143 144 145 146 147 148 149 150 151 1436 1439 1442 1445 1448 1459 1462 1465 1468 1471
NODE_NUM = 50
FILE max_sub_19.aig

# Subcircuit 20
SUB_ID 20
LO (5):  1436 1485 1504 1506 1519
LI (34):  1 2 3 4 5 6 7 8 9 10 25 26 40 129 130 131 132 133 134 135 136 137 138 153 154 168 1396 1405 1408 1419 1422 1435 1477 1505
NODE_NUM = 50
FILE max_sub_20.aig

# Subcircuit 21
SUB_ID 21
LO (5):  1505 1516 1539 1564 1585
LI (37):  33 34 35 36 37 38 39 49 54 55 56 161 162 163 164 165 166 167 177 182 183 184 1504 1506 1514 1515 1519 1526 1535 1555 1556 1562 1563 1575 1578 1581 1582
NODE_NUM = 50
FILE max_sub_21.aig

# Subcircuit 22
SUB_ID 22
LO (10):  1555 1562 1575 1578 1596 1602 1623 1633 1668 1678
LI (35):  49 50 51 52 53 65 73 74 75 76 89 90 91 92 177 178 179 180 181 193 201 202 203 204 217 218 219 220 1561 1622 1630 1631 1667 1675 1676
NODE_NUM = 50
FILE max_sub_22.aig

# Subcircuit 23
SUB_ID 23
LO (11):  1713 1723 1758 1768 1770 1774 1783 1798 1803 3481 3507
LI (36):  105 106 107 108 121 122 123 124 125 126 127 233 234 235 236 249 250 251 252 253 254 255 376 502 504 1213 1712 1720 1721 1757 1765 1766 1774 3121 3480 3506
NODE_NUM = 50
FILE max_sub_23.aig

# Subcircuit 24
SUB_ID 24
LO (12):  1805 1812 2498 2503 3120 3121 3124 3127 3135 3472 3475 3478
LI (30):  373 374 501 503 1213 1216 1790 1799 1803 1816 1817 1819 1823 2463 2470 2473 2476 2481 2489 2493 2496 3037 3039 3075 3085 3111 3119 3121 3471 3474
NODE_NUM = 47
FILE max_sub_24.aig

# Subcircuit 25
SUB_ID 25
LO (9):  1819 1823 1853 3037 3460 3463 3466 3469 3506
LI (31):  115 116 119 243 244 369 371 372 375 497 498 499 500 1213 1792 1821 1834 1841 1848 1849 1850 1852 1856 1857 3024 3025 3026 3028 3029 3032 3121
NODE_NUM = 50
FILE max_sub_25.aig

# Subcircuit 26
SUB_ID 26
LO (8):  1852 1856 1883 3024 3032 3448 3451 3457
LI (30):  109 110 112 114 237 238 240 242 365 366 368 370 493 494 495 496 1213 1792 1853 1863 1870 1877 1878 1881 1889 1892 3017 3018 3019 3121
NODE_NUM = 50
FILE max_sub_26.aig

# Subcircuit 27
SUB_ID 27
LO (8):  1889 1892 1910 3017 3423 3427 3433 3454
LI (29):  102 104 111 229 230 232 239 358 360 367 486 488 1213 1792 1883 1888 1899 1906 1909 1914 1917 1925 1928 2968 2969 2970 3006 3016 3121
NODE_NUM = 48
FILE max_sub_27.aig

# Subcircuit 28
SUB_ID 28
LO (10):  1909 1914 1925 1928 2968 2969 3412 3421 3424 3430
LI (31):  97 100 101 103 225 228 231 353 356 357 359 481 484 485 487 1213 1792 1910 1924 1935 1942 1950 1951 1958 2956 2957 2959 2960 2963 3121 3423
NODE_NUM = 50
FILE max_sub_28.aig

# Subcircuit 29
SUB_ID 29
LO (12):  1950 1958 1972 1980 1981 2956 2960 2963 3403 3409 3415 3418
LI (28):  96 98 99 224 226 227 352 354 355 478 480 482 483 1213 1792 1949 1957 1964 1967 1971 1979 1982 1990 1993 2948 2950 2955 3121
NODE_NUM = 50
FILE max_sub_29.aig

# Subcircuit 30
SUB_ID 30
LO (12):  1967 1971 1979 1982 1990 1993 2002 2948 2950 3385 3400 3406
LI (32):  88 93 94 95 216 221 222 223 344 349 350 351 470 472 477 479 1213 1792 1972 1978 1980 1981 1989 2000 2018 2026 2029 2899 2901 2937 2947 3121
NODE_NUM = 50
FILE max_sub_30.aig

# Subcircuit 31
SUB_ID 31
LO (9):  2018 2026 2029 2899 2901 3364 3376 3379 3382
LI (29):  85 86 87 213 214 215 337 341 342 343 465 469 471 1213 1792 2002 2007 2014 2015 2025 2036 2052 2059 2888 2890 2891 2894 2900 3121
NODE_NUM = 50
FILE max_sub_31.aig

# Subcircuit 32
SUB_ID 32
LO (15):  2036 2052 2059 2066 2093 2095 2882 2888 2890 2891 2894 3361 3367 3370 3373
LI (30):  81 82 83 84 208 209 210 211 212 338 339 340 466 467 468 1213 1792 2043 2050 2051 2058 2061 2065 2083 2091 2094 2881 2886 2887 3121
NODE_NUM = 50
FILE max_sub_32.aig

# Subcircuit 33
SUB_ID 33
LO (14):  2061 2065 2083 2091 2094 2102 2128 2129 2131 2881 3337 3352 3355 3358
LI (29):  77 78 79 80 200 205 206 207 333 334 335 336 461 462 463 464 1213 1792 2072 2079 2080 2090 2097 2101 2119 2127 2130 2880 3121
NODE_NUM = 50
FILE max_sub_33.aig

# Subcircuit 34
SUB_ID 34
LO (9):  2097 2101 2119 2127 2130 2886 3328 3331 3334
LI (34):  69 70 72 197 198 199 325 326 327 328 453 454 455 456 1213 1792 2066 2093 2095 2102 2108 2115 2116 2125 2126 2128 2129 2131 2830 2831 2868 2878 2882 3121
NODE_NUM = 50
FILE max_sub_34.aig

# Subcircuit 35
SUB_ID 35
LO (7):  2125 2156 2830 3316 3319 3322 3325
LI (30):  65 67 68 71 193 195 196 321 323 324 449 450 451 452 1213 1792 2137 2144 2145 2152 2155 2159 2160 2817 2818 2819 2825 2826 2827 3121
NODE_NUM = 50
FILE max_sub_35.aig

# Subcircuit 36
SUB_ID 36
LO (7):  2155 2159 2817 2825 3298 3301 3313
LI (31):  60 64 66 187 188 192 194 316 320 322 444 448 1213 1792 2156 2166 2173 2176 2180 2198 2199 2201 2202 2204 2212 2228 2234 2236 2808 2810 3121
NODE_NUM = 50
FILE max_sub_36.aig

# Subcircuit 37
SUB_ID 37
LO (12):  2176 2180 2198 2212 2228 2234 2236 2810 3292 3295 3304 3310
LI (28):  57 58 59 63 185 186 191 313 314 315 319 441 442 443 445 447 1213 1792 2187 2194 2195 2211 2215 2219 2227 2233 2809 3121
NODE_NUM = 50
FILE max_sub_37.aig

# Subcircuit 38
SUB_ID 38
LO (8):  2215 2219 2227 2233 2808 3253 3265 3307
LI (31):  48 61 62 172 176 189 190 304 317 318 432 446 1213 1792 2226 2243 2246 2250 2276 2278 2281 2289 2305 2311 2313 2714 2716 2717 2786 2807 3121
NODE_NUM = 50
FILE max_sub_38.aig

# Subcircuit 39
SUB_ID 39
LO (12):  2246 2250 2276 2278 2286 2289 2313 2716 3244 3247 3250 3262
LI (28):  41 42 43 44 169 170 171 175 297 298 299 300 303 425 426 427 428 431 1213 1792 2257 2264 2271 2272 2275 2288 2715 3121
NODE_NUM = 50
FILE max_sub_39.aig

# Subcircuit 40
SUB_ID 40
LO (7):  2288 2305 2311 2714 3220 3256 3259
LI (32):  33 45 46 47 161 173 174 289 301 302 417 429 430 1213 1792 2286 2296 2303 2304 2310 2320 2635 2666 2689 2691 2693 2698 2700 2701 2703 2705 3121
NODE_NUM = 50
FILE max_sub_40.aig

# Subcircuit 41
SUB_ID 41
LO (6):  2346 2635 3208 3211 3214 3217
LI (26):  30 31 32 157 158 159 160 285 286 287 288 413 414 415 416 1213 1792 2327 2334 2341 2348 2623 2626 2629 2632 3121
NODE_NUM = 50
FILE max_sub_41.aig

# Subcircuit 42
SUB_ID 42
LO (9):  2348 2615 2616 2623 3193 3196 3199 3202 3205
LI (25):  27 28 29 155 156 283 284 408 411 412 1213 1792 2346 2355 2362 2365 2369 2594 2600 2604 2610 2614 2617 2620 3121
NODE_NUM = 50
FILE max_sub_42.aig

# Subcircuit 43
SUB_ID 43
LO (9):  2365 2369 2398 2584 2594 3181 3184 3187 3190
LI (27):  21 22 23 24 149 150 151 152 277 278 279 280 404 405 406 407 1213 1792 2376 2383 2390 2393 2397 2585 2588 2591 3121
NODE_NUM = 50
FILE max_sub_43.aig

# Subcircuit 44
SUB_ID 44
LO (9):  2393 2397 2415 2585 3164 3169 3172 3175 3178
LI (26):  16 19 20 144 147 148 272 275 276 399 400 403 1213 1792 2398 2404 2411 2414 2556 2562 2566 2572 2576 2579 2584 3121
NODE_NUM = 49
FILE max_sub_44.aig

# Subcircuit 45
SUB_ID 45
LO (7):  2414 2441 2556 3157 3160 3163 3166
LI (28):  12 13 14 15 140 141 142 143 268 269 270 271 395 396 397 398 1213 1792 2415 2425 2432 2439 2544 2547 2550 2553 3121 3164
NODE_NUM = 50
FILE max_sub_45.aig

# Subcircuit 46
SUB_ID 46
LO (7):  2458 2544 3142 3145 3148 3151 3154
LI (24):  7 8 11 134 135 136 139 264 267 392 1213 1792 2441 2446 2453 2511 2515 2518 2524 2528 2534 2538 2541 3121
NODE_NUM = 50
FILE max_sub_46.aig

# Subcircuit 47
SUB_ID 47
LO (14):  2463 2470 2476 2481 2489 2493 2496 2511 2515 2524 3130 3133 3136 3139
LI (31):  1 2 3 4 5 6 9 129 130 131 132 133 137 259 260 263 387 388 391 1213 1792 2458 2469 2488 2498 2501 2503 2504 2508 3121 3135
NODE_NUM = 50
FILE max_sub_47.aig

# Subcircuit 48
SUB_ID 48
LO (17):  2534 2538 2562 2566 2572 2576 2600 2604 2610 2614 2617 2666 2693 2698 2700 3238 3241
LI (34):  10 17 18 25 26 138 145 146 153 154 168 266 273 274 281 282 296 394 401 402 409 410 424 1213 1792 2615 2616 2640 2641 2645 2648 2665 2697 3121
NODE_NUM = 50
FILE max_sub_48.aig

# Subcircuit 49
SUB_ID 49
LO (12):  2640 2645 2648 2665 2676 2689 2697 2705 3223 3227 3232 3235
LI (28):  34 37 38 39 40 162 165 166 167 290 293 294 295 418 420 421 422 423 1213 1792 2656 2663 2664 2672 2675 2688 2696 3121
NODE_NUM = 47
FILE max_sub_49.aig

# Subcircuit 50
SUB_ID 50
LO (11):  2675 2688 2701 2703 2745 2786 2807 3226 3229 3268 3289
LI (31):  35 36 49 163 164 177 291 292 305 419 433 440 1213 1792 2676 2683 2686 2729 2732 2736 2744 2760 2761 2784 2788 2789 2791 2793 2805 3121 3227
NODE_NUM = 50
FILE max_sub_50.aig

# Subcircuit 51
SUB_ID 51
LO (11):  2732 2736 2744 2760 2784 2793 2805 3271 3280 3283 3286
LI (29):  53 54 55 56 181 182 183 184 309 310 311 312 434 437 438 439 1213 1792 2743 2745 2751 2758 2759 2763 2767 2783 2800 2803 3121
NODE_NUM = 50
FILE max_sub_51.aig

# Subcircuit 52
SUB_ID 52
LO (12):  2763 2767 2783 2789 2791 2868 2871 2878 3274 3277 3346 3349
LI (28):  50 51 52 76 178 179 180 204 306 307 308 332 435 436 459 460 1213 1792 2774 2778 2781 2843 2846 2850 2851 2867 2876 3121
NODE_NUM = 50
FILE max_sub_52.aig

# Subcircuit 53
SUB_ID 53
LO (11):  2846 2850 2867 2876 2916 2937 2947 3340 3343 3392 3397
LI (29):  73 74 75 92 201 202 203 220 329 330 331 348 457 458 475 476 1213 1792 2858 2865 2866 2871 2872 2912 2915 2920 2936 2945 3121
NODE_NUM = 48
FILE max_sub_53.aig

# Subcircuit 54
SUB_ID 54
LO (11):  2915 2920 2936 2945 2983 3006 3016 3388 3391 3394 3445
LI (30):  89 90 91 108 217 218 219 236 345 346 347 364 473 474 491 492 1213 1792 2916 2927 2934 2935 2941 2944 2981 2989 3005 3014 3121 3392
NODE_NUM = 50
FILE max_sub_54.aig

# Subcircuit 55
SUB_ID 55
LO (9):  2989 3005 3014 3075 3085 3436 3439 3442 3493
LI (29):  105 106 107 233 234 235 252 361 362 363 380 489 490 508 1213 1792 2983 2988 2996 3003 3004 3010 3013 3049 3050 3058 3074 3083 3121
NODE_NUM = 50
FILE max_sub_55.aig

# Subcircuit 56
SUB_ID 56
LO (10):  3049 3058 3074 3083 3111 3118 3484 3487 3490 3496
LI (28):  121 122 123 124 249 250 251 377 378 379 505 506 507 509 1213 1792 3057 3065 3069 3072 3082 3088 3092 3109 3110 3114 3117 3121
NODE_NUM = 49
FILE max_sub_56.aig

# Subcircuit 57
SUB_ID 57
LO (13):  3088 3092 3109 3110 3114 3117 3119 3471 3474 3480 3499 3502 3504
LI (25):  125 126 127 253 254 255 381 382 383 510 511 1213 1787 1789 1792 1795 1802 1808 3094 3100 3107 3108 3118 3120 3121
NODE_NUM = 34
FILE max_sub_57.aig

