# Subcircuit 0
SUB_ID 0
LO (27):  22 34 38 40 42 60 70 98 103 116 173 203 204 232 233 261 262 386 491 554 568 571 578 579 602 630 700
LI (7):  1 3 4 6 26 32 37
NODE_NUM = 32
FILE cavlc_sub_0.aig

# Subcircuit 1
SUB_ID 1
LO (17):  23 26 30 32 45 49 67 110 139 255 283 310 320 332 457 612 676
LI (13):  2 4 8 10 25 29 34 39 44 52 57 60 65
NODE_NUM = 29
FILE cavlc_sub_1.aig

# Subcircuit 2
SUB_ID 2
LO (37):  24 25 28 29 37 57 62 63 64 65 74 75 76 77 80 82 84 85 90 95 217 225 227 243 245 302 381 425 438 440 442 448 451 561 563 607 610
LI (7):  1 2 3 6 10 52 73
NODE_NUM = 45
FILE cavlc_sub_2.aig

# Subcircuit 3
SUB_ID 3
LO (10):  39 44 135 151 161 179 210 216 319 470
LI (12):  1 2 7 10 38 40 42 132 134 309 313 314
NODE_NUM = 18
FILE cavlc_sub_3.aig

# Subcircuit 4
SUB_ID 4
LO (31):  51 52 134 143 144 149 150 153 154 162 164 170 172 178 186 215 266 267 282 342 363 367 480 485 565 603 625 657 669 674 691
LI (15):  1 5 6 7 8 9 49 67 95 122 126 136 140 147 151
NODE_NUM = 50
FILE cavlc_sub_4.aig

# Subcircuit 5
SUB_ID 5
LO (26):  73 96 117 122 146 147 192 193 199 201 226 247 259 260 329 335 353 385 398 399 475 506 520 549 647 653
LI (18):  3 4 6 7 8 9 23 30 70 74 89 94 95 98 107 110 116 333
NODE_NUM = 49
FILE cavlc_sub_5.aig

# Subcircuit 6
SUB_ID 6
LO (15):  89 94 105 107 212 223 276 294 314 359 423 424 515 665 675
LI (26):  1 2 3 4 5 6 7 8 9 23 40 77 80 82 85 87 90 103 209 211 220 386 639 643 647 663
NODE_NUM = 39
FILE cavlc_sub_6.aig

# Subcircuit 7
SUB_ID 7
LO (22):  125 126 132 174 254 289 292 305 312 325 352 356 414 435 436 497 530 531 536 593 640 641
LI (26):  2 3 4 5 6 7 8 9 10 45 70 160 161 164 172 173 178 183 187 240 253 255 270 274 278 284
NODE_NUM = 50
FILE cavlc_sub_7.aig

# Subcircuit 8
SUB_ID 8
LO (9):  136 140 160 183 187 274 351 421 629
LI (39):  1 2 3 4 5 6 8 9 10 57 62 135 139 149 150 153 154 178 179 186 203 271 298 319 323 325 335 350 362 364 369 372 396 406 411 415 419 621 627
NODE_NUM = 50
FILE cavlc_sub_8.aig

# Subcircuit 9
SUB_ID 9
LO (9):  209 211 220 240 249 271 396 479 663
LI (38):  1 2 3 5 7 8 9 10 22 150 162 192 193 199 201 204 206 207 210 215 216 217 223 225 226 227 232 233 238 245 247 378 388 391 394 654 657 660
NODE_NUM = 48
FILE cavlc_sub_9.aig

# Subcircuit 10
SUB_ID 10
LO (11):  253 270 278 284 298 309 313 321 444 519 606
LI (44):  1 2 3 4 5 6 7 8 9 10 22 64 75 110 125 139 249 260 262 267 276 282 283 289 292 294 302 305 307 310 312 320 469 490 496 497 509 518 539 553 554 590 599 605
NODE_NUM = 50
FILE cavlc_sub_10.aig

# Subcircuit 11
SUB_ID 11
LO (15):  323 333 350 362 364 369 372 378 391 406 490 509 597 670 682
LI (39):  2 3 4 5 6 7 9 10 28 40 51 60 74 75 134 161 193 203 212 266 267 314 321 332 342 352 353 356 359 360 363 367 398 399 470 476 488 507 594
NODE_NUM = 50
FILE cavlc_sub_11.aig

# Subcircuit 12
SUB_ID 12
LO (8):  388 411 415 429 434 590 707 713
LI (36):  2 3 4 5 7 8 9 63 134 151 215 243 266 320 359 363 381 385 386 414 424 425 431 577 578 585 669 672 674 675 676 680 682 692 701 711
NODE_NUM = 50
FILE cavlc_sub_12.aig

# Subcircuit 13
SUB_ID 13
LO (9):  431 469 476 488 496 507 518 522 553
LI (50):  1 2 3 4 6 7 8 9 10 24 30 76 84 96 105 116 117 125 134 144 151 203 261 320 342 423 425 436 438 442 444 448 451 453 454 457 465 467 475 479 480 485 487 491 494 506 515 520 542 551
NODE_NUM = 50
FILE cavlc_sub_13.aig

# Subcircuit 14
SUB_ID 14
LO (11):  539 542 551 577 585 594 599 605 609 660 668
LI (48):  1 2 3 4 6 7 9 10 22 42 62 74 144 146 170 174 215 216 282 283 320 325 398 425 435 480 497 522 530 531 536 537 549 554 561 563 565 568 571 575 578 579 593 597 602 603 607 665
NODE_NUM = 50
FILE cavlc_sub_14.aig

# Subcircuit 15
SUB_ID 15
LO (10):  621 627 639 643 654 672 692 701 711 714
LI (40):  1 2 3 4 7 8 9 10 22 25 29 37 98 103 173 201 259 310 329 332 342 423 440 568 609 610 612 616 625 629 630 634 637 640 641 653 670 691 700 713
NODE_NUM = 33
FILE cavlc_sub_15.aig

