# Subcircuit 0
SUB_ID 0
LO (33):  4483 4488 4493 4550 4554 4559 4563 4566 4567 4570 4571 4573 4576 4581 4592 12938 12941 12946 12951 12956 12961 12966 12971 12975 12981 12989 12996 13005 13012 15231 15239 15244 15248
LI (103):  1 2 3 4 5 6 7 8 9 10 11 12 13 14 15 16 17 18 19 20 21 22 23 24 25 26 27 28 29 30 31 32 33 34 35 36 37 38 39 40 41 42 43 44 45 46 47 48 49 50 51 52 53 54 55 56 57 58 59 60 61 62 63 64 65 66 67 68 69 70 71 72 74 75 89 1829 1830 1831 1832 2252 4482 4485 4490 4499 4506 4507 4512 4519 4520 4521 4531 4532 4539 4546 4547 4548 4549 4553 4558 4562 4565 4567 4572
NODE_NUM = 196
FILE ac97_ctrl_sub_0.aig

# Subcircuit 1
SUB_ID 1
LO (44):  4572 4574 4578 4579 4583 4590 4595 4598 4605 4614 4615 4617 4639 4658 4677 4696 4715 4734 4753 4772 4778 4781 4784 8719 8772 8787 8788 11117 11119 11122 11126 12716 15477 15480 15652 15654 15656 15662 15708 15710 15712 15718 15892 15906
LI (98):  9 11 13 15 17 19 21 23 25 27 73 77 78 80 81 82 83 84 86 87 89 90 91 92 94 95 97 98 99 101 102 104 105 106 108 109 111 112 113 115 116 118 119 120 122 123 125 126 127 129 130 132 133 134 136 137 139 140 141 143 146 147 148 4573 4576 4581 4593 4594 4600 4601 4603 4604 4625 4629 4631 4647 4650 4652 4666 4669 4671 4685 4688 4690 4704 4707 4709 4723 4726 4728 4742 4745 4747 4761 4764 4766 4780 4783
NODE_NUM = 200
FILE ac97_ctrl_sub_1.aig

# Subcircuit 2
SUB_ID 2
LO (77):  4593 4594 4603 4604 4625 4631 4647 4652 4666 4671 4685 4690 4704 4709 4723 4728 4742 4747 4761 4766 4780 4791 4810 4829 4848 4867 4886 4905 4922 4939 4956 4973 4990 5007 5024 5039 5052 5065 5078 5091 5104 5114 5416 5469 5484 5485 6335 6388 6403 6404 6923 6976 6991 6992 8033 8086 8101 8102 15520 15522 15524 15530 15553 15555 15557 15563 15586 15588 15590 15596 15619 15621 15623 15629 15920 15927 15934
LI (127):  10 12 14 16 18 20 22 24 26 28 30 32 34 36 38 40 42 44 46 48 50 52 54 56 58 60 62 64 66 73 79 88 96 103 110 117 124 131 138 145 152 159 166 173 180 187 193 199 205 211 217 223 229 234 238 242 246 250 254 258 4590 4592 4614 4615 4778 4781 4784 4786 4797 4798 4803 4805 4816 4817 4822 4824 4835 4836 4841 4843 4854 4855 4860 4862 4873 4874 4879 4881 4892 4893 4898 4900 4911 4912 4918 4928 4929 4935 4945 4946 4952 4962 4963 4969 4979 4980 4986 4996 4997 5003 5013 5014 5020 5030 5031 5034 5045 5047 5058 5060 5071 5073 5084 5086 5097 5099 5110
NODE_NUM = 200
FILE ac97_ctrl_sub_2.aig

# Subcircuit 3
SUB_ID 3
LO (83):  4600 4601 4629 4650 4669 4688 4707 4726 4745 4764 4783 4786 4803 4805 4822 4824 4841 4860 4879 4898 4918 4935 4952 4969 4986 5003 5020 5136 9605 9616 9629 9642 9653 9654 9668 9669 9670 9687 12433 12436 12439 12442 12445 12448 12451 12454 12457 12460 12463 12466 12469 12471 12474 12477 12480 12555 12558 12561 12564 12567 12570 12573 12576 12579 12582 12585 12588 12591 12594 12597 12600 12603 12606 12609 12612 12615 12618 12621 12624 12627 15407 15773 15774
LI (107):  73 76 78 85 87 93 95 100 102 107 109 114 116 121 123 128 130 135 137 142 144 149 151 156 158 163 170 177 184 191 197 203 209 215 221 227 266 546 547 548 549 550 551 552 553 554 555 556 557 558 559 560 561 562 563 564 565 566 567 568 577 1467 1468 1471 1472 1767 1768 1769 1770 1771 1772 1773 1774 1775 1776 1777 1778 1779 1780 1781 1782 1783 4571 4590 4595 4614 4801 4820 4839 4858 4877 4896 4916 4933 4950 4967 4984 5001 5018 5130 5132 9599 9613 9619 9626 9632 9639
NODE_NUM = 198
FILE ac97_ctrl_sub_3.aig

# Subcircuit 4
SUB_ID 4
LO (75):  4797 4798 4801 4816 4817 4820 7490 7492 7495 7498 7499 7500 7503 7505 7508 7514 7517 7523 7526 7532 7535 7541 7544 7550 7553 7559 7562 7568 7571 7577 7580 7586 7589 7595 7598 7604 7607 7613 7614 7618 7627 7648 7657 7664 7671 7676 7677 7680 7681 7684 7685 7688 7689 7692 7693 7696 7697 7700 7701 10269 10281 10324 10327 10330 10333 10336 10339 10342 10345 10348 10351 10354 10357 10359 10362
LI (61):  29 31 150 153 154 155 157 160 161 162 341 343 344 345 346 347 348 349 350 351 352 353 354 355 356 959 960 961 962 963 964 965 966 967 968 969 970 971 972 973 974 975 976 977 978 979 980 981 982 983 984 4574 4579 4583 4590 4598 4605 4795 4814 7502 7504
NODE_NUM = 200
FILE ac97_ctrl_sub_4.aig

# Subcircuit 5
SUB_ID 5
LO (68):  4835 4836 4839 4843 4854 4855 4858 4862 4873 4874 4877 4881 4892 4893 4896 4900 4911 4912 4916 4928 4929 4933 4945 4946 4950 4962 4963 4967 6080 6082 6085 6088 6089 6090 6093 6095 6098 6104 6107 6113 6116 6122 6125 6131 6134 6140 6143 6145 6154 6238 6247 6254 6261 10475 10487 10530 10533 10536 10539 10542 10544 10547 15701 15747 15890 15891 15904 15905
LI (98):  33 35 37 39 41 43 45 47 136 137 164 165 167 168 169 171 172 174 175 176 178 179 181 182 183 185 186 188 189 190 192 194 195 196 198 200 201 202 204 206 207 208 210 212 213 214 362 364 365 366 367 368 369 370 583 584 585 586 587 588 589 590 591 592 593 594 595 2291 2303 2316 2322 4574 4579 4583 4590 4595 4598 4605 4833 4852 4871 4890 4909 4926 4943 4960 6092 6094 15684 15692 15697 15730 15738 15743 15887 15889 15901 15903
NODE_NUM = 197
FILE ac97_ctrl_sub_5.aig

# Subcircuit 6
SUB_ID 6
LO (56):  4979 4980 4984 4996 4997 5001 5013 5014 5018 5030 5031 5034 5045 5047 5058 5060 5071 5073 5084 5086 5097 5099 5110 5124 5130 5132 5139 5142 5145 5148 5151 5154 5157 5160 5163 5166 5169 5172 5175 5178 5181 5184 5187 5190 5193 5196 5199 5202 5205 5208 5211 5214 15770 15788 15883 15884
LI (130):  49 51 53 55 57 59 61 63 65 192 216 218 219 220 222 224 225 226 228 230 231 232 233 235 236 237 239 240 241 243 244 245 247 248 249 251 252 253 255 256 257 259 260 261 262 263 264 265 267 268 269 270 271 272 273 274 275 276 277 278 279 280 281 282 283 284 285 286 287 288 289 290 291 292 293 294 295 296 297 298 299 300 301 302 303 304 305 306 307 308 309 310 311 312 313 314 315 581 582 2132 2307 2313 4574 4579 4583 4590 4593 4598 4605 4614 4977 4994 5011 5028 5043 5056 5069 5082 5095 5108 5118 5123 5128 15753 15761 15766 15779 15781 15880 15882
NODE_NUM = 196
FILE ac97_ctrl_sub_6.aig

# Subcircuit 7
SUB_ID 7
LO (67):  5217 5220 5223 5226 5229 5232 5235 5238 5241 5244 5247 5250 5253 5256 5259 5262 5265 5268 5271 5274 5277 5280 5283 5286 5289 5292 5295 5298 5301 5304 5307 5310 5313 5316 5319 5322 5325 5328 5331 5334 5337 5340 5343 5346 5349 5352 5355 5358 5361 5364 5367 5370 5373 5376 5379 5382 5385 5388 5391 5394 5398 5399 5405 5406 5413 8601 9384
LI (89):  79 272 275 277 279 281 284 286 288 290 293 304 306 309 311 313 315 316 317 318 319 320 321 322 323 324 325 326 327 328 329 330 331 332 333 334 335 336 337 338 339 340 341 342 343 344 345 346 347 348 349 350 351 352 353 354 355 356 357 358 359 360 361 362 363 364 365 366 367 368 369 370 371 372 373 374 375 376 377 378 379 380 381 382 383 384 385 387 5404
NODE_NUM = 200
FILE ac97_ctrl_sub_7.aig

# Subcircuit 8
SUB_ID 8
LO (31):  5404 5421 5432 5445 5458 5473 5489 5506 5522 5553 5584 5615 5646 5677 5708 5739 5770 5801 5832 5863 5894 5916 5938 5960 5982 15255 15258 15351 15505 15517 15877
LI (91):  79 383 384 386 387 388 389 390 391 392 393 394 395 396 397 398 399 400 401 402 403 404 405 406 407 408 411 416 425 434 443 452 461 470 479 488 497 506 515 524 529 534 539 544 1791 1792 2266 5416 5429 5435 5442 5448 5455 5467 5468 5469 5482 5483 5484 5485 5498 5500 5502 5517 5519 5534 5535 5545 5566 5576 5597 5607 5611 5642 5673 5704 5735 5766 5797 5828 5859 5890 5912 5934 5956 5978 15252 15341 15350 15509 15514
NODE_NUM = 200
FILE ac97_ctrl_sub_8.aig

# Subcircuit 9
SUB_ID 9
LO (19):  5498 5517 5534 5545 5566 5576 5597 5607 5642 5673 5704 5735 5766 5797 5828 5912 5934 5956 5978
LI (102):  391 392 394 409 410 412 413 414 415 417 418 419 420 421 422 423 424 426 427 428 429 430 431 432 433 435 436 437 438 439 440 441 442 444 445 446 447 448 449 450 451 453 454 455 456 457 458 459 460 462 463 464 465 466 467 468 469 5469 5484 5485 5515 5531 5543 5562 5565 5574 5593 5596 5605 5624 5627 5628 5636 5638 5655 5658 5659 5667 5669 5686 5689 5690 5698 5700 5720 5721 5731 5751 5752 5762 5783 5793 5814 5824 5895 5911 5917 5933 5941 5955 5963 5977
NODE_NUM = 200
FILE ac97_ctrl_sub_9.aig

# Subcircuit 10
SUB_ID 10
LO (16):  5720 5731 5751 5762 5783 5793 5814 5824 5859 5890 5895 5911 5917 5933 5955 5977
LI (98):  391 392 394 471 472 473 474 475 476 477 478 480 481 482 483 484 485 486 487 489 490 491 492 493 494 495 496 498 499 500 501 502 503 504 505 507 508 509 510 511 512 513 514 516 517 518 519 520 521 522 523 525 526 527 528 530 531 532 533 535 536 537 538 540 541 542 543 5469 5484 5485 5717 5729 5748 5760 5779 5782 5791 5810 5813 5822 5841 5844 5845 5853 5855 5872 5875 5876 5884 5886 5906 5908 5928 5930 5950 5952 5972 5974
NODE_NUM = 196
FILE ac97_ctrl_sub_10.aig

# Subcircuit 11
SUB_ID 11
LO (88):  5986 5989 5992 5995 5998 6001 6004 6007 6010 6013 6016 6019 6022 6025 6028 6031 6034 6037 6040 6043 6046 6049 6052 6055 6058 6061 6064 6067 6070 6073 6076 6079 6092 6094 9482 9485 9488 9491 9494 9497 9500 9503 9506 9509 9512 9515 9518 9521 9524 9527 10485 10486 10497 10501 10511 12841 12842 12845 12848 12851 12854 12857 12860 12863 12866 12869 12872 12875 12878 12881 12884 14936 14937 14940 14943 14946 14949 14952 14955 14958 14961 14964 14967 14970 14973 14976 14979 15751
LI (111):  192 398 403 408 413 418 422 427 431 436 440 445 449 454 458 463 467 472 476 481 485 490 494 499 503 508 512 517 521 526 531 536 541 545 546 547 548 549 550 551 552 553 554 555 556 557 558 559 560 561 562 563 564 565 566 567 568 569 570 571 572 573 574 575 576 577 578 579 580 581 582 1428 1429 1430 1431 1432 1433 1434 1435 1436 1437 1438 1439 1440 1441 1442 1627 1628 1629 1816 2131 5399 6088 6093 6104 6113 6122 6131 6140 6149 6158 6167 6176 6185 6194 6203 6212 6221 10481 10493 10507
NODE_NUM = 198
FILE ac97_ctrl_sub_11.aig

# Subcircuit 12
SUB_ID 12
LO (70):  6149 6152 6158 6161 6167 6170 6176 6179 6185 6188 6194 6197 6203 6206 6212 6215 6221 6224 6233 6242 6251 6269 6273 6277 6281 6285 6289 6293 6297 6301 6305 9530 9533 9534 9545 9548 9551 9554 9557 9560 9563 9566 9569 9570 12889 12892 12893 12904 12907 12910 12913 12916 12919 12922 12925 12928 12929 14984 14987 14988 14999 15002 15005 15008 15011 15014 15017 15020 15023 15024
LI (88):  371 372 373 374 375 376 377 378 379 380 596 597 598 599 600 601 602 603 604 605 606 607 608 609 610 611 612 613 6080 6082 6085 6095 6145 6154 6229 6232 6234 6238 6241 6243 6247 6250 6268 6272 6276 6280 6284 6288 6292 6296 6300 6304 9482 9529 9532 9544 9547 9550 9553 9556 9559 9562 9565 9568 12841 12888 12891 12903 12906 12909 12912 12915 12918 12921 12924 12927 14936 14983 14986 14998 15001 15004 15007 15010 15013 15016 15019 15022
NODE_NUM = 200
FILE ac97_ctrl_sub_12.aig

# Subcircuit 13
SUB_ID 13
LO (116):  6229 6232 6234 6241 6243 6250 6258 6265 6268 6272 6276 6280 6284 6288 6292 6296 6300 6304 6309 6313 6317 6324 6332 9539 9542 9575 9578 11947 11950 11953 11956 11959 11962 11965 11968 11971 11974 11977 11980 11983 11986 11989 11992 11995 11998 12001 12004 12005 12044 12046 12049 12052 12055 12058 12061 12064 12067 12070 12073 12076 12079 12082 12085 12088 12091 12094 12097 12100 12141 12143 12146 12149 12152 12155 12158 12161 12164 12167 12170 12173 12176 12179 12182 12185 12188 12191 12194 12197 12239 12241 12244 12247 12250 12253 12256 12259 12262 12265 12268 12271 12274 12277 12280 12283 12286 12289 12292 12295 12898 12901 12934 12937 14993 14996 15029 15032
LI (87):  138 381 382 546 547 548 549 550 551 552 553 554 555 556 557 558 559 560 561 562 563 564 614 615 616 617 618 619 620 621 622 623 624 625 626 627 628 629 630 631 632 633 634 636 648 653 658 663 668 672 677 681 686 690 695 699 708 717 726 735 744 753 762 771 1766 6080 6082 6085 6095 6254 6261 6323 9482 9538 9541 9574 9577 12841 12897 12900 12933 12936 14936 14992 14995 15028 15031
NODE_NUM = 197
FILE ac97_ctrl_sub_13.aig

# Subcircuit 14
SUB_ID 14
LO (31):  6323 6340 6351 6364 6377 6392 6408 6425 6441 6472 6503 6534 6565 6596 6627 6658 6689 6720 6751 6782 6813 6835 6857 6879 6901 15281 15288 15364 15538 15550 15866
LI (91):  138 390 632 633 635 636 637 638 639 640 641 642 643 644 645 646 647 648 649 650 651 652 653 654 655 656 659 664 673 682 691 700 709 718 727 736 745 754 763 772 777 782 787 792 1794 1795 2271 6335 6348 6354 6361 6367 6374 6386 6387 6388 6401 6402 6403 6404 6417 6419 6421 6436 6438 6453 6454 6464 6485 6495 6516 6526 6530 6561 6592 6623 6654 6685 6716 6747 6778 6809 6831 6853 6875 6897 15285 15354 15363 15542 15547
NODE_NUM = 200
FILE ac97_ctrl_sub_14.aig

# Subcircuit 15
SUB_ID 15
LO (19):  6417 6436 6453 6464 6485 6495 6516 6526 6561 6592 6623 6654 6685 6716 6747 6831 6853 6875 6897
LI (102):  639 640 642 657 658 660 661 662 663 665 666 667 668 669 670 671 672 674 675 676 677 678 679 680 681 683 684 685 686 687 688 689 690 692 693 694 695 696 697 698 699 701 702 703 704 705 706 707 708 710 711 712 713 714 715 716 717 6388 6403 6404 6434 6450 6462 6481 6484 6493 6512 6515 6524 6543 6546 6547 6555 6557 6574 6577 6578 6586 6588 6605 6608 6609 6617 6619 6639 6640 6650 6670 6671 6681 6702 6712 6733 6743 6814 6830 6836 6852 6860 6874 6882 6896
NODE_NUM = 200
FILE ac97_ctrl_sub_15.aig

# Subcircuit 16
SUB_ID 16
LO (19):  6639 6650 6670 6681 6702 6712 6733 6743 6778 6809 6814 6830 6836 6852 6874 6896 6902 6903 11849
LI (100):  639 640 642 719 720 721 722 723 724 725 726 728 729 730 731 732 733 734 735 737 738 739 740 741 742 743 744 746 747 748 749 750 751 752 753 755 756 757 758 759 760 761 762 764 765 766 767 768 769 770 771 773 774 775 776 778 779 780 781 783 784 785 786 788 789 790 791 793 794 6388 6403 6404 6636 6648 6667 6679 6698 6701 6710 6729 6732 6741 6760 6763 6764 6772 6774 6791 6794 6795 6803 6805 6825 6827 6847 6849 6869 6871 6891 6893
NODE_NUM = 199
FILE ac97_ctrl_sub_16.aig

# Subcircuit 17
SUB_ID 17
LO (69):  6905 6912 6913 6920 11658 11661 11664 11667 11670 11673 11676 11679 11682 11685 11688 11691 11694 11697 11700 11703 11706 11709 11712 11715 11718 11721 11724 11727 11730 11733 11736 11739 11742 11745 11748 11751 11752 11755 11758 11761 11764 11767 11770 11773 11776 11779 11782 11785 11788 11791 11794 11797 11800 11803 11806 11809 11812 11815 11818 11821 11824 11827 11830 11833 11835 11838 11841 11844 11847
LI (99):  193 546 547 548 549 550 551 552 553 554 555 556 557 558 559 560 561 562 563 564 565 566 567 568 569 570 571 572 573 574 575 576 577 793 794 795 797 807 808 812 813 817 818 822 823 827 828 831 832 836 837 840 841 845 846 849 850 854 855 858 859 863 864 867 868 872 873 876 877 881 882 885 886 890 891 894 895 899 900 903 904 908 909 912 913 917 918 921 922 926 930 931 935 940 945 950 6902 6903 6911
NODE_NUM = 199
FILE ac97_ctrl_sub_17.aig

# Subcircuit 18
SUB_ID 18
LO (31):  6911 6928 6939 6952 6965 6980 6996 7013 7029 7060 7091 7122 7153 7184 7215 7246 7277 7308 7339 7370 7401 7423 7445 7467 7489 15271 15278 15377 15571 15583 15855
LI (91):  193 390 793 794 796 797 798 799 800 801 802 803 804 805 806 807 808 809 810 811 812 813 814 815 816 817 820 825 834 843 852 861 870 879 888 897 906 915 924 933 938 943 948 953 1797 1798 2276 6923 6936 6942 6949 6955 6962 6974 6975 6976 6989 6990 6991 6992 7005 7007 7009 7024 7026 7041 7042 7052 7073 7083 7104 7114 7118 7149 7180 7211 7242 7273 7304 7335 7366 7397 7419 7441 7463 7485 15275 15367 15376 15575 15580
NODE_NUM = 200
FILE ac97_ctrl_sub_18.aig

# Subcircuit 19
SUB_ID 19
LO (19):  7005 7024 7041 7052 7073 7083 7104 7114 7149 7180 7211 7242 7273 7304 7335 7419 7441 7463 7485
LI (102):  800 801 803 818 819 821 822 823 824 826 827 828 829 830 831 832 833 835 836 837 838 839 840 841 842 844 845 846 847 848 849 850 851 853 854 855 856 857 858 859 860 862 863 864 865 866 867 868 869 871 872 873 874 875 876 877 878 6976 6991 6992 7022 7038 7050 7069 7072 7081 7100 7103 7112 7131 7134 7135 7143 7145 7162 7165 7166 7174 7176 7193 7196 7197 7205 7207 7227 7228 7238 7258 7259 7269 7290 7300 7321 7331 7402 7418 7424 7440 7448 7462 7470 7484
NODE_NUM = 200
FILE ac97_ctrl_sub_19.aig

# Subcircuit 20
SUB_ID 20
LO (19):  7227 7238 7258 7269 7290 7300 7321 7331 7366 7397 7402 7418 7424 7440 7462 7484 7502 10277 10278
LI (103):  800 801 803 880 881 882 883 884 885 886 887 889 890 891 892 893 894 895 896 898 899 900 901 902 903 904 905 907 908 909 910 911 912 913 914 916 917 918 919 920 921 922 923 925 926 927 928 929 930 931 932 934 935 936 937 939 940 941 942 944 945 946 947 949 950 951 952 956 957 958 1621 6976 6991 6992 7224 7236 7255 7267 7286 7289 7298 7317 7320 7329 7348 7351 7352 7360 7362 7379 7382 7383 7391 7393 7413 7415 7435 7437 7457 7459 7479 7481 10276
NODE_NUM = 200
FILE ac97_ctrl_sub_20.aig

# Subcircuit 21
SUB_ID 21
LO (114):  7504 7616 7625 7634 7643 7652 7661 7668 7675 7707 7711 7715 7719 7723 9290 9293 9296 9299 9302 9305 9308 9311 9314 9317 9320 9323 9326 9329 9332 9335 9338 9341 9344 9347 9350 9353 9356 9359 9362 9365 9368 9371 9374 9377 9380 9383 10167 10168 10171 10174 10177 10178 10181 10184 10187 10190 10193 10196 10199 10202 10205 10208 10211 10214 10217 10220 10223 10226 10229 10232 10235 10238 10241 10244 10247 10250 10253 10256 10259 10262 10292 10579 10580 10583 10586 10589 10592 10595 10598 10601 10604 10607 10610 10613 10616 10619 10622 10625 10628 10631 10634 10637 10640 10643 10646 10649 10652 10655 10658 10661 10664 10667 10670 10673
LI (85):  954 955 985 1008 1010 1013 1014 1016 1017 1019 1022 1025 1028 1031 1034 1037 1040 1043 1046 1049 1052 1055 1058 1061 1064 1067 1070 1073 1076 1079 1082 1085 1088 1091 1094 1097 1100 1103 7498 7503 7505 7514 7523 7532 7541 7550 7559 7568 7577 7586 7595 7604 7613 7614 7622 7624 7631 7633 7640 7642 7649 7651 7658 7660 7665 7667 7672 7674 7676 7680 7684 7688 7692 7696 7700 7704 7706 7708 7710 7712 7714 7716 7718 7720 7722
NODE_NUM = 199
FILE ac97_ctrl_sub_21.aig

# Subcircuit 22
SUB_ID 22
LO (58):  7622 7624 7631 7633 7640 7642 7649 7651 7658 7660 7665 7667 7672 7674 7679 7683 7687 7691 7695 7699 7703 7704 7706 7708 7710 7712 7714 7716 7718 7720 7722 7732 7741 7750 7759 7768 7849 7858 7867 7876 7885 7894 7903 7912 7921 7930 7939 7948 7957 7966 7975 7984 7993 8002 8011 10309 10316 10323
LI (113):  136 357 358 359 360 361 961 963 965 967 969 986 987 988 989 990 991 992 993 994 995 996 997 998 999 1000 1001 1002 1003 1004 1005 1006 1007 1008 1009 1010 1011 1012 1013 1014 1015 1016 1017 1018 1019 1020 1021 1022 1023 1024 1624 1626 7490 7492 7495 7505 7618 7627 7648 7657 7664 7671 7677 7681 7685 7689 7693 7697 7701 7731 7740 7749 7758 7767 7841 7848 7850 7857 7859 7866 7868 7875 7877 7884 7886 7893 7895 7902 7904 7911 7913 7920 7922 7929 7931 7938 7940 7947 7949 7956 7958 7965 7967 7974 7976 7983 7985 7992 7994 8001 8003 8010 10315
NODE_NUM = 200
FILE ac97_ctrl_sub_22.aig

# Subcircuit 23
SUB_ID 23
LO (60):  7777 7786 7795 7804 7813 7822 7831 7840 7841 7848 7850 7857 7859 7866 7868 7875 7877 7884 7886 7893 7895 7902 7904 7911 7913 7920 7922 7929 7931 7938 7940 7947 7949 7956 7958 7965 7967 7974 7976 7983 7985 7992 7994 8001 8003 8010 8015 8022 8023 8030 10725 10728 10731 10732 13558 13560 13563 13855 13857 13860
LI (110):  238 546 547 971 973 975 977 979 981 983 985 1009 1012 1025 1026 1027 1028 1029 1030 1031 1032 1033 1034 1035 1036 1037 1038 1039 1040 1041 1042 1043 1044 1045 1046 1047 1048 1049 1050 1051 1052 1053 1054 1055 1056 1057 1058 1059 1060 1061 1062 1063 1064 1065 1066 1067 1068 1069 1070 1071 1072 1073 1074 1075 1076 1077 1078 1079 1080 1081 1082 1083 1084 1085 1086 1087 1088 1089 1090 1091 1092 1093 1094 1095 1096 1097 1098 1099 1100 1101 1102 1103 1104 1105 1106 1107 1108 1110 1119 1124 1129 7776 7785 7794 7803 7812 7821 7830 7839 8021
NODE_NUM = 199
FILE ac97_ctrl_sub_23.aig

# Subcircuit 24
SUB_ID 24
LO (31):  8021 8038 8049 8062 8075 8090 8106 8123 8139 8170 8201 8232 8263 8294 8325 8356 8387 8418 8449 8480 8511 8533 8555 8577 8599 15291 15298 15390 15604 15616 15844
LI (91):  238 390 1106 1107 1109 1110 1111 1112 1113 1114 1115 1116 1117 1118 1119 1120 1121 1122 1123 1124 1125 1126 1127 1128 1129 1130 1133 1138 1147 1156 1165 1174 1183 1192 1201 1210 1219 1228 1237 1246 1251 1256 1261 1266 1800 1801 2281 8033 8046 8052 8059 8065 8072 8084 8085 8086 8099 8100 8101 8102 8115 8117 8119 8134 8136 8151 8152 8162 8183 8193 8214 8224 8228 8259 8290 8321 8352 8383 8414 8445 8476 8507 8529 8551 8573 8595 15295 15380 15389 15608 15613
NODE_NUM = 200
FILE ac97_ctrl_sub_24.aig

# Subcircuit 25
SUB_ID 25
LO (19):  8115 8134 8151 8162 8183 8193 8214 8224 8259 8290 8321 8352 8383 8414 8445 8529 8551 8573 8595
LI (102):  1113 1114 1116 1131 1132 1134 1135 1136 1137 1139 1140 1141 1142 1143 1144 1145 1146 1148 1149 1150 1151 1152 1153 1154 1155 1157 1158 1159 1160 1161 1162 1163 1164 1166 1167 1168 1169 1170 1171 1172 1173 1175 1176 1177 1178 1179 1180 1181 1182 1184 1185 1186 1187 1188 1189 1190 1191 8086 8101 8102 8132 8148 8160 8179 8182 8191 8210 8213 8222 8241 8244 8245 8253 8255 8272 8275 8276 8284 8286 8303 8306 8307 8315 8317 8337 8338 8348 8368 8369 8379 8400 8410 8431 8441 8512 8528 8534 8550 8558 8572 8580 8594
NODE_NUM = 200
FILE ac97_ctrl_sub_25.aig

# Subcircuit 26
SUB_ID 26
LO (18):  8337 8348 8368 8379 8400 8410 8431 8441 8476 8507 8512 8528 8534 8550 8572 8594 8604 8605
LI (102):  397 402 546 1113 1114 1116 1193 1194 1195 1196 1197 1198 1199 1200 1202 1203 1204 1205 1206 1207 1208 1209 1211 1212 1213 1214 1215 1216 1217 1218 1220 1221 1222 1223 1224 1225 1226 1227 1229 1230 1231 1232 1233 1234 1235 1236 1238 1239 1240 1241 1242 1243 1244 1245 1247 1248 1249 1250 1252 1253 1254 1255 1257 1258 1259 1260 1262 1263 1264 1265 8086 8101 8102 8334 8346 8365 8377 8396 8399 8408 8427 8430 8439 8458 8461 8462 8470 8472 8489 8492 8493 8501 8503 8523 8525 8545 8547 8567 8569 8589 8591 8601
NODE_NUM = 200
FILE ac97_ctrl_sub_26.aig

# Subcircuit 27
SUB_ID 27
LO (130):  8607 8610 8613 8616 8619 8622 8625 8628 8631 8634 8637 8640 8643 8646 8649 8652 8655 8658 8661 8664 8667 8670 8673 8676 8679 8682 8685 8688 8691 8694 8697 8701 8708 8709 10373 10378 10381 10384 10387 10390 10393 10396 10399 10402 10405 10408 10411 10414 10417 10420 10423 10426 10429 10432 10435 10438 10441 10444 10447 10450 10453 10456 10459 10462 10465 10468 11558 11563 11566 11569 11572 11575 11578 11581 11584 11587 11590 11593 11596 11599 11602 11605 11608 11611 11614 11617 11620 11623 11626 11629 11632 11635 11638 11641 11644 11647 11650 11653 15130 15135 15138 15141 15144 15147 15150 15153 15156 15159 15162 15165 15168 15171 15174 15177 15180 15183 15186 15189 15192 15195 15198 15201 15204 15207 15210 15213 15216 15219 15222 15225
LI (68):  78 407 412 417 421 426 430 435 439 444 448 453 457 462 466 471 475 480 484 489 493 498 502 507 511 516 520 525 530 535 540 547 548 549 550 551 552 553 554 555 556 557 558 559 560 561 562 563 564 565 566 567 568 569 570 571 572 573 574 575 576 577 1267 1268 1269 8601 8605 8707
NODE_NUM = 199
FILE ac97_ctrl_sub_27.aig

# Subcircuit 28
SUB_ID 28
LO (33):  8707 8716 8724 8735 8748 8761 8776 8792 8797 8809 8825 8856 8887 8918 8949 8980 9011 9042 9073 9104 9135 9166 9197 9219 9241 9263 9285 15311 15318 15403 15637 15649 15833
LI (87):  78 390 1267 1268 1270 1271 1272 1273 1274 1275 1276 1277 1278 1279 1280 1281 1282 1283 1284 1285 1286 1287 1288 1289 1290 1294 1299 1308 1317 1326 1335 1344 1353 1362 1371 1380 1389 1398 1407 1412 1417 1422 1427 1803 1804 2286 8709 8719 8732 8738 8745 8751 8758 8770 8771 8772 8785 8786 8787 8788 8795 8803 8805 8820 8822 8838 8848 8869 8879 8914 8945 8976 9007 9038 9069 9100 9131 9162 9193 9215 9237 9259 9281 15315 15393 15641 15646
NODE_NUM = 198
FILE ac97_ctrl_sub_28.aig

# Subcircuit 29
SUB_ID 29
LO (20):  8795 8803 8820 8838 8848 8869 8879 8914 8945 8976 8994 9007 9038 9069 9100 9131 9215 9237 9259 9281
LI (103):  1274 1275 1277 1291 1292 1293 1295 1296 1297 1298 1300 1301 1302 1303 1304 1305 1306 1307 1309 1310 1311 1312 1313 1314 1315 1316 1318 1319 1320 1321 1322 1323 1324 1325 1327 1328 1329 1330 1331 1332 1333 1334 1336 1337 1338 1339 1340 1341 1342 1343 1345 1349 1350 1351 1352 8772 8787 8788 8797 8818 8834 8837 8846 8865 8868 8877 8896 8899 8900 8908 8910 8927 8930 8931 8939 8941 8958 8961 8962 8970 8972 8989 8992 8993 9003 9023 9024 9034 9054 9055 9065 9086 9096 9117 9127 9198 9214 9220 9236 9244 9258 9266 9280
NODE_NUM = 200
FILE ac97_ctrl_sub_29.aig

# Subcircuit 30
SUB_ID 30
LO (17):  9003 9023 9034 9054 9065 9086 9096 9117 9127 9162 9193 9198 9214 9220 9236 9258 9280
LI (101):  1274 1275 1277 1346 1347 1348 1354 1355 1356 1357 1358 1359 1360 1361 1363 1364 1365 1366 1367 1368 1369 1370 1372 1373 1374 1375 1376 1377 1378 1379 1381 1382 1383 1384 1385 1386 1387 1388 1390 1391 1392 1393 1394 1395 1396 1397 1399 1400 1401 1402 1403 1404 1405 1406 1408 1409 1410 1411 1413 1414 1415 1416 1418 1419 1420 1421 1423 8772 8787 8788 8994 9001 9020 9032 9051 9063 9082 9085 9094 9113 9116 9125 9144 9147 9148 9156 9158 9175 9178 9179 9187 9189 9209 9211 9231 9233 9253 9255 9269 9275 9277
NODE_NUM = 200
FILE ac97_ctrl_sub_30.aig

# Subcircuit 31
SUB_ID 31
LO (53):  9269 9275 9387 9390 9393 9396 9399 9402 9405 9408 9411 9414 9417 9420 9423 9426 9429 9432 9435 9438 9441 9444 9447 9450 9453 9456 9459 9462 9465 9468 9471 9474 9477 9480 9529 9532 9536 9538 9541 9544 9547 9550 9553 9556 9559 9562 9565 9568 9572 9574 9577 9582 14838
LI (93):  137 399 404 409 414 419 423 428 432 437 441 446 450 455 459 464 468 473 477 482 486 491 495 500 504 509 513 518 522 527 532 537 542 546 547 548 549 550 551 552 553 554 555 556 557 558 559 560 561 562 563 564 565 566 567 568 569 570 571 572 573 574 575 576 577 1275 1277 1424 1425 1426 1443 1444 1445 1446 1447 1448 1449 1450 1451 1452 1453 1454 1455 1456 1457 1458 1459 1460 1461 9384 9482 9534 9570
NODE_NUM = 125
FILE ac97_ctrl_sub_31.aig

# Subcircuit 32
SUB_ID 32
LO (100):  9589 9597 14453 14456 14459 14462 14465 14468 14471 14474 14477 14480 14483 14486 14489 14492 14495 14498 14501 14504 14507 14510 14513 14516 14519 14522 14525 14528 14531 14534 14537 14540 14543 14546 14547 14550 14553 14556 14559 14562 14565 14568 14571 14574 14577 14580 14583 14585 14588 14591 14594 14597 14600 14603 14606 14609 14612 14615 14618 14621 14624 14627 14630 14633 14636 14639 14642 14644 14646 14649 14652 14655 14658 14661 14664 14667 14670 14673 14676 14679 14682 14685 14688 14691 14694 14697 14700 14703 14706 14709 14712 14715 14718 14721 14724 14727 14730 14733 14736 14739
LI (84):  137 546 547 548 549 550 551 552 553 554 555 556 557 558 559 560 561 562 563 564 565 566 567 568 569 570 571 572 573 574 575 576 577 1460 1461 1462 1464 1475 1476 1480 1481 1485 1486 1490 1491 1496 1499 1500 1505 1508 1509 1514 1517 1518 1523 1526 1527 1532 1535 1536 1541 1544 1545 1550 1553 1554 1559 1562 1563 1568 1572 1577 1581 1586 1590 1595 1599 1604 1609 1614 1619 2249 9585 9588
NODE_NUM = 200
FILE ac97_ctrl_sub_32.aig

# Subcircuit 33
SUB_ID 33
LO (34):  9588 9599 9613 9619 9626 9632 9639 9657 9673 9690 9706 9737 9768 9799 9830 9856 9861 9892 9923 9954 9985 10016 10047 10078 10100 10122 10144 10166 15331 15338 15416 15670 15682 15822
LI (103):  137 390 1460 1461 1463 1464 1465 1466 1467 1468 1469 1470 1472 1473 1474 1475 1476 1477 1478 1479 1480 1481 1482 1483 1484 1485 1486 1487 1488 1489 1490 1491 1492 1497 1501 1510 1519 1528 1537 1546 1555 1564 1573 1582 1591 1600 1605 1610 1615 1620 1806 1807 2291 9651 9653 9654 9655 9666 9668 9669 9670 9671 9682 9684 9687 9688 9699 9701 9704 9709 9715 9718 9719 9729 9733 9749 9750 9760 9764 9780 9781 9791 9795 9812 9822 9826 9853 9857 9888 9919 9950 9981 10012 10043 10074 10096 10118 10140 10162 15335 15407 15674 15679
NODE_NUM = 200
FILE ac97_ctrl_sub_33.aig

# Subcircuit 34
SUB_ID 34
LO (22):  9709 9715 9729 9749 9760 9780 9791 9812 9822 9853 9857 9888 9919 9928 9950 9981 10012 10043 10096 10118 10140 10162
LI (103):  1467 1468 1470 1493 1494 1495 1496 1498 1499 1500 1502 1503 1504 1505 1506 1507 1508 1509 1511 1512 1513 1514 1515 1516 1517 1518 1520 1521 1522 1523 1524 1525 1526 1527 1529 1530 1531 1532 1533 1534 1535 1536 1538 1539 1540 1541 1542 1543 1544 1545 1547 1548 1549 1550 1551 1552 1553 1554 1560 9653 9668 9669 9727 9746 9758 9777 9789 9808 9811 9820 9839 9842 9851 9856 9870 9873 9874 9882 9884 9901 9904 9905 9913 9915 9926 9935 9936 9946 9966 9967 9977 9998 10008 10029 10039 10079 10095 10101 10117 10125 10139 10147 10161
NODE_NUM = 199
FILE ac97_ctrl_sub_34.aig

# Subcircuit 35
SUB_ID 35
LO (33):  9926 9935 9946 9966 9977 9998 10008 10029 10039 10074 10079 10095 10101 10117 10139 10161 10180 10183 10186 10189 10192 10195 10198 10201 10204 10207 10210 10213 10216 10219 10222 10225 10228
LI (119):  1020 1023 1026 1029 1032 1035 1038 1041 1044 1047 1050 1053 1056 1059 1062 1065 1068 1467 1468 1470 1556 1557 1558 1559 1561 1562 1563 1565 1566 1567 1568 1569 1570 1571 1572 1574 1575 1576 1577 1578 1579 1580 1581 1583 1584 1585 1586 1587 1588 1589 1590 1592 1593 1594 1595 1596 1597 1598 1599 1601 1602 1603 1604 1606 1607 1608 1609 1611 1612 1613 1614 1616 1617 1618 1619 9653 9668 9669 9928 9944 9963 9975 9994 9997 10006 10025 10028 10037 10056 10059 10060 10068 10070 10090 10092 10112 10114 10134 10136 10156 10158 10168 10178 10181 10184 10187 10190 10193 10196 10199 10202 10205 10208 10211 10214 10217 10220 10223 10226
NODE_NUM = 200
FILE ac97_ctrl_sub_35.aig

# Subcircuit 36
SUB_ID 36
LO (70):  10231 10234 10237 10240 10243 10246 10249 10252 10255 10258 10261 10264 10270 10276 10280 10291 10305 10315 10360 10363 10366 10369 10372 10376 10379 10382 10385 10388 10391 10394 10397 10400 10403 10406 10409 10412 10415 10418 10421 10424 10427 10430 10433 10436 10439 10442 10445 10448 10451 10454 10457 10460 10463 10466 10469 10481 10493 10507 10515 10522 10529 10545 10548 10551 10554 10557 15301 15308 15434 15436
LI (151):  136 192 357 358 359 360 361 371 372 373 374 375 546 578 579 583 596 598 954 955 959 986 988 990 1071 1074 1077 1080 1083 1086 1089 1092 1095 1098 1101 1104 1281 1286 1291 1296 1301 1305 1310 1314 1319 1323 1328 1332 1337 1341 1346 1350 1355 1359 1364 1368 1373 1377 1382 1386 1391 1395 1400 1404 1409 1414 1419 1424 1622 1623 1624 1625 1629 1630 1631 1632 1633 1634 6089 7499 7502 10167 10168 10229 10232 10235 10238 10241 10244 10247 10250 10253 10256 10259 10262 10269 10275 10277 10278 10281 10290 10292 10296 10324 10359 10362 10373 10378 10381 10384 10387 10390 10393 10396 10399 10402 10405 10408 10411 10414 10417 10420 10423 10426 10429 10432 10435 10438 10441 10444 10447 10450 10453 10456 10459 10462 10465 10468 10480 10486 10487 10501 10521 10530 10544 10547 10556 15305 15429 15433 15435
NODE_NUM = 200
FILE ac97_ctrl_sub_36.aig

# Subcircuit 37
SUB_ID 37
LO (79):  10556 10560 10563 10566 10569 10572 10575 10578 10582 10585 10588 10591 10594 10597 10600 10603 10606 10609 10612 10615 10618 10621 10624 10627 10630 10633 10636 10639 10642 10645 10648 10651 10654 10657 10660 10663 10666 10669 10672 10675 10678 10681 10684 10687 10690 10693 10696 10699 10702 10705 10708 10711 10714 10717 10720 10723 10734 10737 10740 10743 10746 10749 10752 10755 10758 10761 10764 10767 10770 10773 10776 10779 10782 10785 10788 10791 10794 10797 10798
LI (160):  76 85 93 100 107 114 121 128 135 142 149 156 163 170 177 184 292 295 296 297 298 299 300 301 302 303 305 307 308 310 312 314 376 377 378 379 380 381 382 548 549 550 551 552 553 554 555 556 557 558 559 560 561 562 563 564 565 566 567 568 569 600 602 604 606 608 610 612 614 1011 1015 1018 1021 1024 1027 1030 1033 1036 1039 1042 1045 1048 1051 1054 1057 1060 1063 1066 1069 1072 1075 1078 1081 1084 1087 1090 1093 1096 1099 1102 1105 1134 1139 1143 1148 1152 1157 1161 1166 1170 1175 1179 1184 1188 1193 1197 1202 1206 1211 1215 1224 1233 1242 1635 10530 10579 10580 10583 10586 10589 10592 10595 10598 10601 10604 10607 10610 10613 10616 10619 10622 10625 10628 10631 10634 10637 10640 10643 10646 10649 10652 10655 10658 10661 10664 10667 10670 10673 10725 10732
NODE_NUM = 200
FILE ac97_ctrl_sub_37.aig

# Subcircuit 38
SUB_ID 38
LO (29):  10800 10803 10806 10809 10812 10815 10818 10821 10830 10839 10848 10857 10866 10875 10884 10893 10902 10911 10920 10929 10938 10947 10956 10965 10974 10983 10992 10997 11001
LI (118):  570 571 572 573 574 575 576 577 585 587 589 591 593 595 597 599 601 603 605 607 609 611 613 615 616 617 618 619 1220 1229 1238 1247 1252 1257 1262 1428 1429 1430 1431 1432 1433 1434 1435 1436 1437 1438 1439 1440 1441 1442 1443 1444 1445 1446 1447 1631 1632 1636 1637 1638 1639 1640 1641 1642 1643 1644 1645 1646 1647 1648 1649 1650 1651 1652 1653 1654 1655 1656 1657 1658 1659 1660 1661 1662 1663 1664 1665 1666 1667 1668 1669 1670 1671 1672 1673 1674 10725 10798 10829 10838 10847 10856 10865 10874 10883 10892 10901 10910 10919 10928 10937 10946 10955 10964 10973 10982 10991 11000
NODE_NUM = 200
FILE ac97_ctrl_sub_38.aig

# Subcircuit 39
SUB_ID 39
LO (56):  11000 11010 11019 11028 11037 11046 11055 11064 11073 11082 11091 11100 11109 11113 11116 11127 11130 11132 11135 11144 11153 11162 11171 11180 11189 11196 11355 11411 11413 13072 13075 13085 13658 13659 13664 13665 13668 13671 13674 13677 13758 13759 13764 13765 13768 13771 13774 13777 13956 13957 13962 13963 13966 13969 13972 13975
LI (113):  316 321 390 620 621 622 623 624 625 626 627 628 629 630 631 1448 1449 1450 1451 1452 1453 1454 1455 1456 1457 1458 1459 1631 1632 1675 1676 1677 1678 1679 1680 1681 1682 1683 1684 1685 1686 1687 1688 1689 1690 1691 1692 1693 1694 1695 1696 1697 1698 1699 1700 1701 1702 1703 1709 1710 1711 1713 1715 1717 1719 1721 1723 1840 10997 11009 11018 11027 11036 11045 11054 11063 11072 11081 11090 11099 11108 11112 11117 11119 11122 11126 11129 11131 11132 11134 11141 11145 11149 11152 11159 11168 11177 11186 11195 13070 13073 13076 13077 13082 13655 13657 13663 13755 13757 13763 13953 13955 13961
NODE_NUM = 199
FILE ac97_ctrl_sub_39.aig

# Subcircuit 40
SUB_ID 40
LO (97):  11129 11131 11366 11379 11392 13655 13657 13661 13663 13667 13670 13673 13676 13679 13682 13685 13688 13691 13694 13697 13700 13703 13706 13709 13712 13715 13718 13721 13724 13727 13730 13733 13736 13739 13742 13745 13748 13751 13755 13757 13761 13763 13767 13770 13773 13776 13779 13782 13785 13788 13791 13794 13797 13800 13803 13806 13807 13810 13813 13816 13819 13822 13825 13828 13831 13834 13837 13840 13843 13846 13849 13953 13978 13981 13984 13987 13990 13993 13996 13999 14002 14005 14008 14011 14014 14017 14020 14023 14026 14029 14032 14035 14038 14041 14044 14047 15705
LI (104):  77 1704 1705 1706 1707 1708 1758 1759 1760 1810 2137 2138 2139 2140 2141 2142 2143 2144 2145 2146 2147 2148 2149 2150 2151 2152 2153 2154 2155 2156 2157 2158 2159 2160 2161 2162 2163 2164 2165 2166 2167 2168 2169 2172 2173 2174 2175 2176 2177 2178 2179 2180 2181 2182 2183 2184 2185 2186 2187 2188 11126 11130 11204 11213 11222 11231 11240 11249 11258 11267 11276 11285 11292 11299 11303 11307 11311 11315 11319 11323 11327 11331 11335 11339 11343 11347 11361 11362 11374 11375 11387 11388 13659 13665 13668 13671 13674 13677 13759 13765 13768 13771 13774 13777
NODE_NUM = 199
FILE ac97_ctrl_sub_40.aig

# Subcircuit 41
SUB_ID 41
LO (60):  11141 11145 11149 11159 11168 11177 11186 11195 11198 11204 11207 11213 11216 11222 11225 11231 11234 11240 11243 11249 11252 11258 11261 11267 11270 11276 11279 11285 11288 11292 11295 11299 11302 11303 11306 11307 11310 11311 11314 11315 11318 11319 11322 11323 11326 11327 11330 11331 11334 11335 11338 11339 11342 11343 11346 11347 11350 11356 11358 11361
LI (72):  77 319 323 325 326 327 328 329 330 331 332 333 334 335 336 337 338 339 340 1705 1709 1712 1714 1716 1718 1720 1722 1724 1725 1726 1727 1728 1729 1730 1731 1732 1733 1734 1735 1736 1737 1738 1739 1740 1741 1742 1743 1744 1745 1746 1747 1748 1749 1750 1751 1752 1753 1754 1755 1756 1757 11117 11119 11122 11126 11132 11196 11274 11283 11290 11297 11355
NODE_NUM = 197
FILE ac97_ctrl_sub_41.aig

# Subcircuit 42
SUB_ID 42
LO (65):  11374 11387 11396 11403 11410 11414 11417 11420 11423 11426 11429 11432 11435 11438 11441 11444 11447 11450 11453 11456 11459 11463 11466 11469 11472 11475 11478 11481 11484 11487 11490 11493 11496 11499 11502 11505 11508 11511 11514 11517 11520 11523 11526 11529 11532 11535 11538 11541 11544 11547 11550 11553 11556 11561 11564 11567 11570 11573 11576 11579 11582 11583 15328 15463 15465
LI (131):  77 325 326 327 328 329 330 331 332 333 334 335 336 337 338 339 340 400 405 410 415 420 424 429 433 438 442 447 451 456 460 465 469 474 478 483 487 492 496 501 505 510 514 519 523 528 533 538 543 545 546 547 548 549 550 551 552 553 554 555 556 557 558 559 560 561 562 563 564 565 566 567 568 569 570 571 572 573 574 575 576 577 1280 1285 1290 1295 1304 1313 1322 1331 1340 1704 1712 1714 1716 1718 1720 1722 1724 1726 1728 1730 1732 1734 1736 1738 1740 1760 1761 1762 1763 1764 1765 5406 11126 11358 11402 11411 11413 11558 11563 11566 11569 11572 11575 11578 11581 15321 15322 15462 15464
NODE_NUM = 200
FILE ac97_ctrl_sub_42.aig

# Subcircuit 43
SUB_ID 43
LO (74):  11585 11588 11591 11594 11597 11600 11603 11606 11609 11612 11615 11618 11621 11624 11627 11630 11633 11636 11639 11642 11645 11648 11651 11654 11836 11839 11842 11845 11848 11853 11856 11859 11862 11865 11868 11871 11874 11877 11880 11883 11886 11889 11892 11895 11898 11901 11904 11907 11910 11913 11916 11919 11922 11925 11928 11931 11934 11937 11940 11943 11946 12007 12010 12013 12016 12019 12022 12025 12028 12031 12034 12037 12040 12043
LI (140):  546 547 548 549 550 551 552 553 554 555 556 557 558 559 560 561 562 563 564 565 566 567 568 569 570 571 572 573 574 575 576 577 704 713 722 731 740 749 758 767 776 781 786 791 795 806 811 816 821 826 830 835 839 844 848 853 857 862 866 871 875 880 884 889 893 898 902 907 911 916 920 925 927 929 934 936 939 941 944 946 949 951 1300 1309 1318 1327 1336 1345 1349 1354 1358 1363 1367 1372 1376 1381 1385 1390 1394 1399 1403 1408 1413 1418 1423 11558 11583 11584 11587 11590 11593 11596 11599 11602 11605 11608 11611 11614 11617 11620 11623 11626 11629 11632 11635 11638 11641 11644 11647 11650 11653 11752 11835 11838 11841 11844 11847 11849 11947 12005
NODE_NUM = 192
FILE ac97_ctrl_sub_43.aig

# Subcircuit 44
SUB_ID 44
LO (87):  12047 12050 12053 12056 12059 12062 12065 12068 12071 12074 12077 12080 12083 12086 12089 12092 12095 12098 12101 12104 12107 12110 12113 12116 12119 12122 12125 12128 12131 12134 12137 12140 12144 12147 12150 12153 12156 12159 12162 12165 12168 12171 12174 12177 12180 12183 12186 12189 12192 12195 12198 12201 12204 12207 12210 12213 12216 12219 12222 12225 12228 12231 12234 12237 12242 12245 12248 12251 12254 12257 12260 12263 12266 12269 12299 12302 12305 12308 12311 12314 12317 12320 12323 12326 12329 12332 12335
LI (151):  565 566 567 568 569 570 571 572 573 574 575 576 577 645 646 647 650 651 652 655 656 657 660 661 662 666 667 669 670 671 675 676 678 679 680 684 685 687 688 689 693 694 696 697 698 702 703 705 706 707 711 712 714 715 716 720 721 724 725 729 730 733 734 738 739 742 743 747 748 751 752 756 757 760 761 765 766 769 770 774 775 779 780 784 785 789 790 12044 12046 12049 12052 12055 12058 12061 12064 12067 12070 12073 12076 12079 12082 12085 12088 12091 12094 12097 12100 12141 12143 12146 12149 12152 12155 12158 12161 12164 12167 12170 12173 12176 12179 12182 12185 12188 12191 12194 12197 12239 12241 12244 12247 12250 12253 12256 12259 12262 12265 12268 12297 12300 12303 12306 12309 12312 12315 12318 12321 12324 12327 12330 12333
NODE_NUM = 200
FILE ac97_ctrl_sub_44.aig

# Subcircuit 45
SUB_ID 45
LO (86):  12272 12275 12278 12281 12284 12287 12290 12293 12296 12297 12300 12303 12306 12309 12312 12315 12318 12321 12324 12327 12330 12333 12339 12342 12345 12348 12351 12354 12357 12360 12363 12366 12369 12372 12375 12378 12381 12384 12387 12390 12393 12396 12399 12402 12405 12408 12411 12414 12417 12420 12423 12426 12429 12432 12472 12475 12478 12481 12482 12485 12488 12491 12494 12497 12500 12503 12506 12509 12512 12515 12518 12521 12524 12527 12530 12532 12535 12538 12541 12544 12547 12550 12553 15635 15918 15919
LI (128):  77 79 86 88 94 96 101 103 108 110 115 117 122 124 129 131 136 138 143 145 150 152 157 159 164 165 166 171 172 173 178 179 180 185 186 187 193 199 205 211 217 223 229 234 238 242 246 250 254 258 262 267 546 547 548 549 550 551 552 553 554 555 556 557 558 559 560 561 562 563 564 565 566 567 568 569 570 571 572 573 574 575 576 577 665 674 683 692 701 710 719 723 728 732 737 741 746 750 755 759 764 768 773 778 783 788 1767 2328 4593 4598 12239 12271 12274 12277 12280 12283 12286 12289 12292 12295 12433 12471 12474 12477 12480 15634 15915 15917
NODE_NUM = 199
FILE ac97_ctrl_sub_45.aig

# Subcircuit 46
SUB_ID 46
LO (87):  12533 12536 12539 12542 12545 12548 12551 12554 12631 12634 12637 12640 12643 12646 12649 12652 12655 12658 12661 12664 12667 12670 12673 12676 12679 12682 12685 12688 12691 12694 12697 12700 12703 12706 12709 12712 12715 12729 12733 12735 12737 12739 12741 12743 12745 12747 12749 12751 12753 12755 12757 12759 12761 12763 12765 12767 12769 12771 12773 12775 12777 12779 12781 12783 12785 12787 15439 15444 15447 15451 15454 15455 15466 15467 15468 15473 15475 15478 15481 15484 15485 15486 15491 15493 15498 15500 15503
LI (151):  9 10 11 12 13 14 15 16 17 18 19 20 21 22 23 24 25 26 27 28 29 30 32 34 36 38 40 42 44 46 48 50 52 54 56 58 60 62 64 66 80 81 192 198 204 210 216 222 228 233 390 546 547 548 549 550 551 552 553 554 555 556 557 558 559 560 561 562 563 564 565 566 567 568 569 570 571 572 573 574 1635 1700 1701 1767 1784 1785 1786 1787 1788 1789 1790 1791 1792 1793 1794 1795 1796 1797 1798 2256 2257 2258 2262 4571 4574 4579 4583 4603 4605 12482 12532 12535 12538 12541 12544 12547 12550 12553 12716 12726 12732 12752 12754 12756 12758 12760 12762 12764 12766 12768 12770 12772 12774 12776 12778 12780 12782 12784 12786 15437 15440 15450 15469 15471 15472 15474 15477 15480 15483 15492 15495
NODE_NUM = 200
FILE ac97_ctrl_sub_46.aig

# Subcircuit 47
SUB_ID 47
LO (97):  12752 12754 12756 12758 12760 12762 12764 12766 12768 12770 12772 12774 12776 12778 12780 12782 12784 12786 12791 12801 12808 12816 12818 12822 12826 12830 12836 12840 12844 12847 12850 12853 12856 12859 12862 12865 12868 12871 12874 12877 12880 12883 12886 12888 12891 12895 12897 12900 12903 12906 12909 12912 12915 12918 12921 12924 12927 12931 12933 12936 13018 13022 13028 13036 13044 13045 13046 13047 13048 13049 13050 13053 13056 13059 13062 13063 13066 13069 13070 13073 13076 13077 13082 13086 13087 13088 13089 13090 13091 13092 13093 13094 13095 13096 13097 13100 13101
LI (153):  31 33 35 37 39 41 43 45 47 49 51 53 55 57 59 61 63 65 89 191 389 638 799 1112 1273 1466 1637 1639 1641 1643 1645 1647 1649 1651 1653 1655 1657 1659 1661 1663 1665 1667 1669 1671 1673 1675 1677 1679 1681 1683 1685 1687 1689 1691 1693 1695 1697 1699 1799 1800 1801 1802 1803 1804 1805 1806 1807 1808 1809 1810 1811 1812 1813 1814 1815 1816 1817 1818 1819 1820 1821 1822 1823 1824 1825 1826 1827 1828 1833 1834 1835 1836 1837 1838 1839 1840 1841 1842 1843 1844 1845 1846 1847 1848 1849 1850 1851 1852 1853 1854 1855 1856 1857 1858 1859 1860 1861 1862 1863 1864 1865 1866 1867 1868 1869 12795 12796 12821 12825 12829 12835 12837 12838 12841 12842 12845 12848 12851 12854 12857 12860 12863 12866 12869 12872 12875 12878 12881 12884 12893 12929 13014 13024
NODE_NUM = 200
FILE ac97_ctrl_sub_47.aig

# Subcircuit 48
SUB_ID 48
LO (75):  13103 13106 13109 13112 13115 13118 13121 13122 13123 13124 13125 13128 13131 13134 13137 13140 13143 13146 13149 13152 13155 13158 13161 13164 13167 13170 13173 13176 13179 13182 13185 13188 13191 13194 13197 13200 13203 13206 13209 13212 13215 13218 13221 13224 13227 13230 13233 13236 13239 13242 13245 13248 13251 13254 13257 13260 13263 13266 13269 13272 13275 13278 13281 13284 13287 13290 13293 13294 13295 13296 13297 13298 13299 13300 13301
LI (139):  197 203 209 215 221 227 266 401 406 411 416 649 654 659 664 1768 1769 1770 1771 1772 1773 1774 1775 1776 1777 1778 1779 1780 1781 1782 1783 1840 1870 1871 1872 1873 1874 1875 1876 1877 1878 1879 1880 1881 1882 1883 1884 1885 1886 1887 1888 1889 1890 1891 1892 1893 1894 1895 1896 1897 1898 1899 1900 1901 1902 1903 1904 1905 1906 1907 1908 1909 1910 1911 1912 1913 1914 1915 1916 1917 1918 1919 1920 1921 1922 1923 1924 1925 1926 1927 1928 1929 1930 1931 1932 1933 1934 1935 1936 1937 1938 1939 1940 1941 1942 1943 1944 1945 1946 1947 1948 1949 1950 1951 1952 1953 1954 1955 1956 1957 1958 1959 1960 1961 1962 1963 1964 1965 1966 1967 1968 1969 1970 1971 1972 1973 1974 1975 13101
NODE_NUM = 200
FILE ac97_ctrl_sub_48.aig

# Subcircuit 49
SUB_ID 49
LO (76):  13302 13303 13304 13305 13306 13307 13308 13309 13310 13311 13312 13313 13316 13319 13322 13325 13328 13331 13334 13337 13340 13343 13346 13349 13352 13355 13358 13361 13364 13367 13370 13373 13376 13379 13382 13385 13388 13391 13394 13397 13400 13403 13406 13409 13412 13415 13418 13421 13424 13427 13430 13433 13436 13439 13442 13445 13448 13451 13454 13457 13460 13463 13466 13469 13472 13475 13478 13481 13484 13487 13490 13493 13494 13497 13500 13501
LI (139):  810 815 820 825 1123 1128 1133 1138 1284 1289 1294 1299 1477 1482 1487 1840 1976 1977 1978 1979 1980 1981 1982 1983 1984 1985 1986 1987 1988 1989 1990 1991 1992 1993 1994 1995 1996 1997 1998 1999 2000 2001 2002 2003 2004 2005 2006 2007 2008 2009 2010 2011 2012 2013 2014 2015 2016 2017 2018 2019 2020 2021 2022 2023 2024 2025 2026 2027 2028 2029 2030 2031 2032 2033 2034 2035 2036 2037 2038 2039 2040 2041 2042 2043 2044 2045 2046 2047 2048 2049 2050 2051 2052 2053 2054 2055 2056 2057 2058 2059 2060 2061 2062 2063 2064 2065 2066 2067 2068 2069 2070 2071 2072 2073 2074 2075 2076 2077 2078 2079 2080 2081 2082 2083 2084 2085 2086 2087 2088 2089 2090 2091 2092 2093 2094 2095 2096 2097 2098
NODE_NUM = 200
FILE ac97_ctrl_sub_49.aig

# Subcircuit 50
SUB_ID 50
LO (71):  13503 13506 13509 13512 13515 13518 13521 13524 13527 13530 13533 13536 13539 13542 13545 13548 13551 13554 13557 13561 13564 13567 13570 13573 13576 13579 13582 13585 13588 13591 13594 13597 13600 13603 13606 13609 13612 13615 13618 13621 13624 13627 13630 13633 13636 13639 13642 13645 13648 13651 13654 13754 13809 13812 13815 13818 13821 13824 13827 13830 13833 13836 13839 13842 13845 13848 15781 15799 15800 15810 15811
LI (146):  548 549 550 551 552 553 554 555 556 557 558 559 560 561 562 563 564 565 566 567 568 569 570 571 572 573 574 575 576 577 957 958 1120 1125 1130 1135 1140 1144 1149 1153 1158 1162 1167 1171 1176 1180 1185 1189 1194 1198 1203 1207 1212 1216 1221 1225 1230 1234 1239 1243 1248 1253 1258 1263 1492 1707 1708 1840 2099 2100 2101 2102 2103 2104 2105 2106 2107 2108 2109 2110 2111 2112 2113 2114 2115 2116 2117 2118 2119 2120 2121 2122 2123 2124 2125 2126 2127 2128 2129 2130 2131 2132 2133 2134 2135 2136 2169 2170 2171 2189 2190 2191 2192 2193 2194 2195 2196 2197 2198 2199 2200 2201 2202 13501 13558 13560 13563 13755 13807 13810 13813 13816 13819 13822 13825 13828 13831 13834 13837 13840 13843 13846 15790 15791 15801 15802
NODE_NUM = 200
FILE ac97_ctrl_sub_50.aig

# Subcircuit 51
SUB_ID 51
LO (69):  13851 13854 13858 13861 13864 13867 13870 13873 13876 13879 13882 13885 13888 13891 13894 13897 13900 13903 13906 13909 13912 13915 13918 13921 13924 13927 13930 13933 13936 13939 13942 13945 13948 13951 13955 13959 13961 13965 13968 13971 13974 13977 13980 13983 13986 13989 13992 13995 13998 14001 14004 14007 14010 14013 14016 14019 14022 14025 14028 14031 14034 14037 14040 14043 14046 14049 14052 15821 15832
LI (143):  390 548 549 550 551 552 553 554 555 556 557 558 559 560 561 562 563 564 565 566 567 568 569 570 571 572 573 574 575 576 577 1121 1126 1131 1136 1141 1145 1150 1154 1159 1163 1168 1172 1177 1181 1186 1190 1195 1199 1204 1208 1213 1217 1222 1226 1231 1235 1240 1244 1249 1254 1259 1264 1273 1466 2203 2204 2205 2206 2207 2208 2209 2210 2211 2212 2213 2214 2215 2216 2217 2218 2219 2220 2221 2222 2223 2224 2225 2226 2227 2228 2229 2230 2231 2232 2233 2234 2235 2236 2237 2238 2239 2311 13755 13849 13855 13857 13860 13953 13957 13963 13966 13969 13972 13975 13978 13981 13984 13987 13990 13993 13996 13999 14002 14005 14008 14011 14014 14017 14020 14023 14026 14029 14032 14035 14038 14041 14044 14047 15812 15813 15823 15824
NODE_NUM = 180
FILE ac97_ctrl_sub_51.aig

# Subcircuit 52
SUB_ID 52
LO (45):  14056 14059 14062 14065 14068 14071 14074 14077 14080 14083 14086 14089 14092 14095 14098 14101 14104 14107 14110 14113 14116 14119 14122 14125 14128 14131 14134 14137 14140 14143 14146 14149 14152 14161 14170 14179 14188 14197 14206 14215 14224 14233 14242 14243 15843
LI (126):  390 546 547 548 549 550 551 552 553 554 555 556 557 558 559 560 561 562 563 564 565 566 567 568 569 570 571 572 573 574 575 576 577 1112 1122 1127 1132 1137 1142 1146 1151 1155 1160 1164 1169 1173 1178 1182 1187 1191 1196 1200 1205 1209 1214 1218 1223 1227 1232 1236 1241 1245 1250 1255 1260 1265 1711 1713 1715 1717 1719 1721 1723 1725 1727 1729 1762 1763 2137 2138 2139 2140 2141 2142 2143 2144 2145 2146 2172 2173 2174 2175 2176 2177 2178 2179 2180 2181 2206 2207 2208 2209 2210 2211 2212 2213 2214 2215 2216 2240 2241 2242 2311 8023 14160 14169 14178 14187 14196 14205 14214 14223 14232 14241 15834 15835
NODE_NUM = 199
FILE ac97_ctrl_sub_52.aig

# Subcircuit 53
SUB_ID 53
LO (23):  14251 14260 14269 14278 14287 14296 14305 14314 14323 14332 14341 14350 14359 14368 14377 14386 14395 14404 14413 14422 14431 14440 14443
LI (115):  390 1731 1733 1735 1737 1739 1741 1742 1743 1744 1745 1746 1747 1748 1749 1750 1751 1752 1753 1754 1755 1756 1757 1762 1763 2147 2148 2149 2150 2151 2152 2153 2154 2155 2156 2157 2158 2159 2160 2161 2162 2163 2164 2165 2166 2167 2168 2182 2183 2184 2185 2186 2187 2188 2189 2190 2191 2192 2193 2194 2195 2196 2197 2198 2199 2200 2201 2202 2203 2217 2218 2219 2220 2221 2222 2223 2224 2225 2226 2227 2228 2229 2230 2231 2232 2233 2234 2235 2236 2237 2243 14243 14250 14259 14268 14277 14286 14295 14304 14313 14322 14331 14340 14349 14358 14367 14376 14385 14394 14403 14412 14421 14430 14439 14442
NODE_NUM = 199
FILE ac97_ctrl_sub_53.aig

# Subcircuit 54
SUB_ID 54
LO (81):  14442 14446 14449 14586 14589 14592 14595 14598 14601 14604 14607 14610 14613 14616 14619 14622 14625 14628 14631 14634 14637 14640 14643 14647 14650 14653 14656 14659 14662 14665 14668 14671 14674 14677 14680 14683 14686 14689 14692 14695 14698 14701 14704 14707 14710 14713 14716 14719 14722 14725 14728 14731 14734 14737 14740 14741 14744 14747 14750 14753 14756 14759 14762 14765 14768 14771 14774 14777 14780 14783 14786 14789 14792 14795 14798 14801 14804 14805 15854 15865 15876
LI (167):  389 390 546 547 548 549 550 551 552 553 554 555 556 557 558 559 560 561 562 563 564 565 566 638 799 809 814 819 824 829 833 838 842 847 851 856 860 865 869 874 878 887 896 905 914 923 932 1474 1479 1484 1489 1494 1495 1498 1503 1504 1507 1512 1513 1516 1521 1522 1525 1530 1531 1534 1539 1540 1543 1548 1549 1552 1557 1558 1561 1566 1567 1570 1571 1575 1576 1579 1580 1584 1585 1588 1589 1593 1594 1597 1598 1602 1603 1607 1608 1612 1613 1617 1618 2244 2245 2246 2247 2248 2250 2311 6913 14547 14585 14588 14591 14594 14597 14600 14603 14606 14609 14612 14615 14618 14621 14624 14627 14630 14633 14636 14639 14642 14644 14646 14649 14652 14655 14658 14661 14664 14667 14670 14673 14676 14679 14682 14685 14688 14691 14694 14697 14700 14703 14706 14709 14712 14715 14718 14721 14724 14727 14730 14733 14736 14739 15845 15846 15856 15857 15867 15868
NODE_NUM = 200
FILE ac97_ctrl_sub_54.aig

# Subcircuit 55
SUB_ID 55
LO (75):  14807 14810 14813 14816 14819 14822 14825 14828 14831 14834 14837 14842 14845 14848 14851 14854 14857 14860 14863 14866 14869 14872 14875 14878 14881 14884 14887 14890 14893 14896 14899 14902 14905 14908 14911 14914 14917 14920 14923 14926 14929 14932 14935 14939 14942 14945 14948 14951 14954 14957 14960 14963 14966 14969 14972 14975 14978 14981 14983 14986 14990 14992 14995 14998 15001 15004 15007 15010 15013 15016 15019 15022 15026 15028 15031
LI (128):  546 547 548 549 550 551 552 553 554 555 556 557 558 559 560 561 562 563 564 565 566 567 568 569 570 571 572 573 574 575 576 577 883 892 901 910 919 928 937 942 947 952 1462 1473 1478 1483 1488 1493 1497 1502 1506 1511 1515 1520 1524 1529 1533 1538 1542 1547 1551 1556 1560 1565 1569 1574 1578 1583 1587 1592 1596 1601 1606 1611 1616 1636 1638 1640 1642 1644 1646 1648 1650 1652 1654 1656 1658 1660 1662 1664 1666 1668 1670 1672 1674 1676 1678 1680 1682 1684 1686 1688 1690 1692 1694 1696 1698 14741 14805 14838 14936 14937 14940 14943 14946 14949 14952 14955 14958 14961 14964 14967 14970 14973 14976 14979 14988 15024
NODE_NUM = 178
FILE ac97_ctrl_sub_55.aig

# Subcircuit 56
SUB_ID 56
LO (74):  15036 15039 15042 15045 15048 15051 15054 15057 15060 15063 15066 15069 15072 15075 15078 15081 15084 15087 15090 15093 15096 15099 15102 15105 15108 15111 15114 15117 15120 15123 15126 15129 15133 15136 15139 15142 15145 15148 15151 15154 15157 15160 15163 15166 15169 15172 15175 15178 15181 15184 15187 15190 15193 15196 15199 15202 15205 15208 15211 15214 15217 15220 15223 15226 15252 15265 15268 15275 15285 15424 15426 15509 15542 15575
LI (144):  385 394 546 547 548 549 550 551 552 553 554 555 556 557 558 559 560 561 562 563 564 565 566 567 568 569 570 571 572 573 574 575 576 577 634 642 795 803 954 955 1009 1012 1282 1283 1287 1288 1292 1293 1297 1298 1302 1303 1306 1307 1311 1312 1315 1316 1320 1321 1324 1325 1329 1330 1333 1334 1338 1339 1342 1343 1347 1348 1351 1352 1356 1357 1360 1361 1365 1366 1369 1370 1374 1375 1378 1379 1383 1384 1387 1388 1392 1393 1396 1397 1401 1402 1405 1406 1410 1411 1415 1416 1420 1421 1425 1426 2251 8709 15130 15135 15138 15141 15144 15147 15150 15153 15156 15159 15162 15165 15168 15171 15174 15177 15180 15183 15186 15189 15192 15195 15198 15201 15204 15207 15210 15213 15216 15219 15222 15225 15262 15419 15423 15425
NODE_NUM = 196
FILE ac97_ctrl_sub_56.aig

# Subcircuit 57
SUB_ID 57
LO (40):  15295 15315 15321 15322 15335 15423 15425 15433 15435 15437 15440 15462 15464 15469 15472 15474 15483 15492 15495 15514 15536 15547 15569 15580 15602 15608 15613 15634 15641 15646 15668 15674 15911 15912 15925 15926 15932 15933 15939 15940
LI (110):  78 79 81 138 193 266 1108 1116 1269 1277 1462 1470 1626 1634 1705 1762 1765 1788 2238 2241 2243 2245 2247 2253 2254 2255 2259 2260 2261 2263 2264 2265 2266 2267 2268 2269 2270 2271 2272 2273 2274 2275 2276 2277 2278 2279 2280 2281 2282 2283 2284 2285 2286 2287 2288 2289 2290 2325 2331 2334 2337 4571 4578 4592 6090 7500 11127 12716 15520 15522 15524 15525 15528 15530 15553 15555 15557 15558 15561 15563 15586 15588 15590 15591 15594 15596 15619 15621 15623 15624 15627 15629 15652 15654 15656 15657 15660 15662 15906 15908 15910 15920 15922 15924 15927 15929 15931 15934 15936 15938
NODE_NUM = 149
FILE ac97_ctrl_sub_57.aig

# Subcircuit 58
SUB_ID 58
LO (54):  15679 15684 15692 15697 15703 15724 15726 15728 15730 15738 15743 15749 15753 15761 15766 15777 15778 15779 15789 15790 15791 15801 15802 15812 15813 15823 15824 15834 15835 15845 15846 15856 15857 15867 15868 15880 15882 15887 15889 15897 15898 15901 15903 15908 15910 15915 15917 15922 15924 15929 15931 15936 15938 15941
LI (97):  77 78 79 86 87 88 136 137 138 143 144 145 193 198 199 238 242 271 274 276 278 280 283 285 287 289 291 581 1624 1630 1761 1809 1812 1813 1815 1834 2131 2133 2134 2169 2204 2291 2292 2293 2294 2295 2296 2297 2298 2299 2300 2301 2302 2303 2304 2305 2306 2307 2308 2309 2310 2312 2313 2314 2315 2316 2317 2318 2319 2320 2321 2322 2323 2324 2325 2326 2327 2328 2329 2330 2331 2332 2333 2334 2335 2336 2337 2338 2339 7502 15708 15710 15712 15713 15716 15718 15892
NODE_NUM = 83
FILE ac97_ctrl_sub_58.aig

