# Subcircuit 0
SUB_ID 0
LO (24):  368 372 377 382 385 394 403 412 421 422 688 693 694 767 769 808 828 1391 2093 2572 3045 3509 3972 3975
LI (22):  3 4 7 8 9 10 11 12 13 14 15 16 17 18 19 20 21 22 369 371 376 381
NODE_NUM = 96
FILE des3_area_sub_0.aig

# Subcircuit 1
SUB_ID 1
LO (45):  369 371 376 381 667 669 673 674 680 687 689 690 701 708 709 711 718 725 743 764 765 791 837 838 843 844 845 859 860 1003 1064 2590 2637 2684 2688 2738 2776 2827 3515 3566 3625 4462 4511 4559 4644
LI (25):  1 2 5 6 105 123 124 125 126 127 128 132 133 134 171 172 173 180 181 182 186 187 188 688 694
NODE_NUM = 90
FILE des3_area_sub_1.aig

# Subcircuit 2
SUB_ID 2
LO (31):  430 1228 1235 1251 1253 1256 1257 1259 1269 1270 1276 1284 1289 1292 1296 1302 1306 1310 1317 1329 1336 1339 1341 1352 1355 1357 1362 1366 1369 1373 3971
LI (15):  23 372 377 382 422 429 970 1125 1173 1227 1234 1242 1243 1246 1247
NODE_NUM = 94
FILE des3_area_sub_2.aig

# Subcircuit 3
SUB_ID 3
LO (11):  429 439 1125 1243 1247 1396 4437 4440 4954 5134 5222
LI (44):  24 25 372 377 382 432 435 438 970 1053 1121 1228 1234 1235 1242 1246 1251 1253 1256 1257 1259 1269 1270 1276 1284 1289 1292 1296 1302 1306 1310 1317 1329 1336 1339 1341 1352 1355 1357 1362 1366 1369 1373 1393
NODE_NUM = 97
FILE des3_area_sub_3.aig

# Subcircuit 4
SUB_ID 4
LO (38):  432 435 438 448 1053 2672 2884 2895 2901 2904 2917 2927 2932 2934 2943 2946 2951 2955 2958 2962 2965 2970 2976 2979 2983 2988 2992 2993 3000 3004 3007 3009 3016 3018 3027 4447 4901 4904
LI (29):  26 27 28 372 377 382 441 444 447 1050 2621 2671 2879 2889 2894 2897 2900 2905 2908 2912 2918 2924 2928 2930 2933 4435 4437 4440 4443
NODE_NUM = 98
FILE des3_area_sub_4.aig

# Subcircuit 5
SUB_ID 5
LO (38):  441 444 447 457 970 1234 1242 1246 2879 2889 2897 2900 2905 2908 2912 2918 2924 2928 2930 2933 2938 2940 2957 2964 2975 2982 2989 2995 2999 3006 3010 3017 3032 3033 4911 4921 4924 5272
LI (43):  29 30 31 372 377 382 450 453 456 878 966 1233 2672 2775 2826 2874 2884 2888 2895 2901 2907 2917 2923 2927 2932 2934 2943 2946 2951 2955 2958 2962 2965 2970 2976 2979 2983 2988 2993 4899 4901 4904 4907
NODE_NUM = 95
FILE des3_area_sub_5.aig

# Subcircuit 6
SUB_ID 6
LO (30):  450 453 456 466 475 484 2775 2826 2888 2907 2923 4546 4746 4753 4757 4760 4761 4767 4791 4794 4813 4825 4833 4853 4880 4931 4949 4966 4975 4978
LI (33):  32 33 34 35 36 37 38 39 40 372 377 382 477 480 483 2720 2723 2771 2823 4495 4545 4741 4751 4756 4759 4919 4921 4924 4927 4937 4945 4954 4962
NODE_NUM = 100
FILE des3_area_sub_6.aig

# Subcircuit 7
SUB_ID 7
LO (38):  477 480 483 493 2671 2894 4641 4741 4750 4751 4758 4759 4762 4766 4779 4783 4788 4792 4796 4804 4809 4823 4824 4830 4838 4841 4851 4852 4857 4861 4874 4877 4879 4883 4886 4985 4994 4997
LI (27):  41 42 43 372 377 382 486 489 492 2668 4546 4593 4637 4740 4746 4749 4753 4757 4760 4761 4767 4768 4774 4973 4975 4978 4981
NODE_NUM = 97
FILE des3_area_sub_7.aig

# Subcircuit 8
SUB_ID 8
LO (27):  486 489 492 502 511 4593 4740 4749 4768 4774 4790 4810 4820 4837 4844 4860 4875 4882 4885 4887 4894 4897 5004 5022 5030 5033 5200
LI (45):  44 45 46 47 48 49 372 377 382 504 507 510 4546 4590 4641 4692 4736 4746 4750 4757 4758 4761 4762 4779 4783 4788 4798 4804 4809 4813 4835 4838 4841 4859 4861 4874 4877 4881 4883 4992 4994 4997 5000 5010 5018
NODE_NUM = 98
FILE des3_area_sub_8.aig

# Subcircuit 9
SUB_ID 9
LO (38):  504 507 510 520 4081 4281 4292 4297 4302 4314 4324 4333 4334 4335 4339 4342 4345 4351 4356 4360 4364 4365 4374 4377 4381 4385 4391 4398 4400 4405 4406 4411 4414 4418 4421 5040 5048 5051
LI (28):  50 51 52 372 377 382 513 516 519 4030 4080 4276 4286 4291 4295 4299 4305 4310 4316 4319 4321 4326 4329 4336 5028 5030 5033 5036
NODE_NUM = 96
FILE des3_area_sub_9.aig

# Subcircuit 10
SUB_ID 10
LO (34):  513 516 519 529 4276 4286 4295 4299 4305 4310 4316 4319 4321 4326 4329 4336 4344 4361 4371 4379 4386 4393 4395 4410 4417 4420 4422 4430 4432 4990 5058 5066 5069 5165
LI (44):  53 54 55 372 377 382 522 525 528 4081 4128 4176 4275 4281 4292 4293 4297 4304 4309 4335 4339 4342 4345 4351 4356 4360 4364 4365 4374 4377 4381 4385 4391 4398 4400 4405 4406 4411 4414 4418 5046 5048 5051 5054
NODE_NUM = 98
FILE des3_area_sub_10.aig

# Subcircuit 11
SUB_ID 11
LO (32):  522 525 528 538 547 556 2201 2405 2419 2424 2428 2439 2450 2468 2476 2480 2502 2506 2533 2544 2548 2551 4128 4275 4293 4304 4309 5076 5093 5111 5119 5122
LI (33):  56 57 58 59 60 61 62 63 64 372 377 382 549 552 555 2146 2200 2400 2413 2418 2422 2425 4125 4224 4274 5064 5066 5069 5072 5081 5089 5099 5107
NODE_NUM = 98
FILE des3_area_sub_11.aig

# Subcircuit 12
SUB_ID 12
LO (46):  549 552 555 565 2400 2413 2422 2425 2433 2436 2440 2444 2446 2448 2454 2456 2458 2460 2461 2466 2467 2470 2472 2475 2478 2485 2487 2489 2494 2496 2503 2512 2514 2519 2521 2528 2530 2534 2537 2543 2545 2549 2552 5129 5136 5139
LI (25):  65 66 67 372 377 382 558 561 564 2201 2252 2300 2399 2405 2412 2421 2424 2428 2431 2435 2439 5117 5119 5122 5125
NODE_NUM = 89
FILE des3_area_sub_12.aig

# Subcircuit 13
SUB_ID 13
LO (24):  558 561 564 574 583 592 2252 2399 2412 2421 2431 2435 3097 3145 3348 3349 3353 3372 3448 5146 5162 5179 5188 5191
LI (32):  68 69 70 71 72 73 74 75 76 372 377 382 585 588 591 2249 2348 2395 2398 2408 3094 3144 3344 3351 5134 5136 5139 5142 5150 5158 5167 5175
NODE_NUM = 95
FILE des3_area_sub_13.aig

# Subcircuit 14
SUB_ID 14
LO (49):  585 588 591 601 2200 2418 3248 3344 3351 3361 3362 3365 3366 3369 3370 3374 3375 3378 3381 3382 3386 3391 3392 3396 3399 3406 3409 3413 3416 3417 3422 3423 3428 3431 3436 3445 3453 3455 3460 3467 3471 3476 3479 3484 3486 3490 5198 5206 5209
LI (24):  77 78 79 372 377 382 594 597 600 2197 3145 3196 3244 3343 3350 3353 3357 3364 3372 3377 5186 5188 5191 5194
NODE_NUM = 90
FILE des3_area_sub_14.aig

# Subcircuit 15
SUB_ID 15
LO (28):  594 597 600 610 619 3196 3343 3350 3377 3394 3404 3412 3420 3430 3438 3440 3447 3454 3457 3466 3468 3489 5216 5234 5242 5245 5305 5307
LI (46):  80 81 82 83 84 85 372 377 382 612 615 618 3145 3193 3248 3295 3339 3349 3357 3361 3364 3365 3374 3382 3387 3392 3397 3399 3408 3409 3415 3417 3425 3428 3437 3442 3445 3448 3453 3455 5204 5206 5209 5212 5222 5230
NODE_NUM = 96
FILE des3_area_sub_15.aig

# Subcircuit 16
SUB_ID 16
LO (33):  612 615 618 628 1667 1935 1943 1951 1956 1968 1980 1983 1987 1993 1997 2001 2009 2014 2016 2029 2030 2036 2046 2055 2059 2061 2065 2069 2078 5043 5252 5259 5262
LI (27):  86 87 88 372 377 382 621 624 627 1572 1666 1930 1937 1942 1949 1953 1957 1960 1964 1970 1972 1975 1977 5240 5242 5245 5248
NODE_NUM = 95
FILE des3_area_sub_16.aig

# Subcircuit 17
SUB_ID 17
LO (33):  621 624 627 637 1930 1937 1949 1953 1957 1960 1964 1970 1972 1975 1977 1988 2007 2008 2015 2024 2026 2033 2047 2049 2064 2066 2068 2085 4933 5182 5269 5276 5279
LI (40):  89 90 91 372 377 382 630 633 636 1667 1826 1877 1925 1935 1936 1943 1948 1951 1952 1968 1980 1983 1987 1993 1997 2001 2009 2014 2016 2029 2030 2036 2046 2055 2059 2061 5257 5259 5262 5265
NODE_NUM = 100
FILE des3_area_sub_17.aig

# Subcircuit 18
SUB_ID 18
LO (30):  630 633 636 646 655 664 1826 1877 1936 1948 1952 3613 3817 3821 3825 3832 3835 3847 3900 3924 3926 3932 3936 3951 3954 5286 5303 5321 5328 5331
LI (33):  92 93 94 95 96 97 98 99 100 372 377 382 657 660 663 1763 1822 1825 1874 3562 3612 3812 3819 3824 3831 5274 5276 5279 5282 5291 5299 5309 5317
NODE_NUM = 95
FILE des3_area_sub_18.aig

# Subcircuit 19
SUB_ID 19
LO (20):  657 660 663 726 878 966 1050 1121 1173 1227 1233 1572 1641 1666 1763 1773 1942 2726 2787 5338
LI (79):  101 102 372 377 382 385 412 421 689 693 711 718 725 746 812 820 827 843 850 869 874 897 904 908 933 940 961 963 965 982 989 993 1012 1018 1035 1045 1049 1057 1061 1078 1118 1120 1130 1134 1145 1169 1172 1181 1185 1196 1220 1223 1429 1436 1443 1461 1503 1514 1529 1566 1569 1571 1594 1601 1605 1630 1640 1658 1662 1686 1693 1704 1729 1758 1762 5326 5328 5331 5334
NODE_NUM = 96
FILE des3_area_sub_19.aig

# Subcircuit 20
SUB_ID 20
LO (29):  735 746 832 869 933 965 1018 1045 1185 1220 2586 2668 2720 2771 2823 2874 3520 3570 3616 3642 3679 3711 3729 3748 3766 4499 4503 4520 4594
LI (77):  140 667 669 690 694 726 731 733 745 765 771 775 791 830 831 833 837 842 847 868 871 917 932 963 1005 1014 1015 1024 1027 1028 1032 1038 1040 1041 1086 1093 1105 1184 1199 1207 1219 2585 2626 2633 2642 2648 2650 2664 2667 2676 2682 2692 2704 2709 2710 2713 2719 2744 2745 2748 2754 2756 2759 2765 2770 2786 2789 2793 2807 2809 2817 2822 2847 2858 2860 2868 2873
NODE_NUM = 100
FILE des3_area_sub_20.aig

# Subcircuit 21
SUB_ID 21
LO (28):  731 733 742 745 831 908 961 982 1061 1169 1196 1207 1223 2621 2633 2692 2713 2744 2754 2817 2847 3612 3658 3824 4506 4607 4666 4681
LI (77):  107 138 139 421 667 669 673 674 694 738 740 744 765 770 775 791 833 839 842 843 849 872 907 936 943 946 950 960 972 979 1002 1012 1035 1047 1074 1104 1113 1157 1162 1164 1195 1206 2579 2586 2595 2601 2603 2611 2613 2617 2620 2630 2686 2688 2689 2728 2729 2732 2743 2753 2814 2837 2840 2844 3584 3589 3592 3605 3608 3624 3627 3629 3630 3645 3650 3652 3653
NODE_NUM = 100
FILE des3_area_sub_21.aig

# Subcircuit 22
SUB_ID 22
LO (29):  738 740 744 812 907 993 1118 1134 1184 1461 1514 1605 1630 1661 1662 1704 1822 1874 1925 2146 2197 2249 2300 2312 2378 3124 3175 3275 4093
LI (79):  104 106 673 674 693 708 743 755 762 765 775 807 811 842 1025 1086 1098 1100 1117 1403 1426 1452 1459 1470 1477 1510 1513 1532 1533 1537 1538 1568 1582 1601 1614 1629 1660 1674 1702 1737 1751 1771 1773 1780 1792 1793 1797 1818 1821 1831 1833 1846 1870 1873 1882 1884 1897 1921 1924 2103 2105 2118 2142 2145 2154 2156 2168 2193 2196 2206 2208 2221 2245 2248 2257 2259 2272 2296 2299
NODE_NUM = 100
FILE des3_area_sub_22.aig

# Subcircuit 23
SUB_ID 23
LO (40):  755 872 874 1057 1117 1130 1162 1164 1181 1219 2595 2601 2611 2620 2648 2664 2676 2704 2709 2765 2809 2814 2858 2860 3562 3589 3605 3624 3652 3731 3759 3778 3793 3798 4459 4469 4476 4581 4613 4679
LI (64):  178 667 673 674 694 750 753 772 775 808 820 828 838 844 851 854 864 871 885 904 927 940 954 989 1002 1012 1025 1028 1035 1055 1104 1110 1115 1127 1161 1178 1212 1218 2589 2591 2600 2610 2647 2657 2663 2698 2700 2701 2708 2764 2851 2857 3525 3528 3530 3558 3561 3585 3588 3598 3604 3614 3617 3623
NODE_NUM = 97
FILE des3_area_sub_23.aig

# Subcircuit 24
SUB_ID 24
LO (55):  750 753 762 775 868 871 932 972 1005 1040 1049 1078 1120 1127 1145 1172 1195 1571 1729 1762 1821 1846 1873 1897 1924 2118 2145 2196 2221 2248 2272 2299 2348 2395 2589 2642 2663 2667 2686 2689 2719 2743 2759 2764 2770 2789 2866 3718 4487 4513 4530 4535 4579 4625 4630
LI (80):  137 177 179 667 669 674 690 709 758 760 769 770 771 772 808 827 843 844 858 859 860 866 895 929 971 979 1004 1028 1048 1064 1077 1093 1138 1144 1171 1192 1427 1570 1715 1728 1761 1820 1839 1845 1872 1890 1896 1923 2111 2117 2144 2195 2214 2220 2247 2255 2265 2271 2298 2314 2315 2321 2345 2361 2362 2368 2392 2588 2635 2636 2638 2660 2685 2718 2736 2737 2738 2741 2769 2788
NODE_NUM = 100
FILE des3_area_sub_24.aig

# Subcircuit 25
SUB_ID 25
LO (33):  758 760 770 866 960 1041 1115 1218 1427 1429 1566 1592 1594 1658 1758 1769 1771 1818 1870 1872 1921 2142 2154 2193 2245 2296 2345 2392 3069 3090 3191 3994 4084
LI (90):  135 136 368 673 674 680 687 694 701 708 764 854 863 864 953 956 963 1113 1215 1403 1410 1412 1419 1426 1470 1487 1494 1533 1537 1546 1551 1555 1559 1560 1561 1568 1582 1584 1591 1614 1637 1644 1647 1650 1651 1653 1660 1702 1713 1723 1737 1740 1744 1750 1753 1768 1780 1806 1811 1813 1858 1863 1865 1909 1914 1916 2130 2135 2137 2151 2181 2186 2188 2233 2238 2240 2284 2289 2291 2333 2338 2340 2380 2385 2387 3052 3059 3068 3084 3086
NODE_NUM = 100
FILE des3_area_sub_25.aig

# Subcircuit 26
SUB_ID 26
LO (42):  771 858 953 1038 1110 1157 1161 1212 1555 1650 1750 1806 1811 1858 1863 1914 2135 2186 2238 2289 2338 2385 2610 2657 2701 2708 2736 3061 3108 3158 3209 3527 3544 3576 3592 3659 3727 4108 4174 4254 4573 4670
LI (68):  368 680 687 689 701 718 765 790 842 849 850 853 854 855 864 885 943 949 950 979 1025 1034 1035 1104 1105 1107 1151 1153 1494 1503 1510 1522 1538 1542 1547 1548 1550 1551 1552 1561 1569 1582 1601 1614 1624 1637 1646 1647 1683 1693 1723 1733 1740 1746 1747 1800 1802 1808 1852 1854 1860 1911 2132 2183 2235 2286 2335 2382
NODE_NUM = 93
FILE des3_area_sub_26.aig

# Subcircuit 27
SUB_ID 27
LO (41):  772 956 1215 1559 1653 1744 1753 1761 1813 1865 1906 1909 1916 1923 2137 2144 2181 2188 2240 2291 2298 2314 2340 2387 2613 2660 2710 2868 3086 3144 3148 3193 3199 3217 3225 3228 3238 3298 3356 4157 4158
LI (76):  368 637 694 725 743 783 790 800 807 837 842 894 917 954 989 1074 1403 1410 1477 1494 1503 1510 1529 1532 1541 1551 1556 1557 1561 1568 1582 1614 1624 1637 1640 1647 1651 1660 1674 1693 1702 1723 1733 1736 1737 1739 1740 1747 1751 1760 1797 1903 1905 2175 2177 2306 2313 2867 3116 3126 3131 3135 3140 3147 3155 3165 3177 3182 3186 3192 3198 3206 3216 3222 3224 3237
NODE_NUM = 98
FILE des3_area_sub_27.aig

# Subcircuit 28
SUB_ID 28
LO (55):  783 811 847 853 855 936 946 949 971 1024 1034 1055 1107 1137 1138 1151 2579 2603 2630 2650 2682 2700 2732 2769 2786 2807 2837 2851 2872 2873 3523 3539 3572 3588 3614 3619 3676 3678 3686 3697 3723 3739 3783 4448 4456 4518 4529 4554 4600 4615 4650 4653 4674 4712 4722
LI (48):  185 667 669 687 690 718 725 726 744 765 775 779 781 792 810 828 833 837 838 839 846 849 850 851 859 927 940 945 950 963 979 1012 1023 1035 1047 1074 1086 1104 1105 1113 1150 2681 2780 2784 2801 2805 2831 2833
NODE_NUM = 100
FILE des3_area_sub_28.aig

# Subcircuit 29
SUB_ID 29
LO (40):  779 781 790 792 830 854 929 1014 1015 1098 1144 1150 1192 1199 2600 2626 2698 2728 2748 2784 2801 2831 2838 2840 2844 3558 3585 3623 3715 3753 3829 4471 4494 4501 4566 4583 4608 4636 4658 4706
LI (58):  131 183 184 394 667 669 673 674 690 694 701 718 744 765 770 775 786 788 791 800 808 820 827 828 833 838 843 849 850 894 927 940 943 979 989 1002 1012 1028 1035 1095 1105 1113 1143 2697 2727 2798 2828 3546 3551 3553 3620 3668 3671 3684 3687 3695 3707 3711
NODE_NUM = 97
FILE des3_area_sub_29.aig

# Subcircuit 30
SUB_ID 30
LO (47):  786 788 800 810 864 897 1206 2588 2857 3584 3598 3645 3671 3695 3707 3811 3812 3818 3819 3826 3831 3834 3838 3839 3841 3842 3845 3851 3853 3868 3869 3879 3880 3887 3895 3896 3899 3920 3927 3943 4495 4590 4637 4647 4696 4697 4717
LI (71):  129 130 152 403 667 669 673 674 690 726 742 765 771 775 791 796 798 809 833 839 842 844 851 871 885 896 917 940 943 963 989 1047 1086 1113 2854 3575 3577 3581 3636 3644 3670 3694 3698 3706 3716 3763 3767 3771 3781 3804 3806 3821 3830 3832 3833 3835 4468 4479 4483 4489 4494 4565 4575 4579 4585 4589 4603 4610 4634 4636 4695
NODE_NUM = 100
FILE des3_area_sub_30.aig

# Subcircuit 31
SUB_ID 31
LO (41):  796 798 807 809 863 895 896 945 1023 1077 1095 1100 1178 2635 2681 2697 2745 2756 2778 2780 2805 2833 3530 3551 3629 3650 3684 3706 3763 3802 4468 4489 4551 4575 4598 4618 4642 4664 4676 4703 4708
LI (68):  119 150 151 412 667 669 673 674 680 690 694 718 725 726 742 765 770 771 791 803 805 808 828 833 838 839 842 843 850 851 872 894 904 917 940 943 1025 1035 1067 1074 1086 1093 1104 1113 2680 2777 3548 3678 3680 3703 3720 3721 3724 3734 3739 3743 3756 3759 3799 4448 4451 4457 4461 4463 4485 4488 4567 4574
NODE_NUM = 100
FILE des3_area_sub_31.aig

# Subcircuit 32
SUB_ID 32
LO (45):  803 805 820 827 833 849 850 1027 1546 1570 1644 1736 1800 1852 1903 2130 2175 2225 2279 2329 2354 2741 2822 3123 3130 3172 3180 3223 3231 3525 3561 3575 3608 3644 3703 3724 3756 4066 4155 4163 4205 4252 4488 4695 4736
LI (71):  111 112 113 117 118 144 145 146 667 669 673 674 689 694 767 771 775 816 823 839 885 894 917 1025 1086 1093 1452 1459 1477 1531 1532 1533 1541 1545 1557 1560 1568 1569 1614 1633 1643 1651 1660 1732 1733 1751 1780 1796 1797 1849 1900 2121 2129 2172 2740 3516 3524 3567 3574 3643 3702 3723 3750 3751 3754 4487 4711 4721 4723 4731 4735
NODE_NUM = 98
FILE des3_area_sub_32.aig

# Subcircuit 33
SUB_ID 33
LO (33):  839 1153 1545 1643 1686 1739 1802 1820 1854 1905 2103 2129 2177 2233 2255 2257 2265 2284 2315 2333 2380 2854 3094 3101 3244 3295 3339 3546 3804 4009 4012 4045 4230
LI (80):  628 694 701 708 735 743 765 767 775 842 860 917 963 1047 1074 1419 1426 1436 1443 1470 1522 1537 1538 1544 1547 1548 1551 1552 1561 1582 1591 1601 1637 1642 1647 1651 1674 1676 1683 1693 1702 1713 1737 1751 1760 1780 1797 2100 2128 2227 2231 2254 2278 2280 2328 2330 2375 2378 3069 3074 3077 3090 3093 3099 3241 3267 3272 3275 3288 3291 3314 3319 3322 3335 3338 3540 3544 3787 3790 3803
NODE_NUM = 100
FILE des3_area_sub_33.aig

# Subcircuit 34
SUB_ID 34
LO (48):  842 846 851 1544 1550 1642 1646 1746 1808 1839 1860 1890 1911 2111 2132 2183 2214 2235 2247 2286 2335 2362 2382 2753 2788 3077 3084 3131 3259 3322 3694 3743 3774 3790 3985 3995 4080 4141 4224 4291 4460 4479 4509 4545 4557 4634 4721 4756
LI (73):  529 565 693 764 765 767 845 1137 1410 1419 1436 1452 1470 1477 1487 1510 1537 1538 1541 1542 1547 1548 1551 1552 1568 1582 1591 1601 1624 1637 1641 1647 1674 1683 1713 1723 1740 1760 1780 1889 2752 2787 2838 3083 3130 3676 3693 3994 4052 4057 4059 4073 4076 4140 4199 4204 4206 4220 4223 4459 4473 4475 4476 4517 4522 4524 4538 4541 4617 4619 4633 4716 4718
NODE_NUM = 100
FILE des3_area_sub_34.aig

# Subcircuit 35
SUB_ID 35
LO (37):  885 894 904 917 940 943 954 963 1067 1171 2585 2685 2718 2828 2867 3574 3581 3604 3620 3627 3720 3734 3750 3771 3781 3787 3803 4451 4517 4524 4538 4541 4565 4692 4711 4716 4731
LI (86):  153 154 155 156 157 158 167 174 175 176 520 667 669 673 674 690 694 718 744 772 775 791 833 839 843 859 881 890 900 913 915 979 989 1025 1074 1093 1104 2584 2684 2827 2866 3570 3572 3573 3580 3601 3602 3619 3625 3718 3728 3729 3732 3747 3748 3775 3777 3778 3783 3784 3793 3796 3802 4502 4503 4506 4516 4523 4532 4536 4549 4555 4564 4662 4667 4671 4684 4688 4696 4698 4699 4710 4713 4714 4727 4730
NODE_NUM = 100
FILE des3_area_sub_35.aig

# Subcircuit 36
SUB_ID 36
LO (46):  913 915 927 950 979 989 1002 1004 1012 1025 1028 1035 1047 1048 2647 2752 2777 2793 2798 3516 3524 3553 3567 3601 3617 3643 3680 3693 3777 3796 4502 4516 4522 4532 4555 4564 4574 4603 4617 4619 4633 4662 4671 4684 4698 4718
LI (84):  114 115 116 120 121 122 143 147 148 149 165 166 168 169 170 667 669 673 674 680 808 837 923 975 985 998 1003 1008 1010 1104 2646 2776 2792 2797 3515 3520 3523 3552 3566 3600 3616 3642 3679 3776 3795 4499 4501 4510 4511 4514 4518 4521 4529 4530 4551 4554 4558 4559 4560 4571 4573 4597 4598 4600 4601 4614 4615 4618 4624 4625 4632 4642 4643 4644 4646 4647 4650 4661 4670 4678 4679 4682 4697 4717
NODE_NUM = 100
FILE des3_area_sub_36.aig

# Subcircuit 37
SUB_ID 37
LO (36):  1008 1010 1074 1086 1093 1104 1105 1113 1393 1403 1412 1557 1845 1889 2117 2206 2220 2254 2591 2638 3116 3147 3165 3267 3288 3767 3799 4030 4037 4242 4514 4536 4585 4661 4678 4682
LI (79):  103 108 109 110 141 142 159 160 161 162 163 164 192 382 667 669 673 674 690 694 771 775 791 808 1070 1082 1089 1391 1399 1401 1411 1542 1568 1582 1591 1601 1660 1713 1737 1740 1747 1751 1780 1797 1842 2114 2205 2217 2590 2637 3107 3109 3113 3159 3161 3258 3260 3264 3279 3287 3764 3766 3798 3993 3996 3998 4026 4035 4513 4535 4581 4583 4584 4655 4657 4658 4674 4677 4681
NODE_NUM = 100
FILE des3_area_sub_37.aig

# Subcircuit 38
SUB_ID 38
LO (34):  1399 1401 1410 1411 1531 1556 1629 1796 1842 1882 1900 2172 2306 2375 3068 3083 3113 3135 3182 3237 3319 3335 4026 4035 4052 4057 4073 4125 4140 4170 4181 4193 4212 4240
LI (66):  190 191 219 667 669 673 674 690 770 771 791 808 828 851 1406 1408 1452 1522 1529 1532 1533 1537 1538 1541 1542 1547 1568 1582 1601 1624 1626 1660 1713 1737 1740 1747 1751 1760 1797 1881 2374 3062 3066 3181 3318 3326 3334 4014 4018 4024 4043 4045 4049 4056 4066 4072 4084 4086 4089 4093 4105 4106 4108 4121 4124 4167
NODE_NUM = 100
FILE des3_area_sub_38.aig

# Subcircuit 39
SUB_ID 39
LO (29):  1406 1408 1419 1542 1728 1732 1792 1884 2121 2168 2227 2278 2328 2361 2368 3074 3107 3177 3198 3206 3258 3272 3314 3334 3993 4014 4024 4121 4232
LI (65):  217 218 249 667 669 673 674 690 726 744 771 772 791 828 833 1415 1417 1436 1548 1569 1637 1640 1647 1651 1660 1674 1683 1693 1702 1713 1723 1727 1731 1747 1760 1780 1791 2167 2226 2277 2325 2354 2355 2357 2367 3073 3101 3103 3168 3176 3203 3252 3254 3269 3298 3301 3313 3333 3987 3991 4007 4013 4023 4112 4120
NODE_NUM = 97
FILE des3_area_sub_39.aig

# Subcircuit 40
SUB_ID 40
LO (37):  1415 1417 1426 1436 1443 1537 1538 1541 1633 1676 1727 1791 1849 2105 2151 2277 2325 2374 3059 3073 3103 3126 3203 3216 3222 3254 3308 4049 4072 4116 4130 4167 4176 4199 4204 4220 4234
LI (68):  214 215 216 220 221 222 247 248 252 667 669 673 674 690 726 744 772 791 808 828 833 1422 1432 1439 1441 1459 1548 1568 1569 1591 1632 1640 1660 1674 1693 1713 1723 1740 1747 1760 1780 1797 1848 3056 3118 3119 3125 3210 3214 3221 4048 4070 4071 4139 4142 4146 4172 4175 4190 4192 4194 4200 4203 4210 4213 4216 4217 4219
NODE_NUM = 96
FILE des3_area_sub_40.aig

# Subcircuit 41
SUB_ID 41
LO (31):  1439 1441 1452 1459 1470 1532 1533 1569 1881 1896 2195 2217 2259 2313 3118 3214 3221 3264 3279 3287 3313 3318 3326 3333 3338 3987 4120 4172 4202 4216 4274
LI (76):  208 209 210 235 236 237 250 251 258 556 667 669 673 674 690 694 726 770 771 772 775 791 808 828 833 851 1448 1455 1466 1468 1547 1556 1591 1601 1647 1674 1693 1702 1713 1723 1733 1737 1740 1747 1751 1780 1797 1893 1894 2312 3117 3284 3307 3309 3986 4116 4119 4153 4159 4164 4170 4231 4232 4235 4239 4240 4243 4245 4247 4250 4255 4257 4260 4266 4268 4270
NODE_NUM = 99
FILE des3_area_sub_41.aig

# Subcircuit 42
SUB_ID 42
LO (39):  1466 1468 1477 1487 1513 1552 1568 1731 1831 1848 1893 2100 2208 2271 3066 3155 3161 3186 3252 3284 3301 3991 3998 4018 4023 4043 4059 4070 4086 4105 4106 4139 4153 4190 4217 4223 4231 4247 4262
LI (60):  205 206 207 255 256 257 667 669 673 674 690 694 726 744 770 771 772 775 791 808 828 833 839 1403 1473 1483 1485 1495 1503 1510 1512 1548 1561 1591 1624 1637 1640 1647 1674 1683 1693 1713 1733 1737 1740 1751 1760 1780 1830 2270 3152 3251 4037 4041 4130 4133 4135 4184 4188 4230
NODE_NUM = 96
FILE des3_area_sub_42.aig

# Subcircuit 43
SUB_ID 43
LO (46):  1483 1485 1494 1495 1503 1510 1522 1529 1547 1548 1551 1560 1561 1577 1582 1584 1632 1651 1715 1830 1833 1894 2114 2156 2167 2321 3052 3093 3099 3117 3119 3152 4041 4048 4056 4089 4112 4188 4200 4203 4210 4235 4243 4250 4257 4266
LI (63):  196 197 198 202 203 204 211 212 213 223 224 225 227 228 229 230 231 253 254 667 669 673 674 690 694 726 744 765 775 791 808 828 833 851 1490 1499 1503 1506 1518 1522 1525 1529 1537 1547 1578 1580 1582 1640 1660 1713 1737 1747 1751 1760 2318 4088 4187 4202 4234 4242 4262 4264 4265
NODE_NUM = 100
FILE des3_area_sub_43.aig

# Subcircuit 44
SUB_ID 44
LO (36):  1578 1580 1591 1601 1614 1624 1637 1640 1647 1660 1674 1683 1693 1702 1713 1733 1737 1740 1751 1760 1768 2226 2330 2367 3168 3176 3181 3241 3309 4013 4146 4159 4184 4194 4206 4213
LI (70):  193 194 195 199 200 201 226 232 233 234 238 239 240 241 242 243 244 245 246 259 260 261 267 268 269 270 667 669 673 674 690 808 828 851 1577 1587 1597 1610 1620 1670 1679 1683 1689 1698 1702 1709 1711 1780 2225 2329 3172 3175 3180 3217 3228 3229 3231 3232 3238 3308 4009 4012 4145 4155 4158 4181 4183 4193 4205 4212
NODE_NUM = 100
FILE des3_area_sub_44.aig

# Subcircuit 45
SUB_ID 45
LO (17):  1709 1711 1723 1747 1780 1797 2098 2280 2497 2577 3224 4919 4937 5046 5064 5186 5240
LI (82):  189 262 263 264 265 266 271 272 273 382 667 669 673 674 1719 1776 2007 2015 2026 2033 2047 2049 2064 2065 2066 2068 2069 2078 2085 2093 2095 2279 2419 2428 2436 2440 2444 2446 2448 2450 2458 2461 2463 2466 2467 2468 2470 2472 2473 2474 2475 2476 2478 2480 2481 2482 2487 2489 2496 2498 2499 2500 2523 2525 2532 2539 2555 2557 2560 2561 2562 2564 2574 3223 4914 4916 4936 5044 5060 5182 5235 5236
NODE_NUM = 100
FILE des3_area_sub_45.aig

# Subcircuit 46
SUB_ID 46
LO (41):  2498 2523 2525 2532 2539 2555 2560 2562 2574 2584 2646 2680 2727 2729 2740 2792 2797 3050 3062 3109 3125 3140 3159 3192 3210 3251 3260 3291 3307 3357 3364 3540 3636 3670 4589 4714 4916 5010 5150 5235 5274
LI (107):  274 275 382 687 694 708 726 744 762 765 775 808 828 833 837 844 860 871 1592 1661 1769 1906 2419 2428 2433 2454 2456 2460 2485 2494 2497 2502 2503 2506 2507 2508 2512 2514 2519 2521 2523 2524 2528 2530 2533 2534 2537 2538 2543 2544 2545 2547 2548 2549 2551 2552 2554 2572 2726 2904 2917 2927 2938 2940 2957 2975 2982 2989 2992 2995 2999 3000 3004 3006 3007 3009 3010 3012 3016 3017 3018 3020 3027 3028 3029 3032 3033 3035 3037 3045 3047 3061 3097 3108 3123 3124 3158 3191 3209 3259 3348 3356 3539 5005 5008 5272 5273
NODE_NUM = 100
FILE des3_area_sub_46.aig

# Subcircuit 47
SUB_ID 47
LO (36):  3387 3397 3408 3415 3425 3437 3442 3514 3528 3548 3552 3577 3580 3600 3602 3630 3653 3716 3830 3833 3856 3862 3872 3873 3878 3886 3892 3903 3913 3916 3947 4485 4688 5028 5117 5309
LI (84):  276 382 385 680 687 762 770 772 775 783 808 843 851 855 3349 3362 3366 3369 3370 3375 3378 3382 3386 3391 3394 3396 3404 3406 3412 3413 3416 3420 3422 3423 3430 3431 3436 3440 3447 3454 3457 3460 3466 3467 3468 3471 3476 3477 3479 3484 3486 3489 3490 3492 3493 3494 3496 3498 3501 3509 3511 3527 3576 3613 3658 3659 3715 3811 3817 3818 3825 3826 3829 3835 3850 3855 3870 5023 5026 5115 5116 5305 5307 5308
NODE_NUM = 99
FILE des3_area_sub_47.aig

# Subcircuit 48
SUB_ID 48
LO (30):  3668 3687 3698 3702 3721 3728 3732 3747 3751 3754 3764 3775 3776 3795 3806 3850 3855 3870 3875 3883 3935 3982 4457 4483 4632 4657 4727 4973 5081 5257
LI (74):  690 694 701 708 725 726 735 755 771 772 775 783 791 831 832 837 851 855 859 860 1035 3613 3686 3697 3727 3731 3753 3774 3817 3825 3838 3839 3841 3842 3845 3847 3848 3851 3853 3856 3862 3869 3872 3873 3876 3881 3882 3889 3890 3898 3901 3903 3915 3922 3931 3932 3937 3940 3943 3945 3947 3952 3954 3958 3959 3960 3961 3965 3967 3979 4456 4631 4971 5078
NODE_NUM = 100
FILE des3_area_sub_48.aig

# Subcircuit 49
SUB_ID 49
LO (50):  3881 3889 3898 3901 3915 3922 3931 3937 3940 3952 3958 3965 3979 3986 3996 4076 4088 4124 4142 4145 4164 4175 4183 4187 4192 4239 4255 4264 4270 4435 4443 4461 4463 4473 4475 4510 4521 4523 4549 4558 4567 4571 4597 4610 4614 4624 4730 4992 5167 5326
LI (107):  277 278 377 382 694 708 744 755 762 765 770 775 790 808 831 832 837 839 843 844 851 871 872 963 1012 1035 1410 1419 1542 1557 1713 2769 2872 3148 3199 3225 3613 3817 3825 3834 3835 3838 3868 3875 3878 3879 3880 3883 3886 3887 3892 3895 3896 3897 3899 3900 3913 3916 3920 3921 3924 3926 3927 3929 3935 3936 3951 3971 3972 3975 3985 3995 4141 4157 4163 4174 4252 4254 4314 4333 4334 4371 4379 4395 4410 4417 4420 4421 4422 4430 4432 4434 4460 4462 4469 4471 4509 4520 4557 4566 4594 4607 4608 4613 4991 5166 5323
NODE_NUM = 100
FILE des3_area_sub_49.aig

# Subcircuit 50
SUB_ID 50
LO (49):  4631 4655 4667 4677 4699 4710 4713 4723 4735 4798 4835 4859 4881 4899 4907 4927 4936 4945 4962 4981 4991 5000 5005 5018 5036 5044 5054 5072 5089 5099 5107 5115 5125 5142 5158 5166 5175 5194 5204 5212 5230 5248 5265 5282 5291 5299 5317 5323 5334
LI (101):  279 280 281 282 283 284 285 286 287 288 289 290 291 292 293 294 295 296 297 298 299 300 301 302 303 382 680 701 744 775 838 844 871 1012 1956 1988 2008 2024 2778 2904 2964 3381 3394 3438 4302 4324 4333 4344 4361 4379 4386 4393 4630 4653 4664 4666 4676 4703 4706 4708 4712 4722 4766 4779 4790 4791 4792 4794 4796 4810 4820 4823 4824 4825 4830 4833 4837 4844 4851 4852 4853 4857 4860 4875 4879 4880 4882 4885 4886 4887 4893 4894 4897 4933 4990 5043 5097 5165 5200 5201 5288
NODE_NUM = 88
FILE des3_area_sub_50.aig

