# Subcircuit 0
SUB_ID 0
LO (10):  388 395 403 411 419 427 435 443 451 455
LI (18):  1 129 389 390 396 397 404 405 412 413 420 421 428 429 436 437 444 446
NODE_NUM = 50
FILE adder_sub_0.aig

# Subcircuit 1
SUB_ID 1
LO (22):  389 390 396 397 404 405 412 413 420 421 428 429 436 437 444 446 459 467 475 483 491 496
LI (27):  2 3 4 5 6 7 8 9 130 131 132 133 134 135 136 137 452 453 455 460 461 468 469 476 477 484 485
NODE_NUM = 48
FILE adder_sub_1.aig

# Subcircuit 2
SUB_ID 2
LO (17):  452 453 460 461 468 469 476 477 484 485 499 507 515 523 531 539 544
LI (23):  10 11 12 13 14 15 138 139 140 141 142 143 496 500 501 508 509 516 517 524 525 532 533
NODE_NUM = 48
FILE adder_sub_2.aig

# Subcircuit 3
SUB_ID 3
LO (17):  500 501 508 509 516 517 524 525 532 533 547 555 563 571 579 587 592
LI (23):  16 17 18 19 20 21 144 145 146 147 148 149 544 548 549 556 557 564 565 572 573 580 581
NODE_NUM = 48
FILE adder_sub_3.aig

# Subcircuit 4
SUB_ID 4
LO (17):  548 549 556 557 564 565 572 573 580 581 595 603 611 619 627 635 640
LI (23):  22 23 24 25 26 27 150 151 152 153 154 155 592 596 597 604 605 612 613 620 621 628 629
NODE_NUM = 48
FILE adder_sub_4.aig

# Subcircuit 5
SUB_ID 5
LO (17):  596 597 604 605 612 613 620 621 628 629 643 651 659 667 675 683 688
LI (23):  28 29 30 31 32 33 156 157 158 159 160 161 640 644 645 652 653 660 661 668 669 676 677
NODE_NUM = 48
FILE adder_sub_5.aig

# Subcircuit 6
SUB_ID 6
LO (17):  644 645 652 653 660 661 668 669 676 677 691 699 707 715 723 731 736
LI (23):  34 35 36 37 38 39 162 163 164 165 166 167 688 692 693 700 701 708 709 716 717 724 725
NODE_NUM = 48
FILE adder_sub_6.aig

# Subcircuit 7
SUB_ID 7
LO (17):  692 693 700 701 708 709 716 717 724 725 739 747 755 763 771 779 784
LI (23):  40 41 42 43 44 45 168 169 170 171 172 173 736 740 741 748 749 756 757 764 765 772 773
NODE_NUM = 48
FILE adder_sub_7.aig

# Subcircuit 8
SUB_ID 8
LO (17):  740 741 748 749 756 757 764 765 772 773 787 795 803 811 819 827 832
LI (23):  46 47 48 49 50 51 174 175 176 177 178 179 784 788 789 796 797 804 805 812 813 820 821
NODE_NUM = 48
FILE adder_sub_8.aig

# Subcircuit 9
SUB_ID 9
LO (17):  788 789 796 797 804 805 812 813 820 821 835 843 851 859 867 875 880
LI (23):  52 53 54 55 56 57 180 181 182 183 184 185 832 836 837 844 845 852 853 860 861 868 869
NODE_NUM = 48
FILE adder_sub_9.aig

# Subcircuit 10
SUB_ID 10
LO (17):  836 837 844 845 852 853 860 861 868 869 883 891 899 907 915 923 928
LI (23):  58 59 60 61 62 63 186 187 188 189 190 191 880 884 885 892 893 900 901 908 909 916 917
NODE_NUM = 48
FILE adder_sub_10.aig

# Subcircuit 11
SUB_ID 11
LO (17):  884 885 892 893 900 901 908 909 916 917 931 939 947 955 963 971 976
LI (23):  64 65 66 67 68 69 192 193 194 195 196 197 928 932 933 940 941 948 949 956 957 964 965
NODE_NUM = 48
FILE adder_sub_11.aig

# Subcircuit 12
SUB_ID 12
LO (17):  932 933 940 941 948 949 956 957 964 965 979 987 995 1003 1011 1019 1024
LI (23):  70 71 72 73 74 75 198 199 200 201 202 203 976 980 981 988 989 996 997 1004 1005 1012 1013
NODE_NUM = 48
FILE adder_sub_12.aig

# Subcircuit 13
SUB_ID 13
LO (17):  980 981 988 989 996 997 1004 1005 1012 1013 1027 1035 1043 1051 1059 1067 1072
LI (23):  76 77 78 79 80 81 204 205 206 207 208 209 1024 1028 1029 1036 1037 1044 1045 1052 1053 1060 1061
NODE_NUM = 48
FILE adder_sub_13.aig

# Subcircuit 14
SUB_ID 14
LO (17):  1028 1029 1036 1037 1044 1045 1052 1053 1060 1061 1075 1083 1091 1099 1107 1115 1120
LI (23):  82 83 84 85 86 87 210 211 212 213 214 215 1072 1076 1077 1084 1085 1092 1093 1100 1101 1108 1109
NODE_NUM = 48
FILE adder_sub_14.aig

# Subcircuit 15
SUB_ID 15
LO (17):  1076 1077 1084 1085 1092 1093 1100 1101 1108 1109 1123 1131 1139 1147 1155 1163 1168
LI (23):  88 89 90 91 92 93 216 217 218 219 220 221 1120 1124 1125 1132 1133 1140 1141 1148 1149 1156 1157
NODE_NUM = 48
FILE adder_sub_15.aig

# Subcircuit 16
SUB_ID 16
LO (17):  1124 1125 1132 1133 1140 1141 1148 1149 1156 1157 1171 1179 1187 1195 1203 1211 1216
LI (23):  94 95 96 97 98 99 222 223 224 225 226 227 1168 1172 1173 1180 1181 1188 1189 1196 1197 1204 1205
NODE_NUM = 48
FILE adder_sub_16.aig

# Subcircuit 17
SUB_ID 17
LO (17):  1172 1173 1180 1181 1188 1189 1196 1197 1204 1205 1219 1227 1235 1243 1251 1259 1264
LI (23):  100 101 102 103 104 105 228 229 230 231 232 233 1216 1220 1221 1228 1229 1236 1237 1244 1245 1252 1253
NODE_NUM = 48
FILE adder_sub_17.aig

# Subcircuit 18
SUB_ID 18
LO (17):  1220 1221 1228 1229 1236 1237 1244 1245 1252 1253 1267 1275 1283 1291 1299 1307 1312
LI (23):  106 107 108 109 110 111 234 235 236 237 238 239 1264 1268 1269 1276 1277 1284 1285 1292 1293 1300 1301
NODE_NUM = 48
FILE adder_sub_18.aig

# Subcircuit 19
SUB_ID 19
LO (17):  1268 1269 1276 1277 1284 1285 1292 1293 1300 1301 1315 1323 1331 1339 1347 1355 1360
LI (23):  112 113 114 115 116 117 240 241 242 243 244 245 1312 1316 1317 1324 1325 1332 1333 1340 1341 1348 1349
NODE_NUM = 48
FILE adder_sub_19.aig

# Subcircuit 20
SUB_ID 20
LO (15):  1316 1317 1324 1325 1332 1333 1340 1341 1348 1349 1363 1371 1379 1387 1392
LI (19):  118 119 120 121 122 123 246 247 248 249 250 251 1360 1364 1365 1372 1373 1380 1381
NODE_NUM = 36
FILE adder_sub_20.aig

# Subcircuit 21
SUB_ID 21
LO (9):  1364 1365 1372 1373 1380 1381 1395 1403 1405
LI (11):  124 125 126 127 128 252 253 254 255 256 1392
NODE_NUM = 22
FILE adder_sub_21.aig

