# Subcircuit 0
SUB_ID 0
LO (69):  318 696 747 1121 1156 1418 1562 1715 1722 1788 1795 1861 1868 1934 1941 2007 2014 2080 2087 2153 2160 2226 2233 2299 2306 2372 2423 2445 2496 2518 2569 2591 2608 2625 2642 2659 2676 2687 2702 2723 2740 2757 2774 2791 2808 3365 3382 3399 3409 3412 3415 3418 3421 3424 3427 3430 3433 3436 3439 3442 3445 3447 3450 3453 3456 3459 3462 3465 3468
LI (114):  78 129 130 135 267 273 275 288 289 302 315 317 319 373 426 481 695 708 712 718 746 800 906 1120 1129 1131 1135 1155 1193 1267 1417 1491 1527 1535 1537 1541 1561 1714 1716 1721 1731 1749 1787 1791 1792 1804 1822 1860 1864 1865 1877 1895 1933 1937 1938 1950 1968 2006 2010 2011 2023 2041 2079 2083 2085 2096 2114 2152 2156 2158 2169 2187 2225 2229 2231 2242 2260 2298 2302 2304 2315 2333 2371 2408 2416 2418 2422 2442 2481 2489 2491 2495 2515 2554 2562 2564 2568 2588 2599 2601 2605 2616 2617 2622 2633 2634 2639 2650 2651 2656 2667 2669 2673 2686
NODE_NUM = 200
FILE bar_sub_0.aig

# Subcircuit 1
SUB_ID 1
LO (72):  267 273 275 288 289 302 315 317 373 399 411 708 1129 1131 1535 1537 1541 1716 1721 1725 1729 1734 1737 1741 1760 1791 1864 1937 2010 2011 2021 2030 2034 2054 2085 2158 2231 2302 2304 2311 2320 2325 2329 2346 2348 2408 2481 2554 2592 2829 2846 2863 2873 3101 3118 3135 3145 3373 3390 3407 3449 3452 3455 3497 3500 3503 3545 3548 3551 3593 3596 3599
LI (85):  79 80 81 129 130 131 132 135 272 287 301 314 319 331 343 356 368 372 385 397 410 426 479 698 705 706 1124 1126 1530 1532 1539 1789 1862 1935 2375 2377 2388 2406 2448 2450 2461 2479 2521 2523 2534 2552 2820 2823 2824 2837 2840 2841 2854 2857 2858 3092 3095 3096 3109 3112 3113 3126 3129 3130 3364 3365 3370 3381 3382 3387 3398 3399 3404 3447 3450 3453 3496 3499 3502 3544 3547 3550 3592 3595 3598
NODE_NUM = 190
FILE bar_sub_1.aig

# Subcircuit 2
SUB_ID 2
LO (66):  287 301 712 718 746 1120 1135 1155 1417 1539 1561 1714 1792 1840 1865 1907 1938 1980 2129 2152 2202 2225 2275 2298 2418 2420 2491 2493 2564 2566 2617 2634 2651 2689 2761 2778 2795 2889 2906 2923 2960 3033 3050 3067 3161 3178 3195 3233 3305 3322 3339 3411 3414 3417 3437 3440 3443 3485 3488 3491 3533 3536 3539 3581 3584 3587
LI (104):  66 74 75 76 77 129 130 135 275 280 285 286 288 294 300 302 315 319 372 426 479 717 733 737 743 912 918 932 958 1012 1118 1134 1146 1148 1152 1271 1275 1285 1303 1341 1415 1552 1554 1556 1558 1568 1572 1582 1600 1638 1712 1833 1838 2124 2126 2130 2150 2197 2199 2203 2223 2270 2272 2276 2296 2752 2753 2758 2769 2770 2775 2786 2787 2792 3024 3025 3030 3041 3042 3047 3058 3059 3064 3296 3298 3302 3313 3315 3319 3330 3332 3336 3436 3439 3442 3484 3487 3490 3532 3535 3538 3580 3583 3586
NODE_NUM = 200
FILE bar_sub_2.aig

# Subcircuit 3
SUB_ID 3
LO (61):  294 300 314 319 372 426 479 481 695 733 737 743 800 906 1146 1152 1271 1552 1556 1568 1572 1833 1933 2006 2126 2199 2272 2422 2495 2568 2593 2597 2601 2605 2611 2613 2710 2727 2871 2877 2883 2893 2982 2999 3143 3149 3153 3166 3254 3271 3408 3428 3431 3476 3479 3505 3524 3527 3553 3572 3575
LI (78):  67 68 69 70 71 72 73 129 130 133 134 135 275 288 299 302 307 312 313 315 425 478 534 586 639 691 723 730 731 742 799 852 904 1140 1141 1143 1151 1546 1547 1549 1570 1905 1907 1911 1931 1978 1980 1984 2004 2420 2493 2566 2701 2704 2705 2718 2719 2724 2973 2976 2978 2990 2991 2996 3245 3248 3249 3262 3264 3268 3427 3430 3475 3478 3523 3526 3571 3574
NODE_NUM = 195
FILE bar_sub_3.aig

# Subcircuit 4
SUB_ID 4
LO (60):  331 799 1164 1193 1460 1491 1804 1871 1877 1950 2096 2169 2242 2375 2388 2448 2457 2521 2633 2650 2693 2701 2718 2752 2769 2786 2820 2914 2931 2965 2976 2996 3030 3047 3064 3096 3186 3203 3237 3248 3268 3302 3319 3336 3370 3464 3467 3473 3475 3478 3484 3487 3490 3496 3512 3515 3521 3560 3563 3569
LI (111):  94 95 97 129 130 135 275 288 302 315 319 324 329 330 372 426 479 750 757 758 760 764 770 798 1160 1162 1165 1167 1171 1191 1454 1459 1462 1464 1468 1488 1797 1799 1800 1872 1873 1945 1946 2091 2093 2164 2166 2237 2239 2374 2383 2385 2447 2520 2627 2631 2643 2648 2678 2682 2692 2695 2699 2712 2716 2746 2750 2763 2767 2780 2784 2814 2818 2905 2908 2909 2922 2923 2928 2956 2957 2962 2974 2995 3029 3046 3063 3177 3180 3181 3194 3197 3198 3228 3229 3234 3246 3266 3300 3317 3334 3368 3462 3465 3471 3511 3514 3520 3559 3562 3568
NODE_NUM = 200
FILE bar_sub_4.aig

# Subcircuit 5
SUB_ID 5
LO (53):  329 343 356 368 385 698 757 764 770 798 852 1124 1162 1171 1191 1229 1267 1468 1488 1526 1527 1530 1532 1789 1800 1812 1822 1862 1873 1885 1895 1935 1946 1958 1968 2083 2104 2114 2156 2177 2187 2229 2250 2260 2374 2377 2400 2447 2450 2471 2520 2523 2544
LI (93):  82 83 84 85 86 87 88 89 90 91 92 93 96 126 129 130 275 288 302 315 336 341 342 349 354 355 361 366 367 378 384 426 769 775 782 783 785 789 794 795 813 817 823 851 1123 1170 1176 1177 1179 1182 1184 1187 1188 1202 1204 1208 1228 1266 1466 1473 1474 1476 1479 1481 1483 1485 1499 1501 1505 1525 1529 1808 1809 1821 1881 1882 1894 1954 1955 1967 2082 2100 2102 2113 2155 2173 2175 2186 2228 2246 2248 2259 2399
NODE_NUM = 200
FILE bar_sub_5.aig

# Subcircuit 6
SUB_ID 6
LO (66):  378 384 397 401 813 817 823 851 855 1202 1204 1208 1228 1231 1419 1499 1501 1505 1525 1808 1809 1881 1882 1954 1955 2102 2113 2175 2186 2248 2259 2399 2406 2479 2552 2750 2763 2780 2818 2837 2854 3024 3041 3058 3092 3109 3126 3300 3317 3334 3364 3381 3387 3398 3404 3499 3502 3532 3535 3538 3544 3547 3550 3592 3595 3598
LI (93):  1 114 122 123 124 125 127 128 129 130 135 275 288 302 315 319 372 383 390 395 396 426 479 803 810 811 822 838 842 848 1197 1199 1207 1219 1221 1225 1494 1496 1503 1516 1518 1520 1522 1806 1879 1952 2107 2111 2180 2184 2253 2257 2392 2394 2405 2465 2467 2471 2476 2478 2538 2540 2544 2549 2551 2748 2816 2830 2832 2833 2847 2849 2850 3019 3020 3035 3039 3052 3056 3085 3090 3102 3107 3119 3124 3357 3362 3374 3379 3386 3391 3396 3403
NODE_NUM = 200
FILE bar_sub_6.aig

# Subcircuit 7
SUB_ID 7
LO (62):  410 425 838 1219 1266 1454 1516 1749 1821 1894 1967 2041 2107 2180 2184 2253 2257 2333 2405 2476 2549 2627 2643 2667 2678 2695 2716 2744 2812 2814 2905 2922 2948 2956 2973 2990 3016 3084 3085 3181 3197 3220 3234 3249 3266 3288 3356 3368 3470 3482 3494 3511 3514 3517 3520 3523 3526 3529 3541 3565 3576 3588
LI (103):  115 116 117 118 129 130 135 275 288 302 315 319 372 399 401 408 409 411 415 421 426 479 828 835 836 1213 1214 1216 1231 1236 1246 1264 1419 1422 1424 1434 1452 1510 1511 1513 1735 1737 1748 1815 1819 1887 1892 1960 1965 2032 2034 2038 2182 2255 2324 2325 2330 2400 2401 2475 2548 2662 2663 2714 2730 2731 2743 2796 2801 2811 2899 2903 2916 2920 2932 2937 2947 2950 2954 2967 2971 2985 2986 3002 3003 3015 3069 3073 3083 3195 3204 3209 3219 3233 3279 3282 3284 3347 3350 3352 3468 3480 3492
NODE_NUM = 200
FILE bar_sub_7.aig

# Subcircuit 8
SUB_ID 8
LO (55):  415 421 478 750 842 848 904 1160 1213 1225 1236 1246 1264 1422 1434 1452 1457 1510 1513 1520 1724 1748 1815 1819 1892 1965 2017 2038 2091 2111 2164 2182 2237 2255 2312 2315 2330 2383 2401 2461 2534 2662 2796 2830 2847 2932 3083 3113 3130 3219 3352 3386 3403 3542 3566
LI (90):  98 106 107 108 109 110 111 112 113 119 120 121 129 130 135 275 288 302 315 319 372 420 426 431 436 437 443 448 449 451 456 462 476 477 479 847 855 862 863 865 869 874 875 890 894 900 903 1159 1224 1235 1240 1243 1244 1255 1257 1261 1428 1430 1432 1443 1445 1447 1449 1456 1741 1744 1746 1817 1890 1963 2036 2090 2110 2163 2236 2309 2313 2329 2382 2455 2459 2528 2532 2660 3078 3080 3214 3216 3541 3565
NODE_NUM = 199
FILE bar_sub_8.aig

# Subcircuit 9
SUB_ID 9
LO (78):  456 462 476 534 890 894 900 1012 1159 1255 1261 1341 1443 1447 1456 1459 1712 1744 1787 1797 1860 1872 1931 1945 2004 2023 2075 2079 2090 2150 2163 2223 2236 2293 2309 2364 2385 2390 2459 2463 2532 2536 2612 2629 2647 2663 2680 2697 2712 2730 2746 2765 2885 2902 2919 2936 2953 2970 2983 3000 3015 3017 3038 3154 3171 3191 3208 3225 3242 3256 3273 3284 3290 3310 3420 3423 3432 3530
LI (86):  14 99 100 101 102 103 104 105 129 130 135 275 288 302 315 319 372 426 461 468 473 474 479 487 493 507 533 880 887 888 899 972 976 982 1010 1249 1250 1252 1260 1313 1315 1319 1339 1437 1438 1440 1647 1649 1653 1673 1711 1768 1776 1777 1782 1841 1849 1852 1853 1871 1922 1925 1926 1944 1995 1998 1999 2017 2021 2060 2068 2071 2072 2141 2144 2146 2214 2217 2219 2292 2457 2530 2729 3010 3012 3529
NODE_NUM = 198
FILE bar_sub_9.aig

# Subcircuit 10
SUB_ID 10
LO (67):  487 493 507 533 803 972 976 982 1010 1197 1313 1315 1319 1329 1339 1494 1647 1649 1653 1663 1673 1735 1782 1806 1852 1853 1879 1925 1926 1952 1998 1999 2032 2072 2100 2146 2173 2219 2246 2292 2324 2392 2394 2442 2465 2467 2515 2538 2540 2588 2731 2801 2816 2833 2850 3003 3069 3090 3107 3124 3279 3347 3362 3379 3396 3578 3590
LI (96):  2 3 5 10 11 12 13 15 16 17 129 130 135 275 288 302 315 319 372 426 479 492 499 504 505 512 517 518 532 962 969 970 981 987 994 995 997 1001 1007 1196 1308 1310 1318 1325 1327 1330 1332 1336 1493 1642 1644 1651 1659 1661 1664 1666 1668 1670 1734 1780 1850 1923 1996 2025 2030 2099 2172 2245 2318 2320 2322 2390 2433 2436 2438 2463 2506 2509 2511 2536 2579 2582 2584 2799 3088 3105 3122 3274 3276 3340 3345 3360 3377 3394 3576 3588
NODE_NUM = 200
FILE bar_sub_10.aig

# Subcircuit 11
SUB_ID 11
LO (75):  517 532 586 987 994 1001 1007 1118 1325 1327 1336 1415 1496 1659 1661 1668 1711 1776 1780 1849 1922 1995 2025 2068 2141 2214 2296 2318 2371 2436 2509 2582 2622 2639 2656 2673 2692 2705 2724 2743 2758 2775 2792 2811 2897 2903 2916 2937 2954 2971 2985 3002 3019 3039 3056 3073 3169 3177 3189 3207 3224 3241 3259 3276 3293 3309 3326 3343 3444 3471 3480 3492 3508 3556 3559
LI (99):  4 6 7 8 9 30 129 130 135 275 288 302 315 319 372 426 479 524 529 530 539 545 559 585 1006 1065 1077 1081 1087 1115 1324 1335 1378 1386 1388 1392 1412 1658 1683 1685 1689 1709 1769 1774 1844 1845 1917 1918 1990 1991 2063 2064 2136 2138 2209 2211 2282 2284 2295 2352 2355 2357 2368 2435 2508 2581 2620 2637 2655 2672 2687 2689 2723 2738 2740 2757 2774 2791 2806 2808 2883 2885 2896 2902 2936 2953 2970 2983 3000 3017 3038 3055 3072 3155 3156 3168 3172 3173 3187
NODE_NUM = 200
FILE bar_sub_11.aig

# Subcircuit 12
SUB_ID 12
LO (68):  539 545 559 583 585 962 1077 1081 1087 1115 1308 1386 1388 1392 1396 1412 1642 1644 1683 1685 1689 1693 1709 1774 1777 1844 1845 1850 1917 1918 1923 1990 1991 1996 2064 2071 2138 2144 2211 2217 2284 2295 2368 2433 2435 2438 2506 2508 2511 2579 2581 2584 2784 2799 2824 2841 2858 3055 3072 3088 3105 3122 3330 3345 3360 3377 3394 3586
LI (84):  18 19 20 21 22 26 27 28 29 31 32 33 129 130 135 275 288 302 315 319 372 426 479 544 551 556 557 564 569 570 576 582 584 1067 1074 1075 1086 1092 1099 1100 1102 1106 1112 1307 1381 1383 1391 1398 1400 1403 1405 1409 1641 1678 1680 1687 1695 1697 1700 1702 1704 1706 1772 1842 1915 1988 2069 2143 2216 2289 2293 2362 2364 2366 2428 2430 2501 2503 2574 2576 2783 3325 3326 3343
NODE_NUM = 200
FILE bar_sub_12.aig

# Subcircuit 13
SUB_ID 13
LO (64):  576 582 639 912 918 932 958 1106 1112 1275 1285 1303 1398 1409 1570 1582 1600 1695 1697 1704 1768 1838 1911 1984 2060 2124 2130 2197 2203 2270 2276 2352 2416 2489 2562 2672 2738 2753 2770 2787 2806 2823 2840 2857 2947 3010 3025 3042 3059 3078 3095 3112 3129 3216 3282 3291 3306 3323 3340 3350 3357 3374 3391 3518
LI (95):  23 24 25 58 62 63 64 65 129 130 135 275 288 302 315 319 372 426 479 581 592 597 598 604 610 612 638 917 924 930 945 949 955 1111 1274 1279 1283 1294 1296 1300 1396 1408 1576 1578 1580 1591 1593 1597 1693 1759 1760 1763 1765 1836 1909 1982 2051 2054 2055 2118 2122 2129 2191 2195 2202 2264 2268 2275 2337 2341 2343 2346 2348 2410 2414 2483 2487 2556 2560 2736 2804 2822 2839 2856 2942 2944 3008 3076 3094 3111 3128 3281 3290 3349 3517
NODE_NUM = 198
FILE bar_sub_13.aig

# Subcircuit 14
SUB_ID 14
LO (64):  604 610 638 924 930 945 949 955 1065 1283 1294 1296 1300 1378 1578 1591 1593 1597 1638 1759 1763 1841 1905 1978 2051 2118 2122 2191 2195 2264 2268 2337 2341 2414 2487 2560 2620 2637 2655 2669 2686 2704 2719 2736 2896 2909 2928 2944 2962 2978 2991 3008 3156 3173 3187 3204 3228 3245 3262 3274 3509 3568 3571 3574
LI (88):  50 51 52 53 54 55 57 59 60 61 129 130 135 275 288 302 315 319 372 426 479 609 617 622 623 629 634 635 637 929 935 942 943 954 1017 1023 1037 1063 1282 1288 1289 1291 1299 1344 1348 1358 1376 1585 1586 1588 1595 1604 1606 1608 1618 1636 1753 1757 1825 1830 1840 1898 1903 1972 1974 1976 2044 2049 2120 2193 2266 2339 2413 2486 2559 2702 2891 2893 2927 2960 3222 3226 3239 3243 3256 3260 3273 3508
NODE_NUM = 199
FILE bar_sub_14.aig

# Subcircuit 15
SUB_ID 15
LO (47):  634 691 954 1017 1023 1037 1063 1067 1299 1348 1358 1376 1381 1588 1606 1618 1620 1636 1678 1680 1753 1757 1769 1830 1842 1903 1915 1972 1974 1988 2049 2063 2120 2136 2193 2209 2266 2282 2339 2355 2357 2428 2430 2501 2503 2574 2576
LI (79):  34 35 36 37 38 41 42 43 44 45 46 47 48 49 56 129 130 275 288 302 315 644 649 650 656 661 662 664 669 674 675 681 687 689 690 1022 1029 1030 1034 1040 1047 1048 1050 1054 1060 1347 1351 1353 1354 1361 1362 1364 1367 1369 1371 1373 1380 1611 1614 1616 1622 1624 1627 1629 1631 1633 1677 1755 1828 1901 2047 2061 2135 2208 2281 2354 2427 2500 2573
NODE_NUM = 200
FILE bar_sub_15.aig

# Subcircuit 16
SUB_ID 16
LO (99):  687 1060 1361 1371 1462 1622 1624 1664 1731 1772 1944 2069 2166 2172 2239 2245 2313 2362 2530 2599 2616 2631 2648 2660 2682 2699 2714 2729 2748 2767 2783 2822 2839 2856 2880 2891 2899 2908 2920 2927 2942 2950 2957 2967 2974 2986 2995 3012 3020 3029 3035 3046 3052 3063 3080 3094 3111 3128 3152 3155 3168 3172 3180 3194 3198 3209 3214 3222 3226 3229 3239 3243 3246 3260 3264 3281 3296 3298 3313 3315 3325 3332 3349 3410 3413 3416 3419 3422 3425 3434 3446 3458 3461 3506 3554 3557 3562 3580 3583
LI (114):  39 40 129 130 135 275 288 302 315 318 319 372 426 479 583 686 747 1059 1156 1164 1229 1329 1457 1460 1526 1562 1620 1663 1722 1724 1725 1729 1795 1812 1868 1885 1941 1958 2014 2075 2087 2104 2160 2177 2233 2250 2306 2311 2312 2423 2496 2569 2592 2593 2597 2611 2612 2613 2629 2647 2680 2697 2765 2871 2873 2877 2889 2906 2919 3143 3145 3149 3153 3154 3161 3166 3171 3178 3189 3191 3207 3208 3224 3225 3241 3242 3259 3291 3293 3306 3309 3310 3323 3408 3409 3411 3412 3414 3415 3417 3418 3420 3421 3423 3424 3432 3433 3444 3445 3456 3459 3505 3553 3556
NODE_NUM = 157
FILE bar_sub_16.aig

