# Subcircuit 0
SUB_ID 0
LO (33):  290 291 292 293 294 295 296 297 298 299 300 301 302 303 304 305 354 392 448 453 462 471 485 496 524 536 570 571 572 609 618 624 635
LI (55):  1 2 4 11 14 15 17 18 55 57 84 102 103 104 105 106 108 109 122 127 129 130 131 306 310 314 315 316 318 328 335 346 358 364 370 387 446 450 454 460 461 465 472 478 479 489 490 495 512 515 520 528 529 530 567
NODE_NUM = 98
FILE i2c_sub_0.aig

# Subcircuit 1
SUB_ID 1
LO (37):  306 309 310 316 328 335 346 364 370 371 383 387 430 443 446 459 460 461 478 489 495 501 511 515 517 520 529 553 565 577 613 619 626 643 677 693 1621
LI (27):  4 6 7 8 9 10 12 13 14 15 18 22 60 130 314 358 438 441 444 457 476 487 500 502 506 507 519
NODE_NUM = 100
FILE i2c_sub_1.aig

# Subcircuit 2
SUB_ID 2
LO (28):  314 315 358 444 450 454 465 472 479 490 499 500 506 512 519 528 530 547 557 567 581 633 641 651 685 698 1610 1620
LI (43):  4 5 6 7 8 9 10 11 12 13 14 17 19 20 23 55 130 305 370 383 430 461 462 496 501 517 543 551 553 566 571 572 577 618 623 624 628 635 643 676 677 679 693
NODE_NUM = 99
FILE i2c_sub_2.aig

# Subcircuit 3
SUB_ID 3
LO (30):  393 398 412 415 429 584 597 608 675 710 716 722 933 948 961 997 1004 1017 1035 1038 1046 1049 1053 1078 1097 1101 1123 1129 1174 1626
LI (32):  3 16 21 25 45 46 50 66 71 72 83 123 128 130 396 404 407 409 413 414 422 424 583 588 590 596 604 654 656 660 663 705
NODE_NUM = 99
FILE i2c_sub_3.aig

# Subcircuit 4
SUB_ID 4
LO (49):  394 396 403 405 407 413 422 583 588 596 652 654 656 663 702 705 718 719 726 932 939 943 949 953 967 969 976 983 985 994 998 1014 1020 1025 1031 1043 1056 1062 1068 1075 1087 1088 1095 1100 1107 1108 1133 1140 1145
LI (32):  3 16 25 39 41 42 44 46 47 48 49 51 83 130 393 403 404 420 421 584 586 587 597 655 702 710 717 722 931 933 952 961
NODE_NUM = 100
FILE i2c_sub_4.aig

# Subcircuit 5
SUB_ID 5
LO (46):  404 438 441 457 476 487 502 551 566 617 623 628 655 676 679 701 717 727 742 757 759 762 768 775 779 783 791 794 797 804 808 809 811 814 820 828 829 833 852 861 1175 1177 1220 1237 1613 1631
LI (44):  1 4 13 18 19 20 22 24 26 27 28 29 30 41 43 45 55 56 60 62 64 86 101 114 117 119 124 130 309 371 448 459 565 609 613 619 626 716 729 737 741 752 1176 1610
NODE_NUM = 96
FILE i2c_sub_5.aig

# Subcircuit 6
SUB_ID 6
LO (33):  729 737 751 752 769 774 788 789 801 802 803 842 857 870 874 954 955 957 1151 1154 1158 1160 1165 1178 1181 1183 1196 1206 1208 1231 1234 1238 1242
LI (32):  4 27 28 29 40 52 53 54 59 86 97 110 111 117 130 740 742 757 760 762 768 786 800 804 811 816 820 829 833 852 856 861
NODE_NUM = 96
FILE i2c_sub_6.aig

# Subcircuit 7
SUB_ID 7
LO (17):  740 741 760 786 800 816 856 881 888 895 902 909 1170 1218 1390 1547 1632
LI (50):  4 26 27 28 30 31 32 33 34 54 59 61 86 89 90 91 92 96 97 98 100 101 107 110 111 117 130 727 742 759 768 775 779 783 788 791 792 794 797 802 814 852 854 905 1158 1160 1165 1206 1209 1215
NODE_NUM = 100
FILE i2c_sub_7.aig

# Subcircuit 8
SUB_ID 8
LO (15):  905 916 923 930 931 952 960 978 996 1013 1030 1039 1077 1093 1149
LI (63):  35 36 37 38 43 44 47 48 65 67 73 74 75 76 77 78 83 93 94 99 107 110 130 393 405 412 415 422 652 702 939 943 948 949 951 955 957 967 969 976 983 985 994 997 998 1004 1011 1014 1017 1019 1020 1028 1031 1036 1038 1062 1068 1075 1078 1091 1139 1140 1147
NODE_NUM = 100
FILE i2c_sub_8.aig

# Subcircuit 9
SUB_ID 9
LO (17):  1028 1036 1061 1091 1113 1132 1139 1147 1153 1157 1176 1200 1209 1215 1227 1249 1641
LI (86):  4 25 27 28 38 43 46 49 50 51 54 58 59 60 63 68 69 70 83 86 95 107 115 117 123 130 393 394 398 403 422 652 718 719 751 801 828 932 948 954 1004 1025 1035 1043 1046 1049 1053 1056 1059 1060 1068 1087 1088 1095 1097 1100 1101 1107 1108 1111 1112 1122 1123 1129 1133 1145 1151 1154 1178 1181 1183 1186 1190 1193 1196 1197 1206 1208 1220 1222 1231 1234 1237 1238 1242 1246
NODE_NUM = 100
FILE i2c_sub_9.aig

# Subcircuit 10
SUB_ID 10
LO (53):  1246 1253 1256 1263 1265 1268 1273 1278 1283 1285 1289 1293 1298 1303 1308 1309 1315 1319 1323 1327 1335 1338 1339 1341 1345 1349 1357 1361 1374 1380 1392 1396 1400 1402 1406 1410 1414 1418 1422 1427 1455 1466 1491 1503 1514 1526 1549 1567 1571 1595 1596 1602 1614
LI (29):  61 63 64 65 66 67 68 69 70 71 72 115 118 123 124 130 137 138 139 140 141 142 143 144 145 147 870 1237 1260
NODE_NUM = 100
FILE i2c_sub_10.aig

# Subcircuit 11
SUB_ID 11
LO (34):  1260 1313 1317 1321 1325 1329 1333 1337 1343 1347 1351 1355 1359 1378 1428 1432 1435 1441 1445 1449 1461 1463 1476 1484 1499 1504 1515 1530 1538 1552 1562 1601 1607 1619
LI (55):  4 73 74 75 76 77 78 79 80 81 82 83 90 95 96 97 98 101 111 130 132 133 134 137 138 139 143 144 146 1263 1265 1285 1309 1315 1319 1323 1327 1335 1339 1341 1345 1349 1357 1361 1364 1377 1427 1435 1439 1443 1447 1459 1599 1605 1617
NODE_NUM = 100
FILE i2c_sub_11.aig

# Subcircuit 12
SUB_ID 12
LO (24):  1364 1377 1382 1394 1398 1404 1408 1412 1416 1420 1424 1443 1447 1453 1457 1459 1479 1485 1494 1509 1524 1542 1565 1583
LI (64):  32 35 38 85 87 88 89 90 91 92 93 94 96 99 100 116 120 125 130 137 138 139 145 146 147 1263 1338 1339 1374 1380 1392 1396 1400 1402 1406 1410 1414 1418 1422 1428 1455 1463 1465 1466 1476 1478 1493 1496 1508 1511 1513 1517 1519 1526 1532 1541 1549 1555 1564 1567 1573 1575 1577 1580
NODE_NUM = 99
FILE i2c_sub_12.aig

# Subcircuit 13
SUB_ID 13
LO (25):  1493 1496 1508 1511 1517 1519 1532 1541 1555 1564 1573 1577 1580 1588 1593 1599 1605 1617 1625 1636 1638 1639 1640 1644 1646
LI (59):  4 24 31 33 34 36 37 55 82 83 95 97 98 111 112 113 116 117 121 126 127 130 133 134 135 136 137 138 139 751 769 808 809 857 1338 1374 1435 1484 1485 1491 1499 1503 1504 1506 1514 1515 1530 1538 1552 1562 1571 1595 1596 1598 1602 1603 1614 1620 1621
NODE_NUM = 70
FILE i2c_sub_13.aig

