# Subcircuit 0
SUB_ID 0
LO (36):  193 194 196 200 209 213 223 243 265 298 312 331 351 375 376 380 381 396 398 421 426 431 432 446 466 470 479 480 498 499 529 537 599 600 689 728
LI (37):  1 2 5 7 9 10 11 197 201 206 210 212 214 219 224 226 227 228 247 253 280 282 285 286 301 304 310 311 313 342 346 356 357 360 363 379 390
NODE_NUM = 195
FILE square_sub_0.aig

# Subcircuit 1
SUB_ID 1
LO (22):  197 285 526 581 646 716 791 794 873 936 946 957 994 1005 1009 1015 1020 1041 1150 2317 2707 3134
LI (50):  1 3 15 18 20 284 474 476 481 485 490 491 511 513 517 522 530 556 557 563 585 587 589 590 606 608 633 634 664 707 742 743 753 756 766 776 793 811 832 836 862 931 934 938 948 996 999 1000 1010 1012
NODE_NUM = 196
FILE square_sub_1.aig

# Subcircuit 2
SUB_ID 2
LO (60):  201 203 206 212 219 224 282 299 301 304 342 344 346 379 385 388 389 450 473 490 491 511 513 517 522 547 556 585 587 589 633 634 707 742 743 753 756 862 879 884 885 887 931 938 976 1044 1046 1047 1097 1107 1111 1122 1151 1165 1380 1470 1557 2106 2653 2654
LI (67):  1 2 3 4 8 12 19 284 300 334 336 337 338 378 380 381 439 445 446 448 449 466 470 496 498 499 501 539 541 545 546 583 586 588 618 619 700 703 730 739 745 750 752 844 845 847 849 876 881 882 888 889 895 897 901 922 946 974 977 978 982 1031 1033 1041 1099 1101 1102
NODE_NUM = 200
FILE square_sub_2.aig

# Subcircuit 3
SUB_ID 3
LO (76):  210 228 246 247 280 284 300 310 333 334 335 336 337 338 355 356 357 378 434 439 445 448 449 474 485 496 530 539 541 545 546 557 563 583 618 619 659 664 700 703 730 739 748 750 752 776 793 811 832 844 845 876 881 895 922 933 934 974 999 1010 1012 1023 1026 1055 1059 1063 1118 1168 1173 1275 1346 1348 1378 1509 1800 1801
LI (65):  2 3 4 5 6 7 8 9 11 13 14 312 381 396 427 430 431 432 433 477 479 500 501 528 529 538 558 588 590 651 653 654 676 682 685 689 720 721 724 729 732 745 747 769 772 817 818 820 821 825 827 841 849 884 891 892 893 913 967 998 1009 1016 1020 1050 1052
NODE_NUM = 200
FILE square_sub_3.aig

# Subcircuit 4
SUB_ID 4
LO (15):  226 4731 4949 5155 5156 5190 5191 5373 5374 5389 5393 5394 5504 5711 5721
LI (41):  1 6 45 4333 4529 4531 4533 4542 4543 4557 4562 4576 4578 4589 4604 4686 4687 4718 4720 4728 4824 4825 4827 4831 4852 4858 4911 4918 4952 4989 4995 5100 5112 5119 5132 5158 5177 5339 5340 5364 5369
NODE_NUM = 182
FILE square_sub_4.aig

# Subcircuit 5
SUB_ID 5
LO (21):  390 427 430 433 476 481 2586 2742 2898 2899 2919 2920 3012 3013 3014 3051 3059 3127 3185 3450 3676
LI (48):  3 4 9 10 31 385 388 389 426 477 480 2403 2448 2449 2450 2451 2485 2486 2490 2507 2509 2523 2525 2577 2605 2614 2620 2621 2623 2624 2644 2646 2661 2670 2675 2728 2730 2816 2817 2835 2848 2858 2873 2900 2902 2906 2963 3007
NODE_NUM = 185
FILE square_sub_5.aig

# Subcircuit 6
SUB_ID 6
LO (12):  477 651 1660 1780 1900 2026 2164 2298 2446 2448 3336 3340
LI (39):  1 13 26 650 1545 1548 1563 1565 1584 1589 1623 1645 1646 1647 1653 1657 1671 1682 1683 1737 1738 1746 1760 1827 1834 1873 1878 1883 1935 1960 1972 2009 2052 2053 2055 2148 2226 2284 2438
NODE_NUM = 200
FILE square_sub_6.aig

# Subcircuit 7
SUB_ID 7
LO (27):  500 501 721 724 1233 1329 1431 1543 1589 1653 1657 1737 1738 1834 1883 2009 2046 2438 2449 2577 2728 2730 2848 3098 3102 3308 3312
LI (61):  6 11 12 27 299 723 889 1138 1148 1149 1178 1181 1182 1184 1185 1220 1222 1230 1237 1242 1244 1316 1356 1359 1392 1418 1420 1439 1442 1530 1696 1700 1702 1705 1709 1728 1730 1735 2002 2005 2300 2301 2303 2312 2315 2327 2346 2356 2387 2435 2561 2565 2566 2719 2724 3092 3093 3300 3302 3303 3305
NODE_NUM = 200
FILE square_sub_7.aig

# Subcircuit 8
SUB_ID 8
LO (26):  528 1316 1418 1420 1530 1645 1646 1647 1735 5910 6077 6148 6317 6339 6342 6367 6368 6395 6403 6424 6432 6434 6538 6548 6553 6753
LI (54):  9 10 14 43 213 1270 1271 1283 1285 1286 1309 1400 1410 1411 1482 1485 1524 1639 1640 4755 4867 5843 5844 5845 5892 5902 5906 5907 5909 5912 5917 5936 5970 5980 6064 6068 6073 6080 6081 6082 6131 6146 6147 6150 6155 6173 6214 6244 6280 6299 6338 6356 6357 6365
NODE_NUM = 194
FILE square_sub_8.aig

# Subcircuit 9
SUB_ID 9
LO (48):  538 558 586 606 608 818 825 1137 1138 1148 1149 1184 1220 1222 1230 1237 1270 1271 1356 1359 1439 1482 1485 1623 1639 1640 1682 1683 1705 1730 1746 1846 1854 1873 1942 2002 2005 2052 2053 2186 2226 2228 2267 2271 2300 2504 2706 3313
LI (75):  1 7 11 12 13 14 18 21 299 333 479 537 599 602 980 1020 1046 1047 1061 1063 1093 1094 1098 1124 1125 1140 1141 1146 1153 1214 1215 1267 1333 1335 1338 1341 1345 1346 1348 1349 1387 1455 1458 1459 1481 1503 1605 1613 1630 1631 1637 1703 1724 1725 1728 1844 1845 1848 1852 1867 1869 1979 1980 1982 1993 1995 1999 2001 2038 2050 2051 2183 2188 2223 2264
NODE_NUM = 198
FILE square_sub_9.aig

# Subcircuit 10
SUB_ID 10
LO (26):  588 590 1760 1827 1878 1935 1960 2050 2051 2055 2719 2816 2817 2900 2906 2963 3224 3401 3576 3758 3759 3784 3785 3786 3787 3935
LI (54):  4 13 15 22 1492 1582 1603 1748 1809 1812 1813 1821 1913 1932 1955 1957 2046 2695 2698 2699 2701 2708 2716 2792 2804 2943 2946 2953 2955 2957 3058 3059 3063 3064 3069 3212 3216 3221 3255 3256 3257 3294 3330 3383 3405 3469 3470 3565 3632 3633 3696 3746 3747 3783
NODE_NUM = 189
FILE square_sub_10.aig

# Subcircuit 11
SUB_ID 11
LO (32):  602 650 827 901 996 1056 1061 1516 1524 1637 4989 5177 5264 5339 5340 5392 5456 5496 5616 5758 5760 5761 5769 5770 5772 5791 5795 5835 5839 6017 6623 6985
LI (61):  3 4 5 6 10 11 16 45 600 900 1055 1057 1059 1508 1515 1517 1519 1636 2936 4958 4959 4981 4986 5026 5058 5156 5170 5190 5191 5215 5223 5237 5259 5260 5261 5263 5271 5276 5277 5330 5373 5374 5389 5393 5394 5445 5448 5449 5451 5453 5454 5473 5490 5504 5510 5527 5579 5592 5593 5751 5766
NODE_NUM = 196
FILE square_sub_11.aig

# Subcircuit 12
SUB_ID 12
LO (56):  654 676 816 817 998 1124 1125 1146 1185 1309 1410 1411 1481 1582 1584 1630 1631 1671 1703 1709 1809 1812 1813 1867 1869 1955 1957 1995 2038 2148 2188 2223 2229 2233 2239 2284 2301 2342 2346 2400 2401 2415 2425 2452 2603 2794 3268 3512 3514 3516 3580 3856 3857 4079 4583 5469
LI (77):  1 3 4 5 6 12 13 16 18 23 27 28 210 745 1097 1107 1109 1111 1118 1122 1297 1298 1299 1305 1408 1469 1470 1471 1477 1519 1571 1574 1575 1577 1578 1580 1582 1611 1663 1702 1708 1797 1800 1802 1866 1942 1944 1947 1948 1949 2029 2030 2076 2081 2086 2089 2091 2108 2110 2128 2142 2210 2214 2217 2228 2230 2235 2236 2237 2256 2273 2340 2341 2344 2397 3504 3509
NODE_NUM = 199
FILE square_sub_12.aig

# Subcircuit 13
SUB_ID 13
LO (41):  682 769 772 1283 1392 1405 1408 1442 1455 1458 1821 1947 1948 1949 2230 2792 3057 3058 3069 3216 3221 3565 3696 3746 3747 3781 3783 3794 3860 3927 3939 3940 3967 3971 4074 4125 4487 4755 6123 8153 9506
LI (60):  1 2 4 9 13 15 23 27 38 768 1272 1275 1277 1334 1374 1389 1454 1946 2771 2774 2782 2783 2786 2899 2919 2920 3012 3013 3014 3021 3032 3051 3320 3377 3484 3485 3499 3562 3640 3689 3700 3701 3710 3719 3737 3759 3780 3785 3786 3787 3791 3846 3853 3856 3858 3876 3894 3899 3920 3935
NODE_NUM = 198
FILE square_sub_13.aig

# Subcircuit 14
SUB_ID 14
LO (38):  720 1285 1286 1979 1980 3377 3383 3484 3485 4490 4528 4529 4542 4543 4562 4718 4720 4728 4824 4825 6557 6642 6647 6648 6800 6801 6855 6869 6872 6930 6935 7002 7051 7181 7455 9350 10876 14602
LI (63):  7 13 17 32 38 54 381 1284 1977 3363 3366 3367 3368 3369 3375 3481 4325 4357 4358 4359 4387 4461 4463 4483 4484 4485 4486 4487 4489 4491 4504 4525 4712 4714 4821 6431 6432 6433 6434 6437 6438 6441 6443 6461 6475 6477 6491 6528 6538 6548 6553 6640 6646 6718 6720 6731 6759 6764 6780 6781 6854 6923 6928
NODE_NUM = 200
FILE square_sub_14.aig

# Subcircuit 15
SUB_ID 15
LO (54):  723 729 745 891 967 1057 1093 1094 1178 1181 1214 1215 1267 1387 1389 1400 1503 1508 1515 1517 1519 1573 1574 1575 1636 1708 1721 1785 1928 2076 2119 2183 2210 2387 2397 2435 2450 2451 2485 2515 2561 2565 2566 2670 2675 2699 2724 2768 2771 2774 2953 2957 3159 3431
LI (75):  1 4 7 8 11 14 15 17 22 23 210 228 376 728 764 893 959 960 1005 1079 1080 1091 1164 1171 1173 1175 1208 1212 1261 1262 1371 1378 1380 1386 1490 1493 1494 1502 1509 1511 1514 1719 2070 2126 2167 2170 2171 2180 2186 2203 2254 2344 2353 2355 2356 2358 2365 2377 2379 2400 2401 2405 2415 2427 2428 2478 2481 2554 2555 2557 2563 2757 2759 2767 2948
NODE_NUM = 200
FILE square_sub_15.aig

# Subcircuit 16
SUB_ID 16
LO (34):  764 766 768 1563 1565 3368 3469 3470 3632 3633 3640 3689 3737 3780 3791 3846 3899 3920 4058 4128 4130 4131 4224 4228 4260 4264 4294 4295 4296 4329 4332 5066 5228 5731
LI (64):  8 10 765 879 1100 1555 1557 1562 2356 2489 2596 3110 3419 3437 3440 3441 3442 3444 3447 3451 3467 3468 3516 3621 3628 3666 3669 3672 3675 3678 3682 3728 3731 3769 3770 3781 3794 3810 3812 3814 3817 3820 3842 3892 3904 3917 3940 3946 3954 3967 3971 4009 4044 4045 4050 4054 4070 4074 4105 4121 4125 4183 4197 4213
NODE_NUM = 196
FILE square_sub_16.aig

# Subcircuit 17
SUB_ID 17
LO (81):  765 821 913 977 978 982 1459 1545 1611 1613 1688 1689 1692 1693 1790 1943 1944 1946 2028 2029 2142 2167 2170 2171 2180 2203 2332 2335 2340 2341 2344 2427 2428 2455 2456 2514 2563 2759 2948 3080 3294 3405 3425 3467 3468 3481 3669 3672 3719 3801 3853 4035 4087 4102 4105 4168 4173 4177 4461 4463 4582 4712 4714 4821 4885 4952 5072 5245 5462 5964 6104 6133 6163 6496 6505 6681 7063 9140 9983 10275 10516
LI (65):  2 3 4 14 16 18 24 25 28 29 30 39 197 210 219 228 246 376 976 979 980 1492 1687 1718 1911 1930 2115 2166 2193 2239 2271 2337 2342 2425 2776 3260 3262 3269 3275 3276 3289 3291 3460 3461 3465 3655 3662 3664 3666 4079 4101 4166 4167 4361 4362 4376 4383 4385 4387 4405 4454 4703 4704 4813 4816
NODE_NUM = 200
FILE square_sub_17.aig

# Subcircuit 18
SUB_ID 18
LO (41):  847 848 849 1098 1099 1555 1562 1702 1748 2327 2554 2652 2656 2716 2745 4324 4325 4357 4358 4359 4483 4525 4576 4578 4686 4687 4858 4918 5321 5917 7859 7860 7877 7889 7890 7991 7995 8081 8118 8336 10335
LI (63):  2 7 10 17 18 26 42 210 431 893 1561 1718 2312 2318 2548 2651 2655 3647 4130 4131 4211 4224 4228 4230 4233 4255 4260 4264 4287 4312 4314 4329 4330 4332 4336 4470 4472 4473 4572 4679 4680 7065 7587 7588 7589 7599 7602 7616 7633 7646 7647 7756 7799 7800 7844 7845 7846 7856 7876 7880 7984 7986 7988
NODE_NUM = 196
FILE square_sub_18.aig

# Subcircuit 19
SUB_ID 19
LO (78):  888 889 893 897 900 958 959 960 1050 1109 1272 1284 1333 1365 1367 1371 1374 1386 1494 1502 1511 1514 1580 1595 1603 1605 1718 1719 1724 1725 1728 1797 1857 1866 1911 1913 1919 1930 1932 1972 2081 2086 2115 2126 2128 2256 2303 2318 2507 2509 2701 2767 2795 2796 2797 2932 2955 3164 3165 3212 3252 3255 3256 3257 3260 3267 3289 3291 3430 3434 3523 3542 3664 3872 4424 4426 4602 4765
LI (73):  3 4 5 6 8 9 12 15 16 17 21 22 23 24 25 197 284 333 335 398 431 479 586 748 885 887 1239 1332 1366 1385 1501 1721 1785 1790 1791 1854 1859 1860 1901 1905 1907 1922 1923 1928 1929 2117 2118 2119 2121 2125 2250 2251 2254 2317 2497 2498 2506 2766 2794 3086 3126 3127 3142 3153 3156 3160 3166 3205 3206 3207 3251 3423 3426
NODE_NUM = 197
FILE square_sub_19.aig

# Subcircuit 20
SUB_ID 20
LO (62):  979 980 1000 1016 1031 1033 1077 1079 1080 1091 2108 2110 2620 2621 2757 3032 3063 3064 3447 3621 3647 3655 3769 3770 4070 4101 4243 4255 4283 4285 4287 4311 4361 4362 4472 4473 4611 4679 4680 4852 4986 5100 5158 5170 5212 5215 5287 5291 5292 5293 5426 5427 5431 5589 5684 5702 6520 6962 7674 8944 10276 10834
LI (80):  3 6 10 11 12 14 16 21 25 30 38 40 213 933 936 976 994 1015 1023 1026 1078 1334 1995 2098 2100 2107 2618 2745 2751 3028 3029 3060 3530 3586 3602 3605 3607 3612 3615 3643 3644 3646 3817 3840 3909 4091 4092 4102 4143 4244 4246 4248 4277 4280 4295 4296 4297 4302 4607 4610 4617 4619 4623 4639 4671 4677 4845 5030 5031 5032 5034 5040 5060 5089 5094 5193 5195 5211 5284 5289
NODE_NUM = 199
FILE square_sub_20.aig

# Subcircuit 21
SUB_ID 21
LO (34):  1078 3251 3499 3562 3628 3700 3728 3731 3904 4813 4816 5112 5369 6214 6357 6365 6431 6718 6720 6764 6780 6781 7054 7056 7057 7058 7137 7144 7148 7149 7317 9161 12815 14912
LI (56):  2 20 27 37 51 1858 3120 3135 3228 3229 3230 3252 3308 3434 3518 3523 3529 3531 3550 3552 4655 4778 4792 4799 4802 5105 5109 6171 6182 6185 6206 6211 6376 6401 6402 6403 6404 6408 6424 6561 6659 6660 6704 6769 6774 6778 6801 6869 6872 6887 6941 6993 7035 7051 7142 7147
NODE_NUM = 200
FILE square_sub_21.aig

# Subcircuit 22
SUB_ID 22
LO (58):  1100 1101 1164 1261 1262 1332 1901 2602 2614 2835 2858 2902 2943 2946 3149 3153 3156 3205 3206 3207 3228 3330 3338 3363 3366 3419 3437 3440 3460 3461 3465 4044 4230 4233 4280 4302 4405 4504 4911 5094 5109 5211 5330 5510 5579 5765 5766 5773 5776 6091 6095 7142 7993 8564 9160 11436 12689 13446
LI (81):  1 4 6 17 19 26 34 38 43 246 752 1152 1154 1155 1175 1547 1690 2601 2603 2605 2609 2610 2659 2825 2826 2923 2924 2925 2942 3143 3145 3146 3148 3185 3191 3193 3194 3198 3323 3326 3337 3342 3360 3362 3411 3412 3413 3414 3436 3951 4027 4028 4030 4037 4058 4087 4283 4400 4403 4550 4890 4893 4898 5077 5091 5208 5212 5307 5310 5312 5314 5315 5323 5546 5547 5576 5763 5772 5857 6085 6086
NODE_NUM = 198
FILE square_sub_22.aig

# Subcircuit 23
SUB_ID 23
LO (76):  1102 1297 1305 1338 1385 1471 1547 1548 1561 1663 1844 1852 2100 2117 2118 2250 2254 2453 2478 2481 2609 2610 2618 2644 2646 2651 2751 3007 3092 3099 3126 3191 3198 3229 3230 3320 3323 3326 3369 3442 3451 3662 3666 3820 3840 3842 3876 3946 4028 4037 4158 4175 4183 4187 4297 4330 4396 4594 4650 4756 4793 4957 5073 5235 5479 5738 5894 6573 6690 6833 6839 6893 7422 8290 8945 9698
LI (76):  5 6 8 9 10 15 16 18 19 24 26 29 30 32 37 197 228 284 335 479 891 998 1490 1692 1904 2244 2245 2452 2455 2457 2463 2464 2471 2472 2475 2634 2635 2642 2749 2972 2976 2977 2994 3003 3090 3098 3100 3102 3105 3108 3116 3120 3134 3187 3188 3312 3313 3450 3656 3658 3807 3819 3829 3830 3835 3839 3860 3865 3867 3873 4035 4147 4148 4149 4157 4179
NODE_NUM = 200
FILE square_sub_23.aig

# Subcircuit 24
SUB_ID 24
LO (81):  1140 1141 1152 1153 1154 1298 1334 1335 1477 1490 1577 1845 1848 1905 2098 2235 2264 2273 2377 2379 2472 2497 2642 2942 2976 3086 3090 3193 3194 3305 3504 3509 3529 3602 3605 3881 3892 3894 3917 4009 4148 4197 4213 4277 4400 4403 4470 4484 4572 4599 4604 4607 4610 4645 4655 4677 4703 4799 4802 4827 4845 4890 4893 5048 5050 5055 5244 5251 5283 5486 6165 6197 6486 6487 6898 7246 7629 8037 8466 8473 9526
LI (84):  3 7 9 12 18 19 20 21 27 28 30 32 35 37 210 219 300 376 431 474 586 721 748 818 1059 1111 1150 1151 1494 1692 1904 2233 2267 2269 2271 2305 2370 2376 2464 2633 2934 2936 2957 2972 2975 3081 3508 3527 3590 3591 3882 3883 3884 3891 3912 3914 4002 4005 4158 4177 4184 4190 4207 4209 4211 4273 4285 4397 4593 4594 4603 4643 4644 4647 4650 4654 4673 4699 4700 4793 4863 4872 4875 4889
NODE_NUM = 196
FILE square_sub_24.aig

# Subcircuit 25
SUB_ID 25
LO (96):  1155 1171 1175 1182 1349 1501 1993 2376 2596 2601 2605 2766 2923 2977 3145 3146 3147 3148 3300 3337 3412 3413 3414 3507 3508 3518 3607 3612 3615 3675 3678 3811 3812 3814 3835 3839 4045 4050 4054 4137 4139 4143 4147 4201 4207 4209 4211 4376 4486 4631 4639 4643 4671 4673 4699 4700 4784 4792 4863 4865 4867 4872 4875 4972 4981 4994 4995 5119 5208 5271 5276 5277 5323 5342 5345 5349 5354 5447 5561 5701 5704 5959 6198 6622 7932 8264 8726 9122 10005 10473 10833 11361 11675 11684 11854 12033
LI (90):  3 5 6 7 10 13 15 16 17 20 29 32 33 34 35 40 41 197 210 219 335 338 376 378 431 479 586 745 748 825 900 1165 1168 1981 1992 1995 2229 2375 2453 2594 2595 2921 3099 3143 3299 3301 3336 3411 3512 3514 3516 3606 3609 3676 3833 4048 4049 4135 4136 4138 4184 4202 4203 4365 4366 4368 4369 4448 4632 4636 4637 4663 4665 4667 4743 4758 4780 4785 4786 4866 4869 4971 4973 4992 5075 5321 5347 5694 5695 5696
NODE_NUM = 200
FILE square_sub_25.aig

# Subcircuit 26
SUB_ID 26
LO (29):  1208 1242 1244 3710 3912 3914 6854 7320 7586 7587 7588 7646 7647 7754 7756 7799 7800 7805 7838 7840 7856 7891 7970 7974 7975 9815 12159 13936 15779
LI (47):  2 12 21 39 54 1241 2776 3911 6803 6805 6808 6844 6847 6855 6916 6971 7056 7111 7114 7119 7131 7132 7137 7153 7169 7181 7281 7282 7297 7317 7490 7491 7492 7493 7498 7514 7515 7533 7547 7552 7643 7753 7796 7809 7834 7969 7973
NODE_NUM = 199
FILE square_sub_26.aig

# Subcircuit 27
SUB_ID 27
LO (28):  1239 1241 3951 3954 7490 7796 7809 7834 7844 7845 7846 7880 8122 8402 8431 8432 8524 8527 8622 8676 8681 8744 8849 8922 8926 8927 12939 16392
LI (48):  2 22 41 56 474 2028 7241 7254 7322 7328 7329 7486 7761 7763 7767 7793 7805 7813 7822 7827 7831 7838 7840 7860 7889 7890 7891 7893 7894 7946 8048 8102 8118 8124 8126 8128 8132 8335 8336 8337 8368 8381 8403 8422 8481 8520 8920 8925
NODE_NUM = 198
FILE square_sub_27.aig

# Subcircuit 28
SUB_ID 28
LO (24):  1299 7486 7761 7763 7793 7876 8335 8403 8422 8977 9271 9569 9859 10149 10432 10711 10978 11248 11517 11518 11771 11861 11864 11867
LI (56):  4 20 54 7410 7452 7454 7455 7460 7464 7477 7479 7760 7774 7780 7784 7865 7870 7877 8200 8237 8325 8418 8419 8685 8802 8803 8804 8851 8852 8853 8956 8974 9026 9035 9258 9329 9330 9474 9552 9609 9846 10143 10427 10428 10704 10705 10971 10972 11241 11242 11509 11510 11768 11853 11855 11856
NODE_NUM = 200
FILE square_sub_28.aig

# Subcircuit 29
SUB_ID 29
LO (27):  1366 1454 1469 1977 3807 3810 4157 5970 5980 6280 6401 6402 12266 12502 12503 12666 12668 12669 12716 12725 12730 12744 12795 12903 12905 13130 14339
LI (54):  1 19 23 24 25 29 56 310 1365 3802 3804 4156 5958 5959 5961 5965 5969 5977 6250 6273 6398 9798 12019 12060 12061 12080 12120 12123 12134 12136 12137 12144 12162 12164 12200 12205 12251 12252 12260 12267 12269 12293 12298 12431 12432 12438 12445 12482 12484 12505 12506 12511 12537 12663
NODE_NUM = 176
FILE square_sub_29.aig

# Subcircuit 30
SUB_ID 30
LO (47):  1492 1493 1571 2498 2863 2873 2967 2972 2975 3021 3060 3367 3436 3441 3909 3911 4385 5058 5060 5237 5259 5473 5490 5592 5593 5751 5832 5842 5843 5844 5886 5889 5892 6019 6020 6039 6041 6050 6051 6073 6082 6211 6229 6250 6483 7207 9708
LI (83):  5 6 17 18 20 22 28 31 32 35 210 300 338 355 378 818 1098 1102 1490 2633 2862 2864 2866 2867 2871 2966 2969 3016 3017 3110 3430 3431 3434 3442 3908 5048 5050 5057 5226 5227 5228 5235 5236 5255 5403 5418 5467 5469 5471 5478 5479 5487 5589 5627 5664 5676 5677 5679 5686 5706 5740 5745 5760 5780 5781 5782 5784 5791 5795 5824 5835 5839 5875 5876 5878 5885 5996 6001 6010 6017 6023 6036 6048
NODE_NUM = 190
FILE square_sub_30.aig

# Subcircuit 31
SUB_ID 31
LO (16):  1687 9474 9609 9846 10143 10427 10428 10704 10705 10797 10800 10801 10958 10960 10970 12595
LI (44):  8 20 57 9324 9331 9332 9381 9405 9408 9410 9411 9412 9420 9460 9572 9575 9580 9586 9588 9589 9766 9772 9777 9781 9837 9939 10071 10084 10085 10100 10130 10180 10183 10209 10212 10235 10418 10435 10604 10649 10682 10684 10796 10957
NODE_NUM = 198
FILE square_sub_31.aig

# Subcircuit 32
SUB_ID 32
LO (74):  1690 1696 1700 1802 2593 2594 2921 2924 2925 3142 3275 3276 3360 3362 3586 3590 3817 3828 3829 3833 3991 4002 4005 4184 4190 4273 4454 4485 4557 4647 4704 4831 5031 5875 6085 6086 6244 6354 6356 6371 6376 6433 6437 6443 6561 6582 6584 6818 6827 6831 6892 7065 7353 7406 7458 7589 7592 7611 8172 8201 8563 10860 10903 11020 11605 12136 12143 12160 12781 14103 14526 14759 15280 17227
LI (79):  1 3 5 6 8 9 17 18 20 22 23 25 34 36 37 50 53 197 228 335 338 344 376 378 431 450 721 1102 1494 1688 1689 1693 1801 3023 3102 3138 3351 3354 3356 3580 3978 3980 3983 3986 3990 4023 4188 4411 4415 4416 4417 4434 4450 4553 4554 5856 5865 5866 5869 5889 6083 6231 6232 6236 6237 6339 6342 6345 6346 6368 6436 6440 6441 6575 6820 6821 6822 6824 12135
NODE_NUM = 197
FILE square_sub_32.aig

# Subcircuit 33
SUB_ID 33
LO (59):  1858 1859 1860 1904 2471 2475 2994 3143 3550 3552 3658 3867 4030 4615 4617 4623 4758 4778 5032 5040 5089 5091 5105 5307 5310 5445 5576 5664 5763 5784 5824 5958 5977 5996 6036 6048 6146 6236 6237 6338 6467 6475 6477 6528 6660 6729 6731 6759 6769 6803 6927 7233 8472 9505 11088 12108 13566 13921 14133
LI (81):  3 4 8 9 11 12 16 21 25 26 36 38 39 45 338 344 378 721 745 889 893 1098 1919 2307 2465 2466 2992 3507 3543 4165 4415 4611 4614 4622 4747 4748 4749 4757 4774 5081 5085 5295 5297 5354 5421 5424 5429 5431 5442 5496 5569 5631 5660 5704 5807 5813 5815 5944 5954 5957 6030 6091 6106 6134 6135 6137 6138 6140 6233 6334 6335 6466 6469 6471 6509 6512 6517 6521 6728 6751 6753
NODE_NUM = 200
FILE square_sub_33.aig

# Subcircuit 34
SUB_ID 34
LO (46):  1922 1981 1982 1992 2030 2070 2089 2307 2312 2315 2695 2698 2776 2782 2786 3028 3029 3411 3591 3978 5255 5686 5885 6345 6575 8048 8337 8381 8418 8419 8802 8803 8804 9026 9258 9324 9329 9330 9331 9332 9537 9580 9631 9699 9781 9828
LI (75):  1 7 9 11 12 19 22 24 27 29 30 36 312 338 355 434 794 1573 2306 2309 2547 2692 2775 2778 2924 3026 3977 5250 5251 5253 5684 5883 6344 6573 8001 8013 8020 8022 8024 8041 8373 8378 8415 8686 8687 8688 8715 8718 8719 8721 8727 8735 8756 8793 8947 8995 9005 9018 9058 9059 9060 9083 9088 9255 9273 9275 9284 9285 9290 9315 9504 9517 9524 9526 9528
NODE_NUM = 200
FILE square_sub_34.aig

# Subcircuit 35
SUB_ID 35
LO (70):  2107 2166 2193 2244 2251 2269 2305 2306 2466 2486 2489 2490 2624 2992 3081 3301 3302 3303 3882 4244 4397 4411 5487 5965 5969 6030 6182 6185 6659 6844 6847 6887 7035 7064 7071 7111 7114 7281 7282 7322 7328 7452 7491 7492 7498 7633 7760 7767 7780 7827 7870 7992 8041 8102 8124 8126 8132 8225 8876 8987 8995 9290 9394 9395 9396 9397 10491 12568 13491 14011
LI (83):  1 7 10 11 13 19 20 22 25 27 31 33 34 50 197 284 312 338 1547 1692 2106 2452 2596 3080 3134 3811 4396 5486 5964 6027 6181 6585 6588 6595 6596 6599 6606 6656 6831 6838 6839 6841 6879 6880 7010 7032 7057 7058 7060 7063 7070 7096 7209 7212 7215 7216 7221 7225 7279 7280 7362 7394 7400 7414 7415 7417 7422 7445 7614 7621 7623 7630 7698 8036 8037 8039 8078 8080 8081 8093 8878 8893 8986
NODE_NUM = 200
FILE square_sub_35.aig

# Subcircuit 36
SUB_ID 36
LO (37):  2309 2353 2355 2356 2358 2595 4049 4654 4774 5132 5364 5442 5660 6704 6880 8715 8718 9255 9273 9284 9552 9572 9575 10418 10435 10649 10682 10684 10796 10955 10957 11063 11066 11151 11157 11197 11223
LI (72):  1 10 11 15 23 32 36 53 351 378 479 547 1573 1692 3982 4048 4653 4765 5125 5126 5127 5356 5361 5654 5655 5658 6673 6678 6684 6700 8700 8708 8710 8712 8846 9099 9148 9171 9174 9183 9185 9187 9241 9476 9490 9537 9538 10255 10301 10350 10362 10365 10367 10385 10415 10609 10618 10624 10630 10632 10634 10674 10679 10715 10724 10734 10739 10792 10805 10954 11061 11150
NODE_NUM = 196
FILE square_sub_36.aig

# Subcircuit 37
SUB_ID 37
LO (34):  2375 2403 2405 4448 4450 8237 8368 8684 8685 8686 8687 8735 8846 8851 8852 8853 8974 9035 9058 9059 9060 9476 9538 12293 12506 15308 15400 15404 15405 15406 15535 15537 15538 16920
LI (59):  2 3 14 17 19 31 42 59 4439 7385 7911 7924 8201 8211 8214 8229 8234 8344 8364 8431 8432 8524 8527 8529 8538 8554 8611 8622 8623 8637 8639 8660 8676 8681 8808 8809 8814 8840 8849 9030 9031 9048 9050 9054 12280 12281 12284 12288 12289 15241 15242 15288 15300 15302 15304 15315 15325 15374 15399
NODE_NUM = 197
FILE square_sub_37.aig

# Subcircuit 38
SUB_ID 38
LO (64):  2457 2464 2465 2633 2634 2778 3100 4622 6171 6173 6408 6450 6461 6585 6588 6700 6728 6879 7010 7032 7060 7131 7132 7279 7280 7415 7621 8036 8039 8325 8415 8481 8554 8623 8840 8956 9030 9031 9048 9054 9125 9148 9171 9174 9308 9483 9625 9670 9694 9967 10007 10303 10336 10472 10498 10869 10940 10988 11098 12026 12607 12772 12997 13215
LI (77):  10 12 25 26 27 28 34 36 37 41 43 312 338 474 2332 2456 2596 2863 3147 3338 3353 3645 3811 6163 6165 6167 6405 6449 6452 6455 6458 6564 6566 6584 6632 6669 6691 6725 6729 7005 7006 7015 7016 7028 7029 7129 7276 8031 8032 8244 8255 8272 8319 8409 8410 8458 8461 8464 8468 8474 8544 8547 8551 8834 8899 8953 9028 9074 9114 9115 9116 9124 9144 9156 9159 9162 9164
NODE_NUM = 199
FILE square_sub_38.aig

# Subcircuit 39
SUB_ID 39
LO (82):  2506 2523 2525 2547 2548 2622 2623 2635 2969 3110 3116 3120 3423 3444 3656 3865 3884 4156 4246 4383 4387 4632 4636 4663 4889 4895 4897 4992 5075 5077 5122 5125 5126 5127 5227 5250 5253 5361 5467 5471 5478 5546 5547 5679 5807 5876 5883 5949 5961 6001 6106 6115 6131 6334 6335 6509 6512 6678 6684 6751 6838 6841 7005 7006 7028 7029 7096 7237 7297 7493 7514 7515 7533 7719 7720 8277 8513 9723 9946 10325 10918 12907
LI (90):  2 7 14 15 16 17 19 20 21 22 23 24 29 30 31 32 46 210 312 335 338 431 721 748 889 891 998 1098 1102 1153 1367 1490 1494 1573 1692 1904 1919 2115 2332 2504 2514 2515 3109 3111 4380 4802 4877 4878 4885 4886 4894 4994 5065 5066 5074 5244 5245 5291 5461 5462 5803 5804 6095 6096 6097 6104 6105 6127 6331 6495 6496 6497 6505 6677 6681 6682 6747 6748 6827 6835 6935 7002 7021 7022 7026 7089 7092 7293 7294 7511
NODE_NUM = 191
FILE square_sub_39.aig

# Subcircuit 40
SUB_ID 40
LO (38):  2655 2659 2661 2692 2825 2826 2936 3682 5745 6023 9504 9766 9785 9837 9939 10071 10100 10130 10180 10183 10235 10255 10263 10301 10403 10439 10590 10597 10598 10608 10615 10980 11341 13461 13650 16371 16405 18671
LI (59):  2 4 8 18 27 33 34 63 64 210 2652 2653 2654 2656 2660 3676 5729 5736 5738 5740 6022 6925 9402 9492 9495 9629 9630 9631 9679 9720 9730 9748 9821 9824 9832 9833 9897 9906 9907 9932 9935 9992 10012 10015 10018 10031 10043 10061 10123 10124 10161 10167 10228 10257 10258 10259 10280 10297 10400
NODE_NUM = 197
FILE square_sub_40.aig

# Subcircuit 41
SUB_ID 41
LO (77):  2708 2749 2775 2783 2804 2871 3016 3017 3093 3527 3606 3701 4023 4027 4048 4165 4166 4369 4780 5081 5084 5085 5289 5429 5527 5729 5856 5936 6022 6273 6299 6398 6404 6517 6606 6646 6656 6923 6937 7015 7016 7026 7212 7215 7276 7329 7477 7479 8022 8200 8584 8660 8688 8893 8899 9018 9216 9275 9684 9687 9688 9689 9978 10351 10440 10443 10444 11430 11932 13047 13150 13699 13752 14104 14145 15157 15185
LI (88):  1 3 8 13 14 15 17 25 28 30 33 35 39 40 49 54 378 431 479 586 659 745 2233 2453 2706 2707 2768 2795 2796 2797 2863 4014 4021 4243 4368 5195 5288 5427 5523 5725 5809 5846 5850 5925 5926 5933 5954 6266 6295 6296 6390 6395 6514 6618 6636 6639 6642 6647 6649 6931 6932 6935 7186 7195 7198 7211 7257 7260 7262 7264 7266 7476 8178 8181 8190 8191 8194 8652 8657 8881 8884 8887 8889 9013 9014 9680 9683 9685
NODE_NUM = 199
FILE square_sub_41.aig

# Subcircuit 42
SUB_ID 42
LO (72):  2862 2867 2934 2966 3023 3026 3109 3135 3138 3262 3342 3351 3353 3354 3643 3644 3830 3980 3982 3983 4135 4136 4380 4644 5347 5356 5403 5418 5421 5424 5654 5658 5677 5954 5957 6010 6096 6233 6595 6596 6599 7021 7022 7209 7211 7414 7614 7616 7623 8020 8024 8178 8181 8190 8194 8344 8409 8410 8544 8637 8639 8721 8793 9028 9088 9099 9524 9528 9585 9586 10012 10014
LI (103):  2 4 13 15 16 17 19 20 21 22 23 24 27 28 31 32 34 35 36 37 203 213 219 312 378 479 500 745 748 825 889 893 976 1494 1692 1904 1919 2028 2233 2335 2932 3025 3134 3147 3340 3642 4018 4133 4378 5346 5350 5351 5354 5397 5398 5400 5408 5410 5411 5416 5420 5647 5649 5948 5950 6006 6007 6582 6592 7200 7201 7208 7410 7413 7607 7610 7611 7614 7977 8009 8017 8164 8168 8174 8183 8186 8227 8252 8407 8626 8627 8636 8744 8759 8762 8766 8768 8779 9521 9583 10005 10007 10011
NODE_NUM = 197
FILE square_sub_42.aig

# Subcircuit 43
SUB_ID 43
LO (28):  3160 3166 3269 3299 3375 3426 3530 3531 4415 4749 10954 11061 11241 11242 11281 11372 11379 11509 11510 11519 11522 11523 11528 11539 11543 11547 11585 11765
LI (60):  8 11 28 31 32 37 39 197 764 891 1718 2489 2596 3159 3164 3165 3267 3268 3425 10858 10865 10868 10869 10871 10878 10897 10911 10948 10979 10987 10988 10990 10996 11015 11053 11162 11163 11164 11182 11184 11188 11193 11197 11206 11213 11223 11240 11251 11252 11264 11269 11278 11340 11369 11454 11466 11468 11483 11496 11520
NODE_NUM = 196
FILE square_sub_43.aig

# Subcircuit 44
SUB_ID 44
LO (55):  3543 3609 3642 3645 3646 4439 4748 5034 5296 5297 6127 6331 6774 6820 7147 7153 7511 7630 7831 8461 8464 8937 8947 8953 9013 9014 9115 9381 9679 9777 9906 9932 9935 10209 10212 10400 10878 10996 11454 11520 11534 11759 11766 11767 11768 11801 11805 11889 11998 12009 12062 12069 12671 15289 15543
LI (89):  6 14 16 23 26 27 33 37 38 39 40 51 219 431 479 721 893 1153 1692 1904 2335 3542 4201 6114 6117 6124 6327 6328 6818 7086 7144 7148 7150 7195 7406 7629 8447 8454 8455 8458 8932 8935 8939 8940 8946 9010 9362 9365 9368 9372 9375 9659 9662 9669 9670 9673 9873 9886 9893 9894 9897 9917 9926 9927 10206 10876 11404 11427 11429 11430 11432 11437 11442 11443 11448 11519 11531 11539 11543 11584 11585 11629 11643 11651 11755 11765 11773 11786 11791
NODE_NUM = 199
FILE square_sub_44.aig

# Subcircuit 45
SUB_ID 45
LO (22):  3802 3803 3804 5926 8454 8458 9144 9315 9629 9630 9907 9917 13428 13647 13856 13857 13858 13860 13903 13904 13968 14068
LI (55):  1 21 23 39 41 197 474 1718 2115 3801 5907 8448 8450 9132 9134 9141 9218 9235 9311 9312 9614 9621 9625 13207 13208 13211 13214 13221 13225 13226 13229 13230 13241 13254 13255 13301 13302 13414 13416 13529 13530 13543 13544 13560 13596 13601 13605 13606 13618 13632 13771 13786 13787 13835 13900
NODE_NUM = 194
FILE square_sub_45.aig

# Subcircuit 46
SUB_ID 46
LO (47):  3819 3858 3873 3908 3977 4018 4021 4491 6725 9362 9365 9720 9926 9927 10557 10604 10715 10724 10792 10971 10972 11053 11150 11162 11163 11164 11182 11184 11188 11240 11269 11448 11466 11468 11496 13596 13835 13960 13964 13967 13993 13995 13996 14081 14146 14603 15780
LI (75):  2 9 12 16 28 31 33 38 40 53 897 3425 3857 3872 4020 6722 9346 9355 9357 9359 9691 9696 9702 9716 9923 10439 10487 10526 10553 10556 10560 10561 10562 10601 10719 10720 10753 10767 10768 10774 10776 10777 10797 10800 10801 10960 10970 11032 11039 11040 11043 11050 11063 11066 11112 11148 11151 11160 11161 11173 11175 13576 13577 13581 13582 13593 13801 13803 13804 13812 13832 13858 13959 13970 13990
NODE_NUM = 195
FILE square_sub_46.aig

# Subcircuit 47
SUB_ID 47
LO (44):  4014 4020 4090 4091 4747 5907 6147 8547 8551 9141 9669 9673 9992 10123 10124 10167 10415 10609 10679 10858 11039 11043 11173 11213 11264 11369 11483 11531 11584 11651 11755 11773 11791 11811 11812 11961 11973 11974 11981 11982 12020 12022 12205 12249
LI (80):  5 24 28 29 30 31 38 40 42 197 474 590 1547 2028 2489 3110 3442 4732 4743 4746 5959 9140 9641 9663 9665 9803 9972 9975 9982 9983 9986 10121 10403 10405 10409 10608 10825 10826 10828 10835 10854 11033 11035 11090 11106 11169 11170 11302 11348 11352 11353 11355 11362 11372 11475 11476 11522 11523 11528 11534 11547 11557 11559 11566 11661 11674 11675 11677 11684 11702 11749 11759 11801 11805 11819 11867 11957 11963 11967 11979
NODE_NUM = 198
FILE square_sub_47.aig

# Subcircuit 48
SUB_ID 48
LO (24):  4092 4121 4133 4167 4179 9492 9495 10487 10767 10776 10777 10979 13529 13530 13801 13832 13970 17603 17701 17792 17881 17967 17968 18040
LI (58):  1 4 5 39 40 42 64 893 2332 3784 3927 4139 4173 4175 4177 8987 10468 10471 10474 10505 10759 10761 13431 13444 13451 13454 13472 13520 13527 13824 13826 14371 17431 17505 17506 17566 17570 17574 17575 17576 17583 17587 17613 17614 17622 17650 17663 17680 17753 17754 17768 17774 17852 17854 17867 17925 17926 17948
NODE_NUM = 198
FILE square_sub_48.aig

# Subcircuit 49
SUB_ID 49
LO (99):  4188 4312 4314 4333 4336 4365 4366 4533 4550 4553 4554 4732 4735 4737 4739 4743 4746 4973 5020 5026 5030 5193 5194 5195 5219 5223 5226 5311 5312 5313 5314 5449 5523 5557 5569 5627 5631 5667 5676 5725 5803 5804 5813 5815 5857 5865 5869 5909 6006 6007 6027 6135 6150 6253 6260 6264 6380 6385 6386 6438 6440 6912 6916 6964 7434 7905 7984 8293 8503 8585 9215 9447 9659 9662 9966 10033 10548 10919 11087 11135 11315 11844 12183 12344 12816 12999 13368 13582 13926 15167 15168 15169 15258 15259 15469 15470 15685 15971 16415
LI (67):  1 2 3 4 14 23 25 28 34 37 42 43 44 46 47 48 50 197 210 213 219 246 335 378 431 479 586 825 1057 1185 1367 1405 1547 4187 4294 4311 4335 4364 4432 4741 5017 5018 5019 5122 5220 5456 5556 5559 5561 5622 5668 5670 5711 5715 5722 5812 5861 5862 6252 6256 6378 6384 6909 9645 9652 9653 9656
NODE_NUM = 199
FILE square_sub_49.aig

# Subcircuit 50
SUB_ID 50
LO (21):  4364 4368 8001 8364 8378 8407 11040 14484 14682 14878 14905 15005 15006 15007 15008 15012 15013 15015 15048 15053 15106
LI (45):  4 5 30 41 44 55 7940 7954 7961 7965 7979 7995 7997 14280 14342 14364 14366 14367 14368 14374 14377 14378 14381 14383 14406 14411 14460 14481 14635 14639 14641 14652 14665 14736 14739 14831 14844 14846 14847 14852 14856 14888 14904 15001 15014
NODE_NUM = 184
FILE square_sub_50.aig

# Subcircuit 51
SUB_ID 51
LO (60):  4378 4432 4434 4530 4531 4653 5714 5715 6455 6469 6632 6636 6639 6980 6993 7169 7241 7257 7260 7293 7294 7400 7445 7552 7643 7690 7698 7753 7774 7865 7903 7924 7946 8078 8080 8218 8227 8229 8244 8373 8506 8520 8768 8834 8878 8881 8884 9010 9181 9187 9195 10318 11666 13369 13565 13888 15843 15956 15960 16686
LI (89):  10 11 12 16 35 43 45 46 48 51 197 228 378 431 479 586 650 721 745 818 891 1516 1573 2028 4424 4426 4428 4784 5648 6621 6624 6625 6626 6628 6629 6901 6956 6974 6977 6978 6986 7234 7237 7238 7239 7256 7290 7366 7367 7368 7375 7396 7432 7437 7442 7545 7685 7688 7689 7692 7694 7750 7754 7911 7914 7916 7917 7923 7942 8058 8069 8217 8220 8226 8502 8504 8505 8514 8767 8830 8831 8867 8868 8869 8871 8877 9176 9177 9178
NODE_NUM = 200
FILE square_sub_51.aig

# Subcircuit 52
SUB_ID 52
LO (31):  4589 4593 4603 4958 6458 8272 8594 8611 8626 8627 8814 8830 8831 10297 10674 10719 10720 12431 12505 12663 12976 13205 13207 13208 13414 13416 13632 13745 13771 14040 14050
LI (69):  4 5 6 12 20 26 42 56 998 1501 2028 4582 4583 4587 4602 4631 4957 5342 7903 8160 8259 8265 8269 8443 8590 8593 8596 8597 8598 10287 10288 10294 10358 10667 10717 12353 12354 12362 12365 12375 12389 12427 12638 12639 12640 12646 12648 12749 12750 12901 12902 12903 12905 12906 12948 13055 13056 13065 13119 13189 13191 13407 13409 13690 13722 13736 13739 13740 13761
NODE_NUM = 199
FILE square_sub_52.aig

# Subcircuit 53
SUB_ID 53
LO (42):  4614 4619 7070 7089 7092 7940 7942 11629 11967 12018 12019 12060 12061 12251 12252 12260 12267 12357 12362 12365 12432 12482 12484 12537 12640 12901 12902 12906 13055 13056 13189 13191 13211 13214 13301 13302 15355 15361 15371 15513 15635 16165
LI (66):  4 7 23 34 39 53 56 825 3828 3991 4739 7064 7065 7071 7088 7932 11593 11608 11611 11614 11616 11618 11622 11811 11812 11961 11973 11974 11976 11982 11998 12009 12014 12020 12022 12045 12213 12218 12222 12245 12249 12356 12359 12473 12474 12518 12520 12521 12531 12855 12879 12880 12884 12885 12897 13019 13054 13127 13182 13209 13298 15347 15349 15351 15360 15365
NODE_NUM = 200
FILE square_sub_53.aig

# Subcircuit 54
SUB_ID 54
LO (43):  4757 4869 4877 4894 4898 4959 5017 5057 9071 9164 9446 9448 9452 9453 10032 11786 13478 14831 14888 15014 15240 15241 15399 15411 15448 15586 15756 15921 16077 16228 16370 16517 16659 16793 16918 17048 17126 17160 17280 17285 17396 17503 17505
LI (77):  5 22 26 32 42 43 45 59 586 1098 1459 2335 4201 4755 4756 4895 4897 5055 9447 9451 11781 11782 11784 14765 14768 14775 14776 14779 14828 14880 14885 15058 15078 15079 15080 15103 15222 15224 15234 15391 15393 15400 15404 15405 15406 15508 15529 15571 15572 15573 15609 15743 15915 16069 16070 16223 16224 16363 16364 16510 16511 16651 16652 16788 16789 16911 16912 17041 17042 17152 17153 17275 17276 17388 17389 17498 17499
NODE_NUM = 200
FILE square_sub_54.aig

# Subcircuit 55
SUB_ID 55
LO (52):  5065 5074 5260 5262 5263 5453 5655 5902 5906 6137 6495 6625 6626 6978 7221 7367 7750 8058 8093 8128 8502 8708 8710 8712 8767 8808 8809 9083 9114 9285 9405 9408 9420 9490 9582 9583 9614 9621 9652 9656 10547 12747 12749 12750 12855 12879 12897 12908 13127 13182 13209 14557
LI (85):  7 15 18 19 20 21 24 33 41 44 45 210 228 338 378 745 748 1098 1102 1153 1494 2335 5072 5073 5431 5895 5896 5899 5932 6483 6491 6494 7706 7708 7710 7727 7740 7741 7744 7746 8089 8090 8285 8487 8489 8496 8572 8702 8703 8864 9076 9100 9104 9107 9342 9382 9404 9418 9478 9479 9483 9487 9646 9647 12503 12666 12668 12669 12681 12688 12689 12691 12711 12716 12725 12730 12744 12830 12831 12845 12865 12875 13175 13176 13177
NODE_NUM = 199
FILE square_sub_55.aig

# Subcircuit 56
SUB_ID 56
LO (100):  5284 5288 5295 5315 5346 5350 5351 5397 5398 5400 5416 5622 5932 5933 6181 6564 6669 6673 6804 6952 6956 6974 6977 7188 7195 7198 7442 7453 7454 7471 7538 7545 7547 7660 7662 7663 7664 7665 7669 7670 7685 7688 7741 8002 8089 8090 8152 8211 8214 8263 8494 8572 8590 8593 8598 8652 8700 8759 8762 8855 9005 9100 9106 9177 9226 9311 9312 9333 9355 9359 9418 9771 9772 9794 9800 9814 9818 9874 9894 9945 10288 10513 10890 10906 11331 11888 12354 13739 14932 15415 15830 15942 16032 16151 16268 16616 16727 17637 17733 17741
LI (79):  1 3 6 7 8 9 10 11 14 15 20 22 36 39 41 43 52 53 54 55 56 210 219 246 338 378 479 586 721 1063 1332 3881 4650 5283 5287 5292 5293 5345 5349 5621 6135 6563 6663 6664 6666 6948 6949 6951 6973 7192 7441 7536 7658 7666 7668 7672 7674 7676 7678 8205 8207 8297 8313 8565 8566 8567 8568 8589 8692 8694 8758 9001 9002 9308 9348 9351 9769 9811 13737
NODE_NUM = 198
FILE square_sub_56.aig

# Subcircuit 57
SUB_ID 57
LO (83):  5408 5409 5410 6155 6449 6666 7086 7088 7394 7396 7958 7961 7965 8248 8252 8255 8439 8443 8447 8756 8758 8920 8925 8932 8935 9001 9002 9228 9235 9241 9382 9411 9487 9638 9665 9949 9972 9975 10161 10302 10350 10528 10599 10601 10618 10630 10656 10661 10665 10717 10768 10805 10813 10888 11117 11119 11296 11298 11412 11717 11720 11721 11723 11825 11827 12169 12172 12670 12935 13024 13577 13729 13878 14420 14541 16384 16391 16520 16533 16731 16796 16868 16949
LI (75):  3 7 10 11 16 21 24 39 41 42 43 56 57 58 59 197 210 219 246 338 378 479 586 748 889 893 1494 1692 1904 2464 4137 4650 4867 5342 6980 7076 7081 7085 7384 7386 7391 7903 7960 8061 8246 8247 8436 8441 8749 8915 8919 8922 8926 8928 9221 9224 9226 9882 9947 9948 9958 9962 9968 10158 10313 10328 10331 10334 10337 10585 10590 10598 10611 10615 10658
NODE_NUM = 200
FILE square_sub_57.aig

# Subcircuit 58
SUB_ID 58
LO (27):  5411 7599 7602 7893 7894 8205 13407 13409 13543 13544 13601 13812 15915 16069 16070 16223 16224 16363 16364 16510 16511 16574 16575 16576 16577 16578 16650
LI (57):  8 29 42 51 64 7593 7594 7595 7744 8204 13306 13307 13321 13328 13330 13332 13351 13400 13535 13536 13541 15816 15817 15818 15828 15829 15830 15833 15835 15853 15866 15909 15912 16011 16016 16017 16023 16025 16026 16048 16081 16086 16112 16116 16120 16208 16209 16240 16242 16290 16327 16349 16452 16468 16495 16497 16571
NODE_NUM = 200
FILE square_sub_58.aig

# Subcircuit 59
SUB_ID 59
LO (54):  5448 5451 5899 6134 7954 8313 8319 8486 8487 8496 8657 8915 8919 9107 10206 10257 10562 10611 13175 13176 13177 13298 13431 13527 13535 13536 13541 13690 14074 14076 14077 14182 14186 14189 14222 14226 14368 15207 15816 15817 16011 16016 16017 16116 16253 16256 16260 16303 16662 17210 17508 17658 18001 18202
LI (78):  1 6 9 17 34 37 44 45 52 59 62 848 1057 5447 5947 6133 7470 8182 8218 8300 8303 8305 8307 8309 8494 8906 8908 8910 9106 10192 10193 10196 10201 10202 10256 13155 13158 13159 13161 13163 13174 13263 13268 13269 13282 13284 13285 13289 13533 13662 13669 13671 13687 13857 13964 13967 13998 14002 14023 14032 14040 14057 14068 14181 14190 14193 14218 15759 15767 15770 15785 15788 15815 15922 16005 16014 16252 16254
NODE_NUM = 199
FILE square_sub_59.aig

# Subcircuit 60
SUB_ID 60
LO (39):  5461 5556 5621 5647 6822 6971 6973 7200 7384 7593 10526 10761 12045 12298 12830 12831 13065 13119 13221 13225 13306 13307 13400 13605 13959 14190 14279 14280 14364 14366 14367 14481 14489 14626 14630 14631 14665 16878 17191
LI (74):  9 24 33 36 42 44 47 56 900 1057 1573 2233 4201 6961 6962 6964 6965 7383 7592 10497 10503 10505 10522 12024 12031 12033 12035 12042 12763 12770 12772 12774 12790 12795 12829 13060 13061 13094 13116 13215 13217 13219 13367 13375 13377 13396 13860 13903 13904 13917 13918 13919 13921 13927 13948 13960 14076 14077 14186 14189 14222 14226 14232 14234 14235 14263 14281 14305 14310 14311 14316 14353 14355 14623
NODE_NUM = 192
FILE square_sub_60.aig

# Subcircuit 61
SUB_ID 61
LO (58):  5648 5649 5694 5695 5696 5895 5896 7460 7464 8160 8164 10049 10061 10192 10196 10228 10553 10556 10585 10624 10739 10774 11050 11853 12218 12280 12284 12638 12639 12646 12845 12880 12884 12885 13019 13174 13268 13269 13520 13722 13737 13824 13826 13975 14029 14051 14134 16394 16452 16518 16524 16528 16529 16530 16585 16740 16747 16985
LI (93):  6 7 8 15 16 20 21 38 40 41 44 59 61 284 312 474 479 764 891 1492 1718 3881 4139 5426 5894 7458 8154 8155 8157 10000 10041 10048 10051 10056 10058 10186 10188 10263 10278 10529 10530 10532 10552 10770 10771 11825 11832 11835 11849 11864 12274 12276 12546 12553 12556 12572 12589 12636 12637 12642 12643 12837 12839 12881 12991 12998 12999 13001 13015 13265 13454 13479 13480 13482 13498 13500 13514 13516 13703 13704 13706 13712 13871 16256 16382 16383 16384 16386 16393 16447 16448 16521 16526
NODE_NUM = 198
FILE square_sub_61.aig

# Subcircuit 62
SUB_ID 62
LO (60):  5706 5722 5736 5740 5780 5781 5782 5809 5812 5845 5846 5849 5850 6346 6925 6928 6932 6948 7362 7366 7595 8285 8300 8303 9124 9185 9218 9221 9224 9372 9375 9769 10084 10085 10385 10468 10471 10632 10634 10759 11175 12427 12518 12642 12643 13049 13051 13490 13900 14097 14232 14263 14311 14353 14355 16208 16209 16349 16495 16497
LI (98):  1 2 5 7 12 13 17 18 20 26 28 30 34 46 49 51 197 590 821 1098 1102 1595 1748 2028 3147 3811 4045 4487 4490 4863 5701 5702 5704 5721 5731 5733 5761 5770 5773 5776 5811 6927 6946 7065 7355 7356 7357 7383 8278 8279 8280 8299 9122 9207 9208 9210 9217 9366 9369 9513 9771 10082 10305 10379 10440 10444 10465 10467 10520 10631 12347 12406 12408 12409 12410 12416 12424 13039 13041 13048 13883 13886 13888 13890 13946 14013 14250 14260 14352 16164 16165 16173 16176 16189 16202 16336 16346 16494
NODE_NUM = 199
FILE square_sub_62.aig

# Subcircuit 63
SUB_ID 63
LO (42):  5861 5866 5925 5944 5947 5948 5950 6064 6068 6080 6081 6083 6114 6231 6232 6266 6441 9346 9645 14181 14281 14305 14310 14460 14635 14639 14641 14652 14736 14739 14844 14846 14880 15001 15057 15058 15078 15079 15234 15242 16172 16173
LI (91):  5 6 18 36 38 46 47 48 721 1056 1057 3149 3607 4139 5758 5765 5769 5832 5949 6019 6020 6039 6041 6050 6051 6229 6260 6261 6264 6438 9333 9342 9345 9632 9641 9644 9682 14081 14122 14131 14132 14140 14155 14158 14159 14162 14167 14182 14298 14429 14436 14438 14440 14456 14489 14535 14562 14565 14568 14570 14583 14589 14591 14609 14630 14631 14699 14713 14714 14715 14727 14729 14735 14845 14997 14998 15005 15006 15007 15008 15012 15013 15015 15033 15048 15053 15068 15069 15071 16168 16170
NODE_NUM = 199
FILE square_sub_63.aig

# Subcircuit 64
SUB_ID 64
LO (57):  6117 6124 6138 6206 6251 6252 6327 6328 7264 7375 7383 7417 7437 7692 7706 7911 7914 8278 8280 8589 8779 8877 9050 9178 9369 9409 9410 9882 9886 10520 10522 10948 11148 11193 11278 11427 11475 11557 11559 11661 11911 11941 11957 12213 12222 12226 12233 12466 13507 14527 15471 15799 15977 16315 16763 17302 18389
LI (85):  11 13 14 15 16 18 35 37 45 48 49 54 56 61 210 378 479 586 721 748 1490 1573 1845 1904 3811 6115 6123 6135 6148 6197 6198 6264 6661 7432 7434 7705 7906 8277 8568 8581 8586 8774 8776 8876 9368 9876 9877 9878 10513 10515 10516 10903 10911 10914 10927 10944 11133 11136 11273 11274 11281 11379 11384 11391 11394 11401 11402 11404 11406 11423 11471 11472 11548 11553 11861 11895 11898 11901 11902 11903 11905 11910 11930 11931 11934
NODE_NUM = 185
FILE square_sub_64.aig

# Subcircuit 65
SUB_ID 65
LO (76):  6255 6256 6381 6384 6390 6491 6494 6565 6566 6747 6748 6824 6949 7357 7385 7386 7594 8009 8013 8031 8220 8505 8871 9116 9208 9210 9366 9696 9702 9888 9893 9897 9923 10379 10409 10865 10868 11032 11136 11340 11442 11443 11553 11608 11611 11614 11749 11895 11898 11901 11931 11976 12389 12520 12521 12829 13039 13041 13060 13061 13116 13263 13289 13327 13332 13696 13701 14003 14401 14760 15544 15686 16953 17523 17804 17917
LI (89):  14 19 20 22 34 35 41 49 50 51 52 59 210 219 338 378 479 586 721 745 748 889 891 893 1098 1153 1490 1492 1494 1514 1573 1692 2028 2233 2332 2335 2924 3530 3811 5032 6354 6380 6385 6387 6489 7592 8004 9656 9692 9694 9700 9818 9887 9889 10860 10861 11013 11020 11023 11024 11135 11320 11323 11324 11325 11333 11597 11598 11599 11607 11707 11711 11712 11743 11746 11887 11890 12373 12382 12809 12814 12817 12862 12926 13057 13103 13110 13325 13694
NODE_NUM = 200
FILE square_sub_65.aig

# Subcircuit 66
SUB_ID 66
LO (60):  6261 6295 6296 6344 6378 6387 6405 6436 6563 6946 7192 8578 8581 8858 8864 8867 9207 9460 9832 9833 10000 10015 10018 11106 11112 11273 11674 11743 11746 12120 12123 12269 12345 12347 12353 12445 12589 12597 12636 12637 12648 12763 12839 12875 13093 13094 13103 13137 13141 13241 13356 13651 13653 15842 16185 16548 16554 16726 17762 17969
LI (87):  2 3 4 7 17 20 27 28 29 30 31 35 37 44 46 47 49 51 52 64 213 590 650 1857 2028 2776 3110 5869 5886 5949 6386 7191 8580 8857 8862 9196 9198 9200 9442 9457 9828 9993 10014 10455 10886 11093 11096 11098 11100 11102 11663 11670 11673 11730 11737 11740 12062 12071 12072 12084 12091 12092 12095 12112 12333 12336 12337 12339 12344 12346 12577 12579 12584 12596 12602 12616 12629 12634 12677 12751 12753 12754 12756 12914 12942 13090 13130
NODE_NUM = 200
FILE square_sub_66.aig

# Subcircuit 67
SUB_ID 67
LO (68):  6452 6466 6489 6514 6521 6592 6618 6621 6624 6628 6629 6640 6649 6661 6663 6664 6677 6961 7081 7085 7262 7391 7441 7689 7923 8489 8703 9175 9176 9347 9348 9641 9644 9821 9824 11423 11566 11781 11784 11963 12071 12072 12424 12751 13948 14406 15203 15222 15224 15360 15391 15393 15529 15608 15609 15669 15670 15885 16152 16436 16809 17498 17499 17506 17574 17575 17587 17680
LI (101):  1 6 7 8 9 10 11 13 18 30 36 42 44 46 47 48 49 53 59 338 474 721 1334 1490 1492 1846 1857 2115 3442 4045 4168 4201 4735 5313 5667 6487 6520 6616 6622 6623 6648 6676 7080 7237 7732 8204 9634 9638 9807 9814 9815 9818 11317 11391 11411 11412 11413 11420 11775 11777 12064 12065 12069 13942 13943 13946 14400 14401 14404 15106 15125 15183 15184 15201 15202 15205 15207 15361 15381 15382 15387 15513 15517 15518 15605 15658 15664 16924 17398 17437 17444 17452 17455 17459 17460 17492 17497 17572 17674 17676 17678
NODE_NUM = 196
FILE square_sub_67.aig

# Subcircuit 68
SUB_ID 68
LO (46):  6676 6691 6722 6778 6805 6808 6821 6835 6901 6941 7290 9798 9803 9807 11013 11015 11905 11910 12135 12373 12375 14997 14998 15068 15349 15374 15571 15572 15573 15743 15909 15912 17437 17566 17570 17613 17614 17622 17753 17754 17867 17925 17926 18046 18113 18118
LI (81):  10 16 21 35 50 53 55 56 1516 1573 1692 1919 1943 2233 2863 3147 3607 6367 6371 6690 6804 6833 6892 6893 6898 6899 6918 6937 7188 9103 9350 9794 9800 9801 11004 11007 12368 12369 14923 14930 14932 14934 14948 14995 15060 15065 15337 15371 15535 15565 15567 15669 15670 15739 15908 17410 17417 17418 17420 17433 17507 17516 17531 17534 17537 17538 17540 17545 17558 17721 17745 17748 17862 17863 17888 17924 17968 18011 18012 18030 18040
NODE_NUM = 196
FILE square_sub_68.aig

# Subcircuit 69
SUB_ID 69
LO (41):  6909 6918 6931 6951 7710 7960 8305 9634 10307 10313 10317 10667 10814 10886 10897 11024 11124 11169 11170 11599 12610 17041 17042 17152 17153 17275 17276 17388 17389 17398 17492 17497 17507 17572 17742 17745 17748 17829 17832 17934 18003
LI (80):  10 12 13 18 24 43 44 51 53 57 58 246 748 818 1492 3134 4735 5313 6912 6916 6930 7432 7468 7732 10304 10306 10310 10661 10663 10665 10888 10891 10894 10942 11721 16861 16919 16945 16948 16949 16952 16953 16964 16968 17036 17069 17079 17085 17087 17146 17148 17183 17186 17238 17239 17248 17267 17282 17283 17307 17310 17317 17318 17320 17347 17350 17351 17361 17379 17380 17381 17479 17480 17486 17732 17733 17735 17741 17823 17825
NODE_NUM = 197
FILE square_sub_69.aig

# Subcircuit 70
SUB_ID 70
LO (70):  6986 7076 7080 7115 7119 7191 7432 7468 7476 7784 7822 8069 8206 8207 8234 8568 9103 9104 9336 9342 9345 9682 9683 9730 10121 10405 11302 11320 11323 11362 11700 11702 12333 12336 12531 12706 12881 12920 12942 12948 12991 13110 13149 13284 13285 13384 13385 13389 13390 13396 13712 13943 14340 14567 14776 14954 14995 15065 15103 15315 15337 16940 17211 17307 17310 17531 17534 17537 18050 18172
LI (88):  2 15 19 23 24 29 30 31 41 42 46 47 49 54 55 57 59 197 1477 1514 1516 1702 1718 2115 4784 5311 6467 6980 6985 7472 7725 8063 8907 9339 9340 9687 9721 9723 9746 9949 11296 11298 11300 11319 11361 11692 11694 11696 12317 12321 12323 12326 12528 12700 12929 12932 12933 12935 12939 12980 12981 12984 12986 13049 13388 13391 13394 13704 13709 14946 14974 14977 14980 14981 14983 14985 15085 15097 17293 17300 17302 17304 17520 17521 17522 17523 17529 17530
NODE_NUM = 199
FILE square_sub_70.aig

# Subcircuit 71
SUB_ID 71
LO (51):  7150 7186 7201 7208 7216 7225 9198 10256 10497 10663 10734 11133 11274 11333 11413 11607 11737 11740 11819 12024 12382 12711 12986 13367 13618 13786 13787 14014 14086 14131 14132 14298 14316 14399 14404 14591 16194 16202 16336 16494 16651 16652 16788 16789 16794 16815 16864 16865 16910 17014 18592
LI (83):  5 6 21 25 32 35 48 51 52 59 63 816 1718 1904 2593 2863 2924 5667 5849 6197 7149 7207 7224 10490 10491 10725 10730 11129 11331 11605 11641 11726 11731 11732 12380 12705 12706 12709 12981 12985 13349 13356 13359 13361 13376 13783 14011 14013 14083 14088 14089 14106 14108 14119 14120 14122 14124 14129 14208 14394 14396 16173 16486 16491 16574 16575 16576 16577 16593 16595 16597 16604 16607 16620 16625 16635 16650 16676 16704 16710 16721 16773 16776
NODE_NUM = 200
FILE square_sub_71.aig

# Subcircuit 72
SUB_ID 72
LO (68):  7224 7234 7254 7256 7355 7356 7368 7410 7413 7470 7472 7536 7607 7658 8017 8436 8719 9156 9159 9521 10944 11125 11588 11593 11597 12323 12326 12621 12622 12626 13883 13886 13990 14129 14260 14352 14490 14623 14788 14856 15107 15156 15290 16005 16086 16112 16120 16240 16242 16447 16448 16526 16620 16679 16710 16861 16911 16912 16919 16964 17175 17318 17623 17624 18153 18154 18157 18374
LI (91):  1 5 10 13 14 18 19 21 23 26 31 37 39 40 44 50 54 57 63 818 1367 1573 1718 1919 2332 3828 4201 4424 4645 4739 5910 7233 7246 7353 7406 7408 7471 8015 8434 8594 8771 9150 9153 9519 10491 10938 10940 10942 13869 13877 13878 13880 13975 13977 13979 13980 13993 14255 14257 14345 14348 14619 14626 15924 15955 15982 15985 15987 15988 16039 16093 16099 16103 16232 16236 16444 16523 16524 16609 16612 16616 16706 16707 16794 16846 16848 16852 16902 16903 16904 16910
NODE_NUM = 200
FILE square_sub_72.aig

# Subcircuit 73
SUB_ID 73
LO (69):  7666 7672 7676 7705 7708 7725 7727 7732 7734 7740 7744 7917 8168 8246 9196 9368 9412 9876 9877 10278 10280 10328 10331 10334 10891 10894 11090 11093 11096 11319 11348 11352 11849 12064 12065 12200 12380 12438 12473 12511 12584 12634 13375 13376 13377 13580 13581 13654 13656 13669 13671 13977 14023 14250 14378 14775 14779 14904 14981 15060 15080 15414 15616 15658 15908 15922 15924 17400 17830
LI (97):  4 12 13 18 19 21 24 27 28 29 34 35 40 43 45 46 47 48 52 57 590 818 1477 1490 1547 1718 2335 2776 2967 4045 4090 4615 4645 4972 7663 7665 7669 7670 7719 7720 7736 7905 8167 9195 9874 10271 10277 10317 10318 10320 10327 10890 11079 11080 11082 11089 11313 11315 11317 11341 11832 11837 11839 11844 11846 11883 12095 12177 12181 12183 12185 12187 12468 12469 12610 13370 13371 13373 13653 13663 13665 14015 14016 14769 14771 14805 14822 14901 14905 15640 15643 15650 15652 15884 15885 15892 15893
NODE_NUM = 199
FILE square_sub_73.aig

# Subcircuit 74
SUB_ID 74
LO (79):  7736 7813 7906 7916 7969 7973 7977 7979 8191 8434 8450 8529 8906 8907 8908 8909 8910 9063 9074 9076 9150 9339 9428 9431 9442 9588 9589 9740 9743 9746 10320 10825 11067 11206 11387 11420 11476 11832 11835 12177 12181 12549 13077 13078 13080 13312 13317 13319 13321 13706 13709 13906 13908 14083 14436 14440 14589 14771 14847 16164 16236 16519 16741 16824 17102 17529 17704 17900 18122 18138 18185 18193 18218 18220 18252 18327 18383 18528 18614
LI (84):  1 3 4 6 10 14 15 22 37 38 48 54 58 60 61 62 197 210 219 246 300 748 816 821 891 1077 1102 1492 1494 4139 4615 5194 5557 7468 7905 7965 7970 7974 7976 8905 9062 9066 9070 9071 9074 9433 9438 9455 9739 10815 10816 10818 10852 10925 11827 11829 12171 12172 12174 13308 13315 13317 13320 14404 14425 14433 16134 16137 16141 16144 16160 18047 18055 18058 18067 18072 18108 18113 18118 18135 18184 18211 18212 18213
NODE_NUM = 193
FILE square_sub_74.aig

# Subcircuit 75
SUB_ID 75
LO (82):  7976 7986 7997 8004 8015 8061 8063 8154 8155 8157 8167 8174 8182 8183 8448 8538 8771 8774 8776 8939 9065 9066 9132 9451 9455 9457 9962 10048 10186 10529 10530 10818 11707 11711 11829 12112 12174 12274 12288 12289 12790 12998 13001 13090 13254 13255 13282 13451 13454 13480 13498 13500 13533 13593 13704 13877 13880 14119 14122 14208 14218 14234 14235 14411 14418 14425 14429 14505 14509 14510 15188 15449 15719 15815 16023 16048 16081 16739 17128 17988 18089 18141
LI (100):  2 6 9 13 23 26 32 33 35 51 52 58 59 60 61 210 338 378 431 479 745 748 889 893 1098 1494 1573 1692 1813 1919 2115 3110 3303 3442 3828 4615 4645 4865 5084 5313 5426 7115 7975 7984 7991 7992 7993 7995 8002 8152 8153 8172 8773 9448 9452 9454 9960 10528 12035 12105 12109 12781 12784 12992 12993 12997 13013 13077 13082 13087 13093 13152 13246 13247 13445 13446 13447 13492 13493 13870 13872 13913 14116 14198 14199 14200 14206 14215 14415 14417 14419 14420 14503 14508 15797 15799 15801 15812 15851 16041
NODE_NUM = 199
FILE square_sub_75.aig

# Subcircuit 76
SUB_ID 76
LO (42):  8186 8204 11401 11663 13226 13761 13871 13872 13942 13946 14057 14193 14215 14342 14345 14348 14562 14565 14699 14713 14946 14948 15033 15085 15125 15183 15184 15365 17238 17239 17347 17379 17479 17480 17486 18213 18371 18421 18425 18426 18460 18465
LI (75):  19 27 29 30 32 41 43 48 53 56 57 60 2602 4090 5296 6923 7958 11400 12410 13732 13745 13752 13755 13936 13938 14053 14054 14330 14331 14332 14341 14537 14543 14561 14694 14695 14697 14708 14710 14942 15025 15030 15115 15117 15119 15121 15132 15167 15181 17202 17203 17205 17212 17231 17236 17339 17340 17374 17375 17477 18324 18325 18338 18345 18347 18355 18362 18367 18381 18388 18389 18391 18398 18408 18423
NODE_NUM = 190
FILE square_sub_76.aig

# Subcircuit 77
SUB_ID 77
LO (49):  8217 8226 8259 8265 8269 8279 8297 8299 8307 8455 8468 11777 13217 13444 13803 13804 16167 16168 16189 16316 16846 16924 16945 16948 16968 17036 17069 17079 17146 17148 17236 17248 17267 17361 17520 17852 17854 17888 17924 17948 18011 18012 18030 18047 18108 18184 18256 18314 18367
LI (90):  22 25 40 41 45 46 49 50 54 56 60 228 590 650 1098 1904 2622 3828 5020 5219 5264 6923 7664 8225 8263 8264 8290 8293 8466 13434 13435 13436 13572 16184 16185 16187 16392 16796 16798 16800 16816 16818 16829 16841 16842 16921 16922 16923 16944 16976 16997 17003 17030 17061 17066 17075 17076 17141 17142 17259 17260 17508 17516 17519 17794 17799 17805 17810 17811 17851 17884 17885 17908 17915 17917 17919 17938 17944 17975 18010 18021 18026 18103 18104 18180 18185 18246 18252 18309 18310
NODE_NUM = 199
FILE square_sub_77.aig

# Subcircuit 78
SUB_ID 78
LO (46):  8474 8504 8514 8565 8566 8580 8586 8596 8692 8702 8727 8749 10852 10854 14828 14885 16571 16676 16721 16848 16902 16903 16904 16976 17202 17231 17374 17375 17477 17794 17805 18067 18135 18246 18309 18310 18362 18408 18423 18427 18631 18650 18661 18670 18676 18678
LI (82):  4 12 22 39 45 48 50 53 59 64 335 378 745 816 1702 3504 5667 7662 7664 8472 8473 8503 8513 8563 8564 8584 8585 8726 8748 9785 10443 10845 12558 14794 14801 14802 14805 14824 16407 16518 16532 16535 16536 16558 16563 16663 16665 16670 16864 16865 16892 17179 17193 17224 17228 17367 17368 17372 17804 18019 18061 18126 18127 18132 18138 18225 18235 18237 18276 18301 18334 18347 18594 18617 18624 18628 18640 18655 18656 18664 18666 18671
NODE_NUM = 199
FILE square_sub_78.aig

# Subcircuit 79
SUB_ID 79
LO (43):  8748 8857 8862 8868 8869 8887 8905 8928 8946 8986 9062 9438 9716 9748 9873 10056 10201 10202 10631 12281 15446 15451 17293 17410 17459 17460 17558 17650 17721 17732 17774 17810 17811 17862 17863 18180 18237 18469 18513 18549 18584 18613 18628
LI (89):  2 5 6 7 15 16 44 47 48 51 57 58 60 61 62 228 590 889 2622 3811 5557 5949 6253 8439 8855 8927 8944 8945 9063 9709 9710 9742 9743 9746 9864 9868 9869 9986 13312 13463 15109 15444 17285 17287 17337 17400 17402 17404 17420 17447 17455 17643 17646 17704 17705 17716 17717 17722 17723 17725 17728 17860 18141 18148 18151 18160 18176 18391 18425 18426 18436 18443 18446 18460 18465 18478 18481 18486 18487 18491 18500 18520 18532 18539 18576 18577 18578 18605 18606
NODE_NUM = 197
FILE square_sub_79.aig

# Subcircuit 80
SUB_ID 80
LO (63):  9134 9153 9162 9183 9200 9737 9739 9863 9864 9868 10258 10259 11391 11394 11631 11641 11643 11930 12080 12084 12130 12134 12239 12465 12553 12555 13434 14116 14415 14491 14493 14786 14802 14983 15136 15288 15319 15508 15565 15567 15605 15739 15818 15828 15829 15884 16407 17019 17084 17418 17676 17893 18576 18605 18606 18624 18640 18652 18653 18655 18656 18664 18666
LI (76):  3 10 12 24 26 27 38 49 51 54 58 61 62 63 64 197 219 228 246 300 376 474 721 889 958 1077 1919 2776 4139 5667 9160 9161 9181 9428 9738 11389 11633 11640 11911 11918 11920 11923 11924 11941 12075 12126 12128 12551 13432 14114 15245 15246 15248 15267 15282 15284 15308 15457 15494 15537 15538 15561 15602 15608 15690 15695 15731 15825 17797 18560 18573 18596 18597 18633 18634 18654
NODE_NUM = 199
FILE square_sub_80.aig

# Subcircuit 81
SUB_ID 81
LO (81):  9217 9351 9357 9402 9404 9454 9478 9479 9513 9517 9519 9632 9646 9647 9653 9663 9680 9685 9691 9692 9700 9709 9710 9721 10271 10305 10306 10365 10658 10826 10845 10871 10938 10942 11353 11411 11618 11640 11670 11673 11731 11856 11883 11887 11979 12042 12171 12317 12321 12558 12572 12616 12688 12691 12837 12862 12865 12980 12981 12985 13054 13087 13265 13516 13703 13736 13740 13919 13979 14568 14609 14619 14695 14852 15302 16535 17224 17228 17444 17583 17722
LI (120):  6 8 9 12 15 17 18 22 25 27 28 32 33 40 41 44 45 48 50 57 58 59 64 1153 1573 1718 1904 2028 2305 2335 2464 2596 2863 3828 4139 4201 4530 4599 4615 4645 5020 5084 5426 5557 5857 6148 7065 7690 8293 9125 9187 9215 9216 9350 9395 9396 9397 9453 9505 9506 9511 9513 9516 9684 9688 9689 9698 9699 9708 10270 10443 10655 10656 10844 10934 10935 11639 11668 11700 11877 11981 12169 12311 12313 12553 12562 12563 12569 12608 12610 12682 12684 12691 12774 12858 12859 12979 12984 13030 13033 13051 13511 13514 13697 13699 13701 13724 13732 13735 14567 14604 14605 14614 14615 16533 17221 17227 17304 17320 17523
NODE_NUM = 195
FILE square_sub_81.aig

# Subcircuit 82
SUB_ID 82
LO (54):  9742 9811 9878 9947 9948 9960 9968 9982 9986 9993 10011 11429 11692 12311 13463 13472 13687 13724 13755 14016 14371 14374 14377 14765 14768 14901 14974 14977 14980 15132 15457 15602 15640 15643 15664 15731 15759 15812 15825 15893 16014 16137 16141 16144 16290 16346 16444 16458 16468 16491 16563 16583 16584 16586
LI (86):  3 12 18 19 22 27 29 33 37 40 41 43 52 54 55 63 748 818 1547 2332 2776 3147 4530 4615 4737 5313 5426 6450 6486 6952 7188 7453 9740 9945 9946 9966 9967 9978 9979 13462 13678 13680 13683 14697 14747 14751 14752 14753 14761 14965 14969 15203 15425 15429 15433 15451 15453 15552 15593 15595 15627 15631 15636 15700 15707 15710 15724 15725 15726 15822 16130 16135 16136 16158 16260 16264 16269 16286 16425 16428 16429 16431 16437 16456 16462 16581
NODE_NUM = 197
FILE square_sub_82.aig

# Subcircuit 83
SUB_ID 83
LO (64):  10041 10043 10051 10082 10188 10193 10270 10277 10287 10294 10304 10310 10552 10770 10771 11668 12596 12700 12705 12709 12814 12926 12929 12932 13057 13308 13732 13735 14120 14140 14155 14158 14330 14503 14614 14615 14747 14751 15982 15985 16099 16135 16232 16308 16882 16997 17066 17075 17076 17193 17545 17659 17797 17799 18176 18301 18324 18325 18355 18398 18478 18481 18520 18573
LI (95):  8 9 13 20 22 23 24 25 27 35 36 37 46 48 51 55 57 58 59 60 61 64 335 338 1573 1692 2307 2332 5020 5084 5262 5449 7188 8937 9428 9582 9585 10032 10033 10037 10275 10276 10302 10303 10543 10549 10665 11631 11666 11888 12595 12698 12699 12811 12918 12920 13726 13729 14135 14152 14154 14454 14741 15945 15956 15963 15977 15979 15981 16302 16303 16306 16384 16942 16977 16979 16986 16992 16993 17191 17796 18171 18172 18174 18205 18280 18282 18296 18298 18318 18322 18472 18474 18515 18517
NODE_NUM = 199
FILE square_sub_83.aig

# Subcircuit 84
SUB_ID 84
LO (58):  10327 10337 10358 10362 10455 10465 10467 10474 10490 11313 11317 11782 12092 12408 12416 13015 13432 13435 13869 13980 14255 14257 14561 14570 14708 14710 14769 14969 15109 15115 15325 15494 15517 15518 15593 15595 15797 15858 15866 15945 15955 16093 16103 16264 16429 16765 16767 16892 16935 17003 17030 17141 17142 17431 17433 17819 17822 18326
LI (84):  16 19 20 22 23 26 27 28 30 31 40 42 43 44 45 46 47 49 52 53 54 55 63 821 2464 3607 5262 5313 5409 5557 5714 6952 7188 7662 9446 9634 10325 10335 10336 10351 10356 10456 10460 10464 10472 10473 11307 11308 12597 13010 13013 14553 14558 14569 14707 15108 15175 15319 15421 15475 15477 15491 15514 15925 15927 15930 15934 15938 15941 15942 15945 15952 16262 16694 16756 16757 16764 16876 16877 16878 16882 17023 17026 17138
NODE_NUM = 198
FILE square_sub_84.aig

# Subcircuit 85
SUB_ID 85
LO (67):  10503 10505 10515 10532 10543 10549 10560 10655 10725 10730 10753 10815 10816 11633 12809 12811 12914 12918 13371 13663 14752 14824 15202 15351 15627 15767 15770 15892 15952 16025 16026 16136 16486 16597 16635 16670 17339 17516 17519 17663 17716 17717 17938 17975 18010 18072 18103 18104 18132 18205 18211 18225 18276 18322 18345 18347 18388 18391 18443 18446 18472 18486 18487 18515 18517 18526 18530
LI (97):  8 9 14 16 32 36 37 43 45 50 55 56 60 61 62 64 378 721 748 889 1919 2115 3811 3828 4187 4201 4739 5714 6952 7664 8248 8439 9428 9431 10498 10547 10548 10597 10599 10813 10814 12799 12800 12808 12909 14418 14818 14819 14822 15617 15621 15762 15763 15782 15887 15889 16284 16630 16631 17333 17334 17337 17511 17512 17654 17660 17678 17902 17919 17928 17929 17935 17969 17986 17988 17990 17996 17997 18001 18004 18007 18092 18099 18148 18196 18204 18222 18270 18271 18339 18340 18382 18383 18440 18484 18498 18525
NODE_NUM = 200
FILE square_sub_85.aig

# Subcircuit 86
SUB_ID 86
LO (77):  10828 10835 10844 10911 10914 10925 10927 10934 10987 10990 11004 11023 11033 11035 11079 11251 11252 11355 11400 11404 11694 11877 11918 12075 12091 12095 12369 12684 12784 12858 12859 13048 13152 13155 13158 13159 13229 13388 13479 13665 13938 14152 14154 14381 14454 14456 14605 14923 14930 14934 15097 15117 15245 15381 15782 15785 15788 15938 15987 15988 16039 16041 16134 16158 16160 16262 16296 16302 16306 16456 16625 16704 16841 16842 18204 18493 18497
LI (103):  7 11 15 21 24 26 29 33 34 36 38 46 49 50 53 54 55 56 60 61 63 64 889 891 893 1102 1904 1919 2332 2335 2622 3353 3811 4139 4184 4615 5262 5409 5557 6450 6822 6952 7453 7662 10833 10834 10906 10909 10918 10919 10980 10984 10986 11067 11075 11078 11250 11396 11397 12074 12088 12627 13047 13141 13142 13143 13151 13386 13478 13580 13653 14147 14448 14450 14912 14915 14927 14961 15093 15094 15188 15243 15688 15772 15773 15781 15936 16030 16032 16122 16130 16133 16153 16295 16298 16322 16458 16682 16684 16696 16701 16838 18202
NODE_NUM = 195
FILE square_sub_86.aig

# Subcircuit 87
SUB_ID 87
LO (77):  11075 11078 11080 11082 11089 11100 11129 11160 11161 11250 11307 11308 11384 11389 11396 11397 11402 11437 11471 11472 11598 11616 11622 11639 11677 11722 11730 11839 12546 12770 12774 12799 12808 13142 13351 13482 14199 14508 14535 14707 14727 14729 14961 14965 15030 15181 15284 15347 15387 15514 15617 15724 15725 15726 15801 15822 16322 16327 16382 16462 16609 16630 16631 16757 17112 17138 17183 17186 17203 17259 17260 17334 17340 17372 17511 17512 18438
LI (115):  9 11 12 17 25 27 34 35 38 41 42 43 52 55 56 58 59 60 61 62 63 64 376 431 479 818 891 1098 1100 1490 1692 1904 2233 2633 2863 3828 4645 4739 5020 5262 5409 5557 5714 6952 7662 7958 8909 9336 9428 9431 10906 10955 10958 11073 11087 11088 11117 11119 11124 11125 11127 11157 11387 11436 11717 11721 11726 11729 12767 12807 13312 13345 13347 13349 14502 14505 14509 14511 14531 14723 14724 14955 14956 14957 15138 15142 15159 15161 15177 15195 15278 15280 15282 15616 15712 15713 15714 15722 16311 16312 16317 16321 16371 16374 16376 16394 16461 17059 17107 17118 17121 17124 17126 17128 17182
NODE_NUM = 200
FILE square_sub_87.aig

# Subcircuit 88
SUB_ID 88
LO (96):  11726 11729 11732 11775 11837 11855 11890 11902 11903 11923 11934 12014 12031 12035 12074 12088 12105 12109 12126 12137 12144 12162 12164 12185 12245 12276 12313 12337 12339 12356 12359 12368 12410 12474 12577 12579 12682 12756 12767 12933 12979 12992 13161 13315 13330 13359 13436 13445 13511 13514 13572 13576 13918 14200 14331 14332 14433 14448 14502 14723 14724 14818 14822 15243 15278 15282 15429 15650 15652 15700 15707 15710 15772 15887 15889 15979 15981 16431 16523 16612 16756 16816 16818 16942 16944 17059 17061 17110 17447 17452 17455 17576 18061 18334 18338 18633
LI (124):  13 15 17 22 23 26 28 30 32 36 40 43 44 46 47 48 49 50 52 53 54 55 57 58 62 63 64 479 893 1102 1153 1334 1492 1494 1573 1718 2233 2305 2332 2335 2863 3110 3147 3353 3645 3811 4611 4739 4865 5020 5084 5219 5313 5345 5409 5667 5714 6251 6952 7188 7453 7660 7664 9106 9428 9785 10906 11430 11518 11720 11722 11723 11766 11767 11854 11888 11889 11932 12026 12028 12108 12143 12155 12159 12160 12226 12233 12239 12765 13313 13508 13567 14431 14492 14493 14494 14529 14815 15275 15427 15644 15645 15702 15704 15886 15973 15978 16524 16807 16810 16815 16935 16941 17051 17052 17058 17107 17109 17126 17445 17446 18328 18329 18331
NODE_NUM = 199
FILE square_sub_88.aig

# Subcircuit 89
SUB_ID 89
LO (88):  12406 12409 12468 12469 12528 12551 12556 12562 12569 12608 12627 12629 12677 12681 12698 12699 12754 12765 12800 12807 12817 12909 12984 12993 13010 13013 13030 13033 13082 13143 13151 13246 13247 13313 13320 13328 13345 13347 13349 13370 13373 13386 13391 13394 13447 13462 13492 13560 13606 13783 13870 14553 14569 14741 14955 15138 15195 15201 15275 15382 15722 15886 16130 16133 16298 16386 16536 16977 17107 17109 17522 17705 17851 17902 17908 17944 17997 18026 18171 18174 18235 18270 18271 18331 18560 18594 18596 18597
LI (126):  13 14 15 16 18 19 20 26 28 29 31 35 41 42 46 47 48 53 57 58 59 60 61 62 63 64 748 889 893 998 1098 1102 1490 1492 1547 1573 2115 2622 3147 3591 4139 4615 4645 5032 5084 5296 5557 5667 5714 6450 6962 7188 7662 7958 8439 8909 8937 9431 9737 9785 9863 10906 12130 12465 12466 12549 12555 12568 12607 12621 12622 12626 12670 12671 12815 12816 12907 12908 13024 13078 13080 13137 13149 13150 13312 13319 13327 13342 13368 13369 13384 13385 13389 13390 13446 13461 13490 13491 13556 13557 14551 14954 15136 15185 15190 15198 15274 15720 16128 17102 17103 17742 17835 17838 17893 17894 17901 17904 18168 18230 18232 18267 18530 18585 18586 18593
NODE_NUM = 194
FILE square_sub_89.aig

# Subcircuit 90
SUB_ID 90
LO (77):  13493 13508 13556 13557 13567 13662 13678 13680 13694 13697 13726 13890 13913 13917 13927 13998 14002 14013 14015 14032 14053 14054 14088 14106 14108 14114 14135 14147 14159 14162 14198 14206 14341 14394 14396 14529 14531 14801 14805 14819 14915 15119 15142 15714 15763 15925 15927 16122 16128 16284 16286 16425 16428 16558 16581 16604 16607 16663 16665 16694 16696 16701 16807 16829 16992 16993 17643 17646 17768 17860 17915 17919 18148 18151 18196 18340 18474
LI (123):  19 20 21 28 31 32 33 34 35 37 40 41 48 49 50 51 52 56 57 58 61 62 64 1153 1334 1494 2115 2305 2489 2596 2622 2863 3147 3353 3591 3645 3828 4201 5557 5667 5849 6251 6255 6381 6565 7468 8503 8578 9737 9863 9888 10049 11631 13317 13332 13507 13565 13566 13650 13651 13654 13656 13696 13701 13906 13908 13913 13916 13921 13926 13968 13995 13996 14003 14014 14029 14050 14051 14097 14099 14103 14104 14133 14134 14145 14146 14339 14340 14520 14522 14528 14795 14796 15141 16126 16277 16280 16283 16410 16413 16416 16548 16549 16555 16583 16602 16662 16682 16687 16825 16874 17629 17630 17632 17637 17639 17763 17765 17909 17911 18143 18144 18194
NODE_NUM = 200
FILE square_sub_90.aig

# Subcircuit 91
SUB_ID 91
LO (90):  14400 14431 14438 14450 14492 14494 14511 14520 14528 14537 14543 14551 14558 14604 14694 14697 14753 14761 14794 14795 14796 14815 14927 14942 14956 14957 15025 15108 15141 15159 15161 15175 15177 15190 15198 15246 15248 15300 15421 15425 15427 15482 15487 15561 15621 15695 15702 15936 16170 16312 16374 16602 16773 16776 16852 16874 16876 16979 16986 17052 17103 17205 17221 17300 17304 17317 17320 17333 17337 17632 17725 17796 17894 17909 17911 17928 17929 17982 17986 17990 18082 18168 18258 18259 18329 18339 18382 18439 18585 18586
LI (119):  24 25 26 29 30 33 34 38 39 40 42 44 45 46 47 49 51 55 56 58 60 61 62 63 64 1367 1718 1904 2233 2332 2335 2464 2622 2633 2776 2924 3110 3442 3530 4045 4090 4201 4615 4645 4735 4739 5020 5084 5219 5426 5849 6163 6251 6253 6255 6381 7188 7453 7468 9063 9065 9228 9428 9431 9737 9863 10049 11631 11721 12345 13463 13943 14399 14490 14491 14510 14526 14527 14541 14557 14602 14603 14691 14759 14760 14786 14788 14791 14793 15021 15107 15152 15156 15157 15168 15169 15188 15265 15291 15416 15554 15620 16601 16738 16745 16747 16749 16767 16772 16868 16869 16985 17294 17296 17314 17327 17328 17983 18166
NODE_NUM = 196
FILE square_sub_91.aig

# Subcircuit 92
SUB_ID 92
LO (99):  15265 15267 15274 15291 15304 15416 15433 15444 15453 15475 15477 15491 15552 15554 15620 15631 15636 15644 15645 15688 15690 15704 15712 15713 15720 15762 15773 15781 15833 15851 15853 15963 15973 15978 16030 16126 16153 16176 16184 16187 16252 16254 16269 16277 16280 16283 16295 16311 16317 16321 16383 16393 16410 16413 16416 16437 16461 16521 16532 16549 16555 16593 16595 16601 16682 16684 16687 16706 16707 16734 16735 16736 16772 16798 16877 16923 17287 17294 17314 17417 17420 17446 17538 17540 17630 17654 17674 17678 17723 17735 18055 18058 18092 18126 18127 18166 18194 18212 18280
LI (150):  27 31 32 34 36 37 38 43 47 49 50 52 53 56 57 58 59 60 62 64 2028 2489 2863 2924 3147 3353 3530 3645 3803 3811 3828 4090 4139 4201 4530 4615 5020 5219 5262 5409 5426 5667 6251 6253 6255 6381 6565 7453 7455 7538 7662 7664 7734 7958 8206 8439 8486 8503 8506 8578 8858 8909 9063 9065 9228 9394 9785 9863 9888 10557 10906 11631 11721 14541 15258 15259 15289 15290 15355 15414 15415 15446 15448 15449 15451 15452 15469 15470 15471 15482 15487 15543 15544 15635 15682 15685 15686 15719 15779 15780 15842 15843 15847 15960 15971 15977 16151 16152 16172 16181 16253 16268 16308 16315 16316 16391 16392 16405 16407 16410 16412 16415 16436 16519 16520 16528 16529 16530 16548 16554 16578 16584 16585 16586 16604 16679 16686 16726 16727 16733 17312 17412 17414 17652 18048 18051 18080 18082 18089 18090
NODE_NUM = 198
FILE square_sub_92.aig

# Subcircuit 93
SUB_ID 93
LO (77):  16733 16738 16745 16749 16764 16810 16825 16838 16869 16921 16922 16941 16952 17023 17026 17051 17058 17085 17087 17118 17121 17124 17179 17182 17212 17296 17312 17327 17328 17402 17412 17445 17521 17629 17652 17660 17763 17765 17823 17825 17835 17838 17884 17885 17901 17935 17983 17996 18004 18019 18021 18048 18051 18080 18143 18144 18160 18222 18230 18232 18267 18296 18298 18318 18328 18381 18436 18440 18484 18498 18500 18525 18532 18593 18617 18634 18654
LI (126):  38 52 53 54 55 56 58 59 61 62 63 64 5020 5262 5313 5557 5667 5714 5849 6251 6255 6381 6565 6952 7453 7660 7662 7664 7734 8248 8439 8909 9065 9175 9228 9347 9409 9412 9428 9431 9737 9888 10049 10307 10906 11588 11631 11721 12357 13385 13977 14086 14418 15167 15858 16167 16194 16296 16554 16726 16731 16734 16735 16736 16739 16740 16741 16763 16765 16809 16824 16920 16940 16953 17014 17019 17022 17084 17110 17112 17114 17175 17179 17181 17210 17211 17623 17624 17658 17659 17762 17819 17822 17829 17830 17832 17900 17934 17982 18003 18050 18153 18154 18157 18218 18220 18258 18259 18262 18326 18327 18374 18427 18432 18438 18439 18493 18497 18526 18528 18530 18531 18592 18614 18652 18653
NODE_NUM = 173
FILE square_sub_93.aig

