# Subcircuit 0
SUB_ID 0
LO (22):  4483 4488 4493 4503 4550 4554 4563 4566 4567 4570 12938 12941 12946 12951 12956 12961 12966 12971 15231 15239 15244 15248
LI (32):  1 2 3 4 5 6 7 8 23 24 25 26 27 28 29 30 37 38 89 2252 4482 4485 4490 4499 4502 4507 4521 4549 4553 4562 4565 4567
NODE_NUM = 100
FILE ac97_ctrl_sub_0.aig

# Subcircuit 1
SUB_ID 1
LO (16):  4502 4507 4521 4549 4559 4571 4573 4576 4581 4592 12975 12981 12989 12996 13005 13012
LI (72):  9 10 11 12 13 14 15 16 17 18 19 20 21 22 31 32 33 34 35 36 39 40 41 42 43 44 45 46 47 48 49 50 51 52 53 54 55 56 57 58 59 60 61 62 63 64 65 66 67 68 69 70 71 72 74 75 1829 1830 1831 1832 4503 4512 4519 4520 4531 4532 4539 4546 4547 4548 4558 4572
NODE_NUM = 96
FILE ac97_ctrl_sub_1.aig

# Subcircuit 2
SUB_ID 2
LO (26):  4572 4574 4578 4579 4583 4590 4595 4598 4605 4614 4615 4617 4639 4658 4677 8719 8772 8787 8788 11117 11119 11122 11126 12716 15477 15480
LI (46):  9 11 13 15 73 77 78 80 81 82 83 84 86 87 89 90 91 92 94 95 97 98 99 101 102 104 105 106 4573 4576 4581 4593 4594 4600 4601 4603 4604 4625 4629 4631 4647 4650 4652 4666 4669 4671
NODE_NUM = 100
FILE ac97_ctrl_sub_2.aig

# Subcircuit 3
SUB_ID 3
LO (33):  4593 4594 4603 4604 4625 4631 4647 4652 4666 4671 4696 4715 4734 4753 4772 4791 4810 4829 4848 4857 5416 5469 5484 5485 6335 6388 6403 6404 15520 15522 15524 15530 15934
LI (67):  10 12 14 16 18 20 22 24 26 28 30 32 34 36 73 79 88 96 103 110 117 124 131 138 145 152 159 166 4592 4615 4683 4684 4689 4691 4702 4703 4708 4710 4721 4722 4727 4729 4740 4741 4746 4748 4759 4760 4765 4767 4778 4779 4784 4786 4797 4798 4803 4805 4816 4817 4822 4824 4835 4836 4841 4843 4855
NODE_NUM = 97
FILE ac97_ctrl_sub_3.aig

# Subcircuit 4
SUB_ID 4
LO (35):  4600 4601 4629 4650 4669 4689 4708 4727 4746 4765 4784 4803 4822 4841 4867 4886 4905 4922 4939 4956 4973 4990 5007 5024 5136 12555 12556 12559 12562 12565 12568 12571 12574 12577 15772
LI (81):  73 76 85 93 100 107 114 121 128 135 142 149 156 163 170 177 184 191 197 203 209 215 221 227 266 1767 4571 4590 4614 4615 4687 4706 4725 4744 4763 4782 4801 4820 4839 4854 4857 4858 4863 4873 4876 4877 4882 4892 4895 4896 4901 4911 4914 4915 4916 4928 4931 4932 4933 4945 4948 4949 4950 4962 4965 4966 4967 4979 4982 4983 4984 4996 4999 5000 5001 5013 5016 5017 5018 5130 5132
NODE_NUM = 99
FILE ac97_ctrl_sub_4.aig

# Subcircuit 5
SUB_ID 5
LO (31):  4683 4684 4687 4691 4702 4703 4706 4710 4721 4722 4725 4729 4740 4741 4744 4748 4759 4760 4763 4767 4778 4779 4782 4786 4797 15668 15724 15897 15898 15911 15912
LI (69):  17 19 21 23 25 27 77 78 108 109 111 112 113 115 116 118 119 120 122 123 125 126 127 129 130 132 133 134 136 137 139 140 141 143 144 146 147 148 153 154 155 2286 2299 2319 2325 4574 4579 4583 4590 4595 4598 4605 4681 4700 4719 4738 4757 4776 4795 15651 15659 15664 15707 15715 15720 15894 15896 15908 15910
NODE_NUM = 100
FILE ac97_ctrl_sub_5.aig

# Subcircuit 6
SUB_ID 6
LO (40):  4798 4801 4805 4816 4817 4820 7490 7492 7495 7498 7499 7500 7503 7505 7508 7514 7517 7523 7526 7532 7535 7541 7544 7550 7553 7555 7564 7648 7657 7664 7671 10269 10281 10324 10327 10330 10333 10336 10338 10341
LI (39):  29 31 150 151 157 160 161 162 341 343 344 345 346 347 348 349 959 960 961 962 963 964 965 966 967 968 969 970 971 4574 4579 4583 4590 4595 4598 4605 4814 7502 7504
NODE_NUM = 99
FILE ac97_ctrl_sub_6.aig

# Subcircuit 7
SUB_ID 7
LO (28):  4824 4835 4836 4839 4843 4854 4855 4858 4863 4873 4876 4877 4882 4892 4895 4896 4901 4911 4914 4915 4916 4923 15701 15747 15890 15891 15904 15905
LI (68):  33 35 37 38 39 40 41 42 136 137 158 164 165 167 168 169 171 172 173 174 175 176 178 179 180 181 182 183 185 186 187 188 189 190 192 193 194 195 196 200 2291 2303 2316 2322 4574 4579 4583 4590 4593 4595 4598 4603 4605 4833 4852 4871 4890 4909 15684 15692 15697 15730 15738 15743 15887 15889 15901 15903
NODE_NUM = 99
FILE ac97_ctrl_sub_7.aig

# Subcircuit 8
SUB_ID 8
LO (31):  4928 4931 4932 4933 4945 4948 4949 4950 4962 4965 4966 6928 6939 6952 6965 6976 6980 6991 6992 6996 7013 7029 7042 7054 7061 7085 7092 7116 7147 7178 15368
LI (50):  43 44 45 46 47 48 193 198 199 201 202 204 205 206 207 208 211 212 213 214 800 801 804 805 4574 4579 4583 4590 4593 4598 4603 4605 4923 4943 4960 6922 6936 6942 6949 6955 6962 6966 6975 6981 6990 6997 7006 7014 7023 7039
NODE_NUM = 100
FILE ac97_ctrl_sub_8.aig

# Subcircuit 9
SUB_ID 9
LO (22):  4967 4979 4982 4983 4984 4996 4999 5000 5001 5013 5016 5017 5018 5039 5047 5052 15602 15770 15883 15884 15925 15926
LI (68):  49 50 51 52 53 54 55 56 57 192 193 210 216 217 218 219 220 222 223 224 225 226 228 229 230 231 232 233 234 235 236 237 238 239 240 241 2276 2307 2313 2331 4574 4579 4583 4590 4593 4598 4603 4605 4615 4977 4994 5011 5028 5036 5038 5043 5049 5051 15585 15593 15598 15753 15761 15766 15880 15882 15922 15924
NODE_NUM = 100
FILE ac97_ctrl_sub_9.aig

# Subcircuit 10
SUB_ID 10
LO (22):  5049 5065 5078 5091 8038 8049 8062 8075 8086 8090 8101 8102 8106 8123 8137 8140 8164 8171 8195 8226 8257 15381
LI (53):  58 59 60 61 62 238 242 243 244 245 246 247 248 249 250 251 252 253 1113 1114 1117 1118 4574 4579 4583 4590 4593 4603 4605 4615 5047 5056 5062 5064 5069 5075 5077 5082 5088 5090 8032 8046 8052 8059 8065 8072 8076 8085 8091 8100 8107 8116 8133
NODE_NUM = 99
FILE ac97_ctrl_sub_10.aig

# Subcircuit 11
SUB_ID 11
LO (20):  5088 5104 5114 5124 5130 5132 5139 5142 5145 5148 5151 5154 5157 5160 5163 5166 15635 15843 15918 15919
LI (71):  63 64 65 66 238 254 255 256 257 258 259 260 261 262 263 264 265 267 268 269 270 271 272 273 274 275 276 277 278 279 280 281 282 283 284 285 286 287 288 289 290 1112 2242 2281 2311 2328 4574 4579 4583 4590 4593 4603 4605 4614 4615 5095 5101 5103 5108 5113 5118 5123 5128 5164 15618 15626 15631 15834 15836 15915 15917
NODE_NUM = 100
FILE ac97_ctrl_sub_11.aig

# Subcircuit 12
SUB_ID 12
LO (37):  5164 5169 5172 5175 5178 5181 5184 5187 5190 5193 5196 5199 5202 5205 5208 5211 5214 5217 5220 5223 5226 5229 5232 5235 5238 5241 5244 5247 5250 5253 5256 5259 5262 5265 5268 5271 5274
LI (60):  272 275 277 279 281 282 284 286 288 290 291 292 293 294 295 296 297 298 299 300 301 302 303 304 305 306 307 308 309 310 311 312 313 314 315 316 317 318 319 320 321 322 323 324 325 326 327 328 329 330 331 5248 5251 5254 5257 5260 5263 5266 5269 5272
NODE_NUM = 100
FILE ac97_ctrl_sub_12.aig

# Subcircuit 13
SUB_ID 13
LO (49):  5248 5251 5254 5257 5260 5263 5266 5269 5272 5277 5280 5283 5286 5289 5292 5295 5298 5301 5304 5307 5310 5313 5316 5319 5322 5325 5328 5331 5334 5337 5340 5343 5346 5349 5352 5355 5358 5361 5364 5366 5369 5372 5375 5378 5381 5384 5387 5390 5393
LI (62):  272 275 277 279 281 284 286 288 290 293 304 306 309 311 313 315 317 318 320 322 324 332 333 334 335 336 337 338 339 340 341 342 343 344 345 346 347 348 349 350 351 352 353 354 355 356 357 358 359 360 361 362 363 5338 5341 5344 5347 5350 5353 5356 5359 5362
NODE_NUM = 100
FILE ac97_ctrl_sub_13.aig

# Subcircuit 14
SUB_ID 14
LO (58):  5338 5341 5344 5347 5350 5353 5356 5359 5362 5367 5370 5373 5376 5379 5382 5385 5388 5391 5394 5398 5405 5413 5983 5986 5989 5992 5995 5998 6001 6004 6007 8601 8603 8606 8609 8612 8615 8618 8621 8624 9384 9386 9389 9392 9395 9398 9401 9404 9407 11460 11462 11465 11468 11471 11474 11477 11480 11483
LI (53):  79 363 364 365 366 367 368 369 370 371 372 373 374 375 376 377 378 379 380 381 382 383 384 385 387 398 403 408 413 422 431 440 449 545 546 547 548 549 550 551 552 553 5366 5369 5372 5375 5378 5381 5384 5387 5390 5393 5404
NODE_NUM = 99
FILE ac97_ctrl_sub_14.aig

# Subcircuit 15
SUB_ID 15
LO (23):  5404 5415 5421 5432 5445 5458 5473 5489 5506 5522 5553 5584 5615 5646 5677 5708 5739 5770 5801 5829 15342 15346 15877
LI (47):  79 383 386 388 389 390 391 392 395 396 401 406 411 416 425 434 443 452 461 470 479 488 497 5416 5429 5435 5442 5448 5455 5468 5469 5483 5485 5502 5519 5535 5545 5566 5576 5611 5642 5673 5704 5735 5766 5797 5828
NODE_NUM = 100
FILE ac97_ctrl_sub_15.aig

# Subcircuit 16
SUB_ID 16
LO (19):  5429 5435 5442 5448 5455 5468 5483 5502 5519 5535 5566 5585 5611 5642 5671 15255 15258 15351 15517
LI (48):  383 384 387 391 392 393 394 396 397 398 399 400 402 403 404 405 407 408 409 410 412 413 414 415 421 1792 5467 5469 5482 5484 5485 5498 5500 5515 5517 5525 5531 5534 5565 5597 5607 5628 5638 15252 15342 15346 15509 15514
NODE_NUM = 100
FILE ac97_ctrl_sub_16.aig

# Subcircuit 17
SUB_ID 17
LO (16):  5525 5531 5545 5565 5576 5597 5607 5620 5628 5673 5704 5735 5916 5938 5960 5982
LI (57):  391 392 394 417 418 419 420 422 423 424 426 427 428 429 430 431 432 433 435 436 437 438 439 440 441 442 448 5415 5469 5484 5485 5543 5562 5574 5585 5593 5605 5618 5627 5658 5672 5690 5700 5721 5731 5895 5911 5915 5917 5933 5937 5941 5955 5959 5963 5977 5981
NODE_NUM = 98
FILE ac97_ctrl_sub_17.aig

# Subcircuit 18
SUB_ID 18
LO (13):  5618 5627 5638 5658 5672 5690 5700 5721 5766 5797 5828 5863 5963
LI (55):  391 392 394 444 445 446 447 449 450 451 453 454 455 456 457 458 459 460 462 463 464 465 466 467 468 469 475 476 477 478 5415 5469 5484 5485 5620 5636 5655 5667 5671 5686 5689 5698 5717 5720 5751 5752 5762 5782 5783 5793 5814 5824 5845 5855 5862
NODE_NUM = 100
FILE ac97_ctrl_sub_18.aig

# Subcircuit 19
SUB_ID 19
LO (13):  5731 5751 5762 5782 5793 5814 5824 5832 5837 5845 5894 5911 5933
LI (55):  79 391 392 394 471 472 473 474 480 481 482 483 484 485 486 487 489 490 491 492 493 494 495 496 498 499 500 501 502 503 504 505 506 511 5415 5469 5484 5485 5729 5748 5760 5779 5791 5810 5813 5822 5829 5835 5844 5875 5876 5886 5893 5908 5930
NODE_NUM = 97
FILE ac97_ctrl_sub_19.aig

# Subcircuit 20
SUB_ID 20
LO (17):  5835 5844 5855 5862 5875 5886 5893 5895 5908 5915 5917 5930 5937 5955 5959 5977 5981
LI (55):  79 391 392 394 507 508 509 510 512 513 514 515 516 517 518 519 520 521 522 523 524 525 526 527 528 529 530 531 532 533 534 535 536 537 538 539 540 541 542 543 544 5415 5469 5484 5485 5837 5853 5872 5884 5906 5928 5950 5952 5972 5974
NODE_NUM = 99
FILE ac97_ctrl_sub_20.aig

# Subcircuit 21
SUB_ID 21
LO (40):  6010 6013 6016 6019 6022 6025 6028 6031 6034 6037 6040 6043 6046 6049 6052 6055 6058 6061 6064 6067 6070 6073 6076 6079 6080 6082 6085 6088 6089 6090 6093 6095 6098 6099 6109 6118 10474 10487 10530 10532
LI (59):  204 210 362 365 366 418 427 436 445 454 458 463 467 472 476 481 485 490 494 499 503 508 512 517 521 526 531 536 541 554 555 556 557 558 559 560 561 562 563 564 565 566 567 568 569 570 571 572 573 574 575 576 577 583 584 585 5983 6092 6094
NODE_NUM = 99
FILE ac97_ctrl_sub_21.aig

# Subcircuit 22
SUB_ID 22
LO (56):  6092 6094 9482 9485 9488 9491 9494 9497 9500 9503 9506 9509 9512 9515 9518 9521 9524 9525 10485 10486 10497 10501 10511 12841 12842 12845 12848 12851 12854 12857 12860 12863 12866 12869 12872 12875 12878 12881 12884 14936 14937 14940 14943 14946 14949 14952 14955 14958 14961 14964 14967 14970 14973 14976 14979 15751
LI (44):  192 578 579 580 581 582 1428 1429 1430 1431 1432 1433 1434 1435 1436 1437 1438 1439 1440 1441 1627 1628 1629 1816 2131 6088 6093 6104 6113 6122 6131 6140 6149 6158 6167 6176 6185 6194 6203 6212 6221 10481 10493 10507
NODE_NUM = 99
FILE ac97_ctrl_sub_22.aig

# Subcircuit 23
SUB_ID 23
LO (30):  6104 6107 6113 6116 6122 6125 6131 6134 6140 6143 6149 6152 6158 6161 6242 6251 6258 6265 9533 9536 9539 9542 12892 12895 12898 12901 14987 14990 14993 14996
LI (51):  364 367 368 369 370 586 587 588 589 590 591 592 593 594 595 6080 6082 6085 6095 6099 6109 6118 6144 6148 6151 6153 6157 6160 6237 6241 6246 6250 6253 6257 6260 6264 9482 9532 9535 9538 9541 12841 12891 12894 12897 12900 14936 14986 14989 14992 14995
NODE_NUM = 94
FILE ac97_ctrl_sub_23.aig

# Subcircuit 24
SUB_ID 24
LO (41):  6144 6148 6151 6153 6157 6160 6167 6170 6176 6179 6185 6188 6194 6197 6203 6206 6210 6269 6273 6277 6281 6285 6287 9545 9548 9551 9554 9557 9558 12904 12907 12910 12913 12916 12917 14999 15002 15005 15008 15011 15012
LI (49):  371 372 373 374 375 376 596 597 598 599 600 601 602 603 604 605 6080 6082 6085 6095 6193 6196 6198 6202 6205 6207 6268 6272 6276 6280 6284 9482 9544 9547 9550 9553 9556 12841 12903 12906 12909 12912 12915 14936 14998 15001 15004 15007 15010
NODE_NUM = 99
FILE ac97_ctrl_sub_24.aig

# Subcircuit 25
SUB_ID 25
LO (43):  6193 6196 6198 6202 6205 6207 6212 6215 6221 6224 6233 6237 6241 6246 6253 6260 6293 6297 6301 6305 6309 6313 9530 9563 9566 9569 9572 9575 9578 12889 12922 12925 12928 12931 12934 12935 14984 15017 15020 15023 15026 15029 15030
LI (50):  377 378 379 380 381 382 606 607 608 609 610 611 612 613 614 615 616 6080 6082 6085 6095 6210 6292 6296 6300 6304 6308 6312 9482 9529 9562 9565 9568 9571 9574 9577 12841 12888 12921 12924 12927 12930 12933 14936 14983 15016 15019 15022 15025 15028
NODE_NUM = 100
FILE ac97_ctrl_sub_25.aig

# Subcircuit 26
SUB_ID 26
LO (63):  6250 6257 6264 6268 6272 6276 6280 6284 6289 6292 6296 6300 6304 6308 6312 6317 6324 6332 11947 11950 11953 11956 11959 11962 11965 11968 11971 11974 11977 11978 12044 12046 12049 12052 12055 12058 12061 12064 12067 12070 12073 12141 12143 12146 12149 12152 12155 12158 12161 12164 12167 12170 12239 12241 12244 12247 12250 12253 12256 12259 12262 12265 12268
LI (45):  138 546 547 548 549 550 551 552 553 554 555 617 618 619 620 621 622 623 624 625 626 627 628 629 630 631 632 633 634 636 648 653 658 663 672 681 690 699 708 717 726 1766 6095 6287 6323
NODE_NUM = 99
FILE ac97_ctrl_sub_26.aig

# Subcircuit 27
SUB_ID 27
LO (23):  6323 6334 6340 6351 6364 6377 6392 6408 6425 6441 6472 6503 6534 6565 6596 6627 6658 6689 6720 6748 15355 15359 15866
LI (47):  138 390 632 635 637 638 639 640 643 644 649 654 659 664 673 682 691 700 709 718 727 736 745 6335 6348 6354 6361 6367 6374 6387 6388 6402 6404 6421 6438 6454 6464 6485 6495 6530 6561 6592 6623 6654 6685 6716 6747
NODE_NUM = 100
FILE ac97_ctrl_sub_27.aig

# Subcircuit 28
SUB_ID 28
LO (19):  6348 6354 6361 6367 6374 6387 6402 6421 6438 6454 6485 6504 6530 6561 6590 15281 15288 15364 15550
LI (48):  632 633 636 639 640 641 642 644 645 646 647 648 650 651 652 653 655 656 657 658 660 661 662 663 669 1795 6386 6388 6401 6403 6404 6417 6419 6434 6436 6444 6450 6453 6484 6516 6526 6547 6557 15285 15355 15359 15542 15547
NODE_NUM = 100
FILE ac97_ctrl_sub_28.aig

# Subcircuit 29
SUB_ID 29
LO (16):  6444 6450 6464 6484 6495 6516 6526 6539 6547 6592 6623 6654 6835 6857 6879 6901
LI (57):  639 640 642 665 666 667 668 670 671 672 674 675 676 677 678 679 680 681 683 684 685 686 687 688 689 690 696 6334 6388 6403 6404 6462 6481 6493 6504 6512 6524 6537 6546 6577 6591 6609 6619 6640 6650 6814 6830 6834 6836 6852 6856 6860 6874 6878 6882 6896 6900
NODE_NUM = 98
FILE ac97_ctrl_sub_29.aig

# Subcircuit 30
SUB_ID 30
LO (13):  6537 6546 6557 6577 6591 6609 6619 6640 6685 6716 6747 6782 6882
LI (55):  639 640 642 692 693 694 695 697 698 699 701 702 703 704 705 706 707 708 710 711 712 713 714 715 716 717 723 724 725 726 6334 6388 6403 6404 6539 6555 6574 6586 6590 6605 6608 6617 6636 6639 6670 6671 6681 6701 6702 6712 6733 6743 6764 6774 6781
NODE_NUM = 100
FILE ac97_ctrl_sub_30.aig

# Subcircuit 31
SUB_ID 31
LO (13):  6650 6670 6681 6701 6712 6733 6743 6751 6756 6764 6813 6830 6852
LI (55):  138 639 640 642 719 720 721 722 728 729 730 731 732 733 734 735 737 738 739 740 741 742 743 744 746 747 748 749 750 751 752 753 754 759 6334 6388 6403 6404 6648 6667 6679 6698 6710 6729 6732 6741 6748 6754 6763 6794 6795 6805 6812 6827 6849
NODE_NUM = 97
FILE ac97_ctrl_sub_31.aig

# Subcircuit 32
SUB_ID 32
LO (17):  6754 6763 6774 6781 6794 6805 6812 6814 6827 6834 6836 6849 6856 6874 6878 6896 6900
LI (55):  138 639 640 642 755 756 757 758 760 761 762 763 764 765 766 767 768 769 770 771 772 773 774 775 776 777 778 779 780 781 782 783 784 785 786 787 788 789 790 791 792 6334 6388 6403 6404 6756 6772 6791 6803 6825 6847 6869 6871 6891 6893
NODE_NUM = 99
FILE ac97_ctrl_sub_32.aig

# Subcircuit 33
SUB_ID 33
LO (53):  6905 6912 6913 6920 11655 11658 11661 11664 11667 11670 11673 11676 11679 11682 11685 11688 11691 11694 11697 11700 11701 11752 11754 11757 11760 11763 11766 11769 11772 11775 11778 11781 11784 11787 11790 11793 11796 11850 11852 11855 11858 11861 11864 11867 11870 11873 11876 11879 11882 11885 11888 11891 11894
LI (38):  193 546 547 548 549 550 551 552 553 554 555 556 557 558 559 560 793 794 795 797 807 812 817 822 831 840 849 858 867 876 885 894 903 912 921 930 6904 6911
NODE_NUM = 97
FILE ac97_ctrl_sub_33.aig

# Subcircuit 34
SUB_ID 34
LO (30):  6911 6922 6936 6942 6949 6955 6962 6966 6981 6997 7014 7060 7091 7122 7153 7184 7215 7246 7277 7308 7339 7370 7401 7423 7445 7467 7489 15372 15571 15855
LI (48):  193 390 793 796 798 799 801 802 803 805 810 815 820 825 834 843 852 861 870 879 888 897 906 915 924 933 938 943 948 953 1797 2276 7056 7087 7118 7149 7180 7211 7242 7273 7304 7335 7366 7397 7419 7441 7463 7485
NODE_NUM = 93
FILE ac97_ctrl_sub_34.aig

# Subcircuit 35
SUB_ID 35
LO (14):  6975 6990 7006 7023 7039 7056 7080 7087 7149 7211 7419 7441 7463 7485
LI (63):  800 801 803 806 807 808 809 811 812 813 814 816 817 818 819 821 822 823 824 826 827 828 829 830 831 832 833 835 836 837 839 840 841 842 6974 6976 6989 6991 6992 7005 7022 7038 7042 7050 7054 7061 7069 7079 7081 7085 7086 7134 7148 7197 7207 7402 7418 7424 7440 7448 7462 7470 7484
NODE_NUM = 100
FILE ac97_ctrl_sub_35.aig

# Subcircuit 36
SUB_ID 36
LO (13):  7079 7081 7118 7134 7148 7180 7189 7197 7242 7273 7304 7448 7470
LI (55):  800 801 803 838 844 845 846 847 848 849 850 851 853 854 855 856 857 858 859 860 862 863 864 865 866 867 868 869 875 6976 6991 6992 7080 7092 7100 7112 7116 7117 7131 7143 7147 7162 7165 7174 7178 7179 7187 7196 7227 7228 7238 7259 7269 7290 7300
NODE_NUM = 96
FILE ac97_ctrl_sub_36.aig

# Subcircuit 37
SUB_ID 37
LO (13):  7187 7196 7207 7227 7238 7259 7269 7290 7300 7335 7366 7397 7418
LI (54):  800 801 803 871 872 873 874 876 877 878 880 881 882 883 884 885 886 887 889 890 891 892 893 894 895 896 898 899 902 903 904 905 6976 6991 6992 7189 7205 7224 7236 7255 7258 7267 7286 7289 7298 7320 7321 7331 7351 7352 7362 7383 7393 7415
NODE_NUM = 100
FILE ac97_ctrl_sub_37.aig

# Subcircuit 38
SUB_ID 38
LO (13):  7298 7320 7331 7351 7362 7383 7393 7402 7415 7424 7440 7462 7484
LI (52):  800 801 803 900 901 907 908 909 910 911 912 913 914 916 917 918 919 920 921 922 923 925 926 927 928 929 930 931 932 934 935 936 937 939 940 941 942 6976 6991 6992 7317 7329 7348 7360 7379 7382 7391 7413 7435 7437 7459 7481
NODE_NUM = 100
FILE ac97_ctrl_sub_38.aig

# Subcircuit 39
SUB_ID 39
LO (46):  7459 7481 7502 7504 9287 9290 9293 9296 9299 9302 9305 9308 9311 9314 9317 9318 10167 10168 10169 10172 10175 10178 10181 10184 10187 10190 10193 10196 10199 10280 10291 10295 10305 10579 10580 10583 10586 10589 10592 10595 10598 10601 10604 10607 10610 15728
LI (49):  136 800 801 803 944 945 946 947 949 950 951 952 954 955 956 957 958 1008 1013 1016 1019 1022 1025 1028 1031 1034 1037 1621 1622 1623 1813 2134 7457 7479 7498 7503 7514 7523 7532 7541 7550 7559 7568 7577 7586 7595 10276 10287 10301
NODE_NUM = 99
FILE ac97_ctrl_sub_39.aig

# Subcircuit 40
SUB_ID 40
LO (35):  7559 7562 7568 7571 7577 7580 7586 7589 7595 7598 7607 7611 7679 7683 7687 7691 7693 9323 9350 9353 9356 9359 9360 10204 10231 10234 10237 10240 10241 10615 10642 10645 10648 10651 10652
LI (47):  350 351 352 353 354 972 973 974 975 976 977 978 979 7490 7492 7495 7505 7555 7564 7594 7597 7599 7603 7606 7608 7678 7682 7686 7690 9287 9322 9349 9352 9355 9358 10168 10203 10230 10233 10236 10239 10579 10614 10641 10644 10647 10650
NODE_NUM = 97
FILE ac97_ctrl_sub_40.aig

# Subcircuit 41
SUB_ID 41
LO (42):  7594 7597 7599 7603 7606 7608 7616 7625 7634 7643 7652 7699 7703 7707 7711 9326 9329 9332 9335 9338 9365 9368 9371 9372 10207 10210 10213 10216 10217 10246 10249 10252 10253 10618 10621 10624 10627 10628 10657 10660 10663 10664
LI (54):  355 356 357 358 980 981 982 983 984 985 986 987 7490 7492 7495 7505 7611 7630 7633 7635 7639 7642 7644 7648 7651 7698 7702 7706 7710 9287 9325 9328 9331 9334 9337 9364 9367 9370 10168 10206 10209 10212 10215 10245 10248 10251 10579 10617 10620 10623 10626 10656 10659 10662
NODE_NUM = 100
FILE ac97_ctrl_sub_41.aig

# Subcircuit 42
SUB_ID 42
LO (40):  7630 7633 7635 7639 7642 7644 7651 7661 7668 7675 7678 7682 7686 7690 7695 7698 7702 7706 7710 7715 7719 7723 9341 9344 9347 9377 9380 9383 10222 10225 10228 10258 10261 10264 10633 10636 10639 10669 10672 10675
LI (52):  359 360 361 988 989 990 991 992 993 994 995 996 997 998 999 1000 1001 1002 1003 1004 1005 1006 1007 7490 7492 7495 7505 7657 7664 7671 7693 9287 9340 9343 9346 9376 9379 9382 10168 10221 10224 10227 10257 10260 10263 10579 10632 10635 10638 10668 10671 10674
NODE_NUM = 85
FILE ac97_ctrl_sub_42.aig

# Subcircuit 43
SUB_ID 43
LO (13):  7732 7741 7750 7759 7768 7777 7786 7795 7804 7808 10309 10316 10323
LI (53):  136 961 963 965 967 969 971 973 975 977 1008 1009 1010 1011 1012 1013 1014 1015 1016 1017 1018 1019 1020 1021 1022 1023 1024 1025 1026 1027 1028 1029 1030 1031 1032 1033 1034 1035 1036 1037 1624 1626 7731 7740 7749 7758 7767 7776 7785 7794 7803 7806 10315
NODE_NUM = 100
FILE ac97_ctrl_sub_43.aig

# Subcircuit 44
SUB_ID 44
LO (13):  7806 7813 7822 7831 7840 7849 7858 7867 7876 7885 7894 7903 7912
LI (59):  979 981 983 985 987 989 991 992 993 994 995 1009 1012 1038 1039 1040 1041 1042 1043 1044 1045 1046 1047 1048 1049 1050 1051 1052 1053 1054 1055 1056 1057 1058 1059 1060 1061 1062 1063 1064 1065 1066 1067 1068 1069 1070 7808 7821 7830 7839 7848 7857 7866 7875 7884 7893 7902 7905 7911
NODE_NUM = 100
FILE ac97_ctrl_sub_44.aig

# Subcircuit 45
SUB_ID 45
LO (13):  7905 7911 7921 7930 7939 7948 7957 7966 7975 7984 7993 8002 8011
LI (58):  996 997 998 999 1000 1001 1002 1003 1004 1005 1006 1007 1009 1012 1071 1072 1073 1074 1075 1076 1077 1078 1079 1080 1081 1082 1083 1084 1085 1086 1087 1088 1089 1090 1091 1092 1093 1094 1095 1096 1097 1098 1099 1100 1101 1102 1103 7920 7929 7938 7947 7956 7965 7974 7983 7992 8001 8010
NODE_NUM = 100
FILE ac97_ctrl_sub_45.aig

# Subcircuit 46
SUB_ID 46
LO (53):  8010 8015 8022 8023 8030 10725 10728 10731 10734 10737 10740 10743 10746 10749 10752 10755 10758 10761 10764 10767 10770 13558 13560 13563 13566 13569 13572 13575 13578 13581 13584 13587 13590 13593 13596 13599 13602 13855 13857 13860 13863 13866 13869 13872 13875 13878 13881 13884 13887 13890 13893 13896 13899
LI (40):  238 546 547 548 549 550 551 552 553 554 555 556 557 558 559 560 1009 1012 1104 1105 1106 1107 1108 1110 1119 1124 1129 1134 1143 1152 1161 1170 1179 1188 1197 1206 1215 1224 1233 8021
NODE_NUM = 100
FILE ac97_ctrl_sub_46.aig

# Subcircuit 47
SUB_ID 47
LO (30):  8021 8032 8046 8052 8059 8065 8072 8076 8091 8107 8139 8170 8201 8232 8263 8294 8325 8356 8387 8418 8449 8480 8511 8533 8555 8577 8599 15385 15604 15844
LI (49):  238 390 1106 1109 1111 1112 1114 1115 1116 1118 1123 1128 1133 1138 1147 1156 1165 1174 1183 1192 1201 1210 1219 1228 1237 1246 1251 1256 1261 1266 1800 2281 8137 8166 8197 8228 8259 8290 8321 8352 8383 8414 8445 8476 8507 8529 8551 8573 8595
NODE_NUM = 95
FILE ac97_ctrl_sub_47.aig

# Subcircuit 48
SUB_ID 48
LO (13):  8085 8100 8116 8133 8166 8187 8197 8228 8259 8290 8321 8529 8573
LI (60):  1113 1114 1116 1119 1120 1121 1122 1124 1125 1126 1127 1129 1130 1131 1132 1134 1135 1136 1137 1139 1140 1141 1142 1143 1144 1145 1146 1148 1152 1153 1154 1155 8084 8086 8099 8101 8102 8115 8132 8140 8148 8160 8164 8165 8171 8179 8185 8196 8213 8227 8244 8258 8276 8286 8307 8317 8512 8528 8558 8572
NODE_NUM = 97
FILE ac97_ctrl_sub_48.aig

# Subcircuit 49
SUB_ID 49
LO (16):  8185 8196 8213 8227 8244 8258 8276 8283 8286 8307 8352 8383 8414 8551 8558 8595
LI (56):  1113 1114 1116 1149 1150 1151 1157 1158 1159 1160 1161 1162 1163 1164 1166 1167 1168 1169 1170 1171 1172 1173 1175 1176 1177 1179 1180 1181 1182 8086 8101 8102 8187 8195 8210 8222 8226 8241 8253 8257 8272 8275 8282 8284 8306 8337 8338 8348 8369 8379 8400 8410 8534 8550 8580 8594
NODE_NUM = 100
FILE ac97_ctrl_sub_49.aig

# Subcircuit 50
SUB_ID 50
LO (14):  8282 8284 8306 8317 8337 8348 8369 8379 8400 8401 8445 8476 8507 8528
LI (55):  1113 1114 1116 1178 1184 1185 1186 1187 1188 1189 1190 1191 1193 1194 1195 1196 1197 1198 1199 1200 1202 1203 1204 1205 1206 1207 1208 1209 1211 1215 1216 1217 1218 8086 8101 8102 8283 8303 8315 8334 8346 8365 8368 8377 8396 8399 8430 8431 8441 8461 8462 8472 8493 8503 8525
NODE_NUM = 100
FILE ac97_ctrl_sub_50.aig

# Subcircuit 51
SUB_ID 51
LO (13):  8410 8430 8441 8461 8472 8493 8503 8512 8525 8534 8550 8572 8594
LI (53):  1113 1114 1116 1212 1213 1214 1220 1221 1222 1223 1224 1225 1226 1227 1229 1230 1231 1232 1233 1234 1235 1236 1238 1239 1240 1241 1242 1243 1244 1245 1247 1248 1249 1250 1252 8086 8101 8102 8401 8408 8427 8439 8458 8470 8489 8492 8501 8523 8539 8545 8547 8569 8591
NODE_NUM = 100
FILE ac97_ctrl_sub_51.aig

# Subcircuit 52
SUB_ID 52
LO (32):  8539 8545 8569 8591 8604 8607 8610 8613 8616 8619 8622 8625 8628 8631 8634 8637 8640 8643 8646 8649 8652 8655 8658 8661 8664 8667 8670 8673 8676 8679 8682 8685
LI (73):  397 402 407 412 417 421 426 430 435 439 444 448 453 457 462 466 471 475 480 484 489 493 498 502 507 511 516 520 554 555 556 557 558 559 560 561 562 563 564 565 566 567 568 569 570 571 572 1113 1114 1116 1253 1254 1255 1257 1258 1259 1260 1262 1263 1264 1265 8567 8589 8601 8603 8606 8609 8612 8615 8618 8621 8624 8684
NODE_NUM = 100
FILE ac97_ctrl_sub_52.aig

# Subcircuit 53
SUB_ID 53
LO (58):  8684 8688 8691 8694 8697 8701 8708 8709 8716 10373 10376 10379 10382 10385 10388 10391 10394 10397 10400 10403 10404 10456 10459 10462 10465 10468 11558 11560 11563 11566 11569 11572 11575 11578 11581 11584 11587 11641 11644 11647 11650 11653 15130 15132 15135 15138 15141 15144 15147 15150 15153 15156 15159 15213 15216 15219 15222 15225
LI (37):  78 525 530 535 540 546 547 548 549 550 551 552 553 554 555 573 574 575 576 577 1267 1268 1269 1271 1281 1286 1291 1296 1305 1314 1323 1332 1341 1350 1359 8601 8707
NODE_NUM = 100
FILE ac97_ctrl_sub_53.aig

# Subcircuit 54
SUB_ID 54
LO (23):  8707 8718 8724 8735 8748 8761 8776 8792 8809 8825 8856 8887 8918 8949 8980 9011 9042 9073 9104 9132 15394 15398 15833
LI (47):  78 390 1267 1270 1272 1273 1274 1275 1278 1279 1284 1289 1294 1299 1308 1317 1326 1335 1344 1353 1362 1371 1380 8719 8732 8738 8745 8751 8758 8771 8772 8786 8788 8805 8822 8838 8848 8869 8879 8914 8945 8976 9007 9038 9069 9100 9131
NODE_NUM = 100
FILE ac97_ctrl_sub_54.aig

# Subcircuit 55
SUB_ID 55
LO (19):  8732 8738 8745 8751 8758 8771 8786 8805 8822 8838 8869 8888 8914 8945 8974 15311 15318 15403 15649
LI (48):  1267 1268 1271 1274 1275 1276 1277 1279 1280 1281 1282 1283 1285 1286 1287 1288 1290 1291 1292 1293 1295 1296 1297 1298 1304 1804 8770 8772 8785 8787 8788 8801 8803 8818 8820 8828 8834 8837 8868 8900 8910 8931 8941 15315 15394 15398 15641 15646
NODE_NUM = 100
FILE ac97_ctrl_sub_55.aig

# Subcircuit 56
SUB_ID 56
LO (16):  8828 8834 8848 8868 8879 8900 8910 8923 8931 8976 9007 9038 9219 9241 9263 9285
LI (57):  1274 1275 1277 1300 1301 1302 1303 1305 1306 1307 1309 1310 1311 1312 1313 1314 1315 1316 1318 1319 1320 1321 1322 1323 1324 1325 1331 8718 8772 8787 8788 8846 8865 8877 8888 8896 8908 8921 8930 8961 8975 8993 9003 9024 9034 9198 9214 9218 9220 9236 9240 9244 9258 9262 9266 9280 9284
NODE_NUM = 98
FILE ac97_ctrl_sub_56.aig

# Subcircuit 57
SUB_ID 57
LO (13):  8921 8930 8941 8961 8975 8993 9003 9024 9069 9100 9131 9166 9266
LI (55):  1274 1275 1277 1327 1328 1329 1330 1332 1333 1334 1336 1337 1338 1339 1340 1341 1342 1343 1345 1346 1347 1348 1349 1350 1351 1352 1358 1359 1360 1361 8718 8772 8787 8788 8923 8939 8958 8970 8974 8989 8992 9001 9020 9023 9054 9055 9065 9085 9086 9096 9117 9127 9148 9158 9165
NODE_NUM = 100
FILE ac97_ctrl_sub_57.aig

# Subcircuit 58
SUB_ID 58
LO (13):  9034 9054 9065 9085 9096 9117 9127 9135 9140 9148 9197 9214 9236
LI (55):  78 1274 1275 1277 1354 1355 1356 1357 1363 1364 1365 1366 1367 1368 1369 1370 1372 1373 1374 1375 1376 1377 1378 1379 1381 1382 1383 1384 1385 1386 1387 1388 1389 1394 8718 8772 8787 8788 9032 9051 9063 9082 9094 9113 9116 9125 9132 9138 9147 9178 9179 9189 9196 9211 9233
NODE_NUM = 97
FILE ac97_ctrl_sub_58.aig

# Subcircuit 59
SUB_ID 59
LO (18):  9138 9147 9158 9165 9178 9189 9196 9198 9211 9218 9220 9233 9240 9258 9262 9280 9284 9319
LI (57):  78 1040 1274 1275 1277 1390 1391 1392 1393 1395 1396 1397 1398 1399 1400 1401 1402 1403 1404 1405 1406 1407 1408 1409 1410 1411 1412 1413 1414 1415 1416 1417 1418 1419 1420 1421 1422 1423 1424 1425 1426 1427 8718 8772 8787 8788 9140 9156 9175 9187 9209 9231 9253 9255 9275 9277 9287
NODE_NUM = 100
FILE ac97_ctrl_sub_59.aig

# Subcircuit 60
SUB_ID 60
LO (50):  9320 9322 9325 9328 9331 9334 9337 9340 9343 9346 9349 9352 9355 9358 9362 9364 9367 9370 9374 9376 9379 9382 9387 9390 9393 9396 9399 9402 9405 9408 9411 9414 9417 9420 9423 9426 9429 9432 9435 9438 9441 9444 9447 9450 9453 9456 9459 9462 9465 9468
LI (83):  399 404 409 414 419 423 428 432 437 441 446 450 455 459 464 468 473 477 482 486 491 495 500 504 509 513 518 522 554 555 556 557 558 559 560 561 562 563 564 565 566 567 568 569 570 571 572 573 1043 1046 1049 1052 1055 1058 1061 1064 1067 1070 1073 1076 1079 1082 1085 1088 1091 1094 1097 1100 1103 9287 9318 9319 9360 9372 9384 9386 9389 9392 9395 9398 9401 9404 9407
NODE_NUM = 100
FILE ac97_ctrl_sub_60.aig

# Subcircuit 61
SUB_ID 61
LO (65):  9471 9474 9477 9480 9527 9529 9532 9535 9538 9541 9544 9547 9550 9553 9556 9560 9562 9565 9568 9571 9574 9577 9582 9589 9597 14450 14453 14456 14459 14462 14465 14536 14539 14542 14545 14547 14549 14552 14555 14558 14561 14633 14636 14639 14642 14644 14646 14649 14652 14655 14658 14730 14733 14736 14739 14839 14841 14844 14847 14850 14853 14925 14928 14931 14934
LI (47):  137 527 532 537 542 546 547 548 549 550 574 575 576 577 1442 1443 1444 1445 1446 1447 1448 1449 1450 1451 1452 1453 1454 1455 1456 1457 1458 1459 1460 1461 1462 1464 1476 1481 1486 1491 1500 2249 9384 9482 9525 9558 9588
NODE_NUM = 100
FILE ac97_ctrl_sub_61.aig

# Subcircuit 62
SUB_ID 62
LO (23):  9588 9599 9605 9616 9629 9642 9657 9673 9690 9706 9737 9768 9799 9830 9861 9892 9923 9954 9985 10013 15407 15411 15822
LI (47):  137 390 1460 1463 1465 1466 1467 1468 1471 1472 1477 1482 1487 1492 1501 1510 1519 1528 1537 1546 1555 1564 1573 9600 9613 9619 9626 9632 9639 9652 9653 9667 9669 9686 9703 9719 9729 9750 9760 9795 9826 9857 9888 9919 9950 9981 10012
NODE_NUM = 100
FILE ac97_ctrl_sub_62.aig

# Subcircuit 63
SUB_ID 63
LO (24):  9600 9613 9619 9626 9632 9639 9653 9668 9669 9686 9703 9719 9750 9795 9826 9857 9888 9919 9950 9981 10012 10047 10048 10079
LI (41):  151 158 1468 1469 1470 1472 9599 9652 9667 9683 9700 9716 9747 9778 9791 9792 9809 9822 9823 9840 9853 9854 9871 9884 9885 9902 9915 9916 9933 9946 9947 9964 9977 9978 9995 10008 10009 10026 10039 10040 10046
NODE_NUM = 100
FILE ac97_ctrl_sub_63.aig

# Subcircuit 64
SUB_ID 64
LO (16):  9652 9667 9683 9700 9716 9729 9747 9760 9792 9823 9854 9885 10100 10122 10144 10166
LI (59):  1467 1468 1470 1473 1474 1475 1476 1478 1479 1480 1481 1483 1484 1485 1486 1488 1489 1490 1491 1493 1494 1495 1496 1497 1498 1499 1500 1502 1503 1504 1505 1506 1507 1508 1509 9599 9651 9653 9666 9668 9669 9682 9699 9715 9727 9746 9758 10079 10095 10099 10101 10117 10121 10125 10139 10143 10147 10161 10165
NODE_NUM = 100
FILE ac97_ctrl_sub_64.aig

# Subcircuit 65
SUB_ID 65
LO (17):  9778 9791 9809 9822 9840 9853 9871 9884 9902 9915 9916 9947 9978 10009 10040 10125 10147
LI (53):  1467 1468 1470 1511 1512 1513 1514 1515 1516 1517 1518 1520 1521 1522 1523 1524 1525 1526 1527 1529 1530 1531 1532 1533 1534 1535 1536 1538 1539 1540 1541 1542 1543 1544 1545 1547 1548 1551 1552 1553 1554 9653 9669 9777 9789 9808 9820 9839 9851 9870 9882 9901 9913
NODE_NUM = 100
FILE ac97_ctrl_sub_65.aig

# Subcircuit 66
SUB_ID 66
LO (15):  9913 9933 9946 9964 9977 9995 10008 10016 10026 10039 10046 10078 10095 10117 10139
LI (57):  137 1467 1468 1470 1549 1550 1556 1557 1558 1559 1560 1561 1562 1563 1565 1566 1567 1568 1569 1570 1571 1572 1574 1575 1576 1577 1578 1579 1580 1581 1582 1583 1584 1585 1586 1587 1588 1589 1590 1591 9599 9669 9932 9944 9963 9975 9994 10006 10013 10025 10037 10060 10070 10077 10092 10114 10136
NODE_NUM = 100
FILE ac97_ctrl_sub_66.aig

# Subcircuit 67
SUB_ID 67
LO (25):  10060 10070 10077 10092 10099 10101 10114 10121 10136 10143 10161 10165 10171 10174 10177 10180 10183 10186 10189 10192 10195 10198 10201 10203 10206
LI (70):  137 1010 1014 1017 1020 1023 1026 1029 1032 1035 1038 1041 1044 1047 1467 1468 1470 1592 1593 1594 1595 1596 1597 1598 1599 1600 1601 1602 1603 1604 1605 1606 1607 1608 1609 1610 1611 1612 1613 1614 1615 1616 1617 1618 1619 1620 9599 9653 9668 9669 10048 10056 10068 10090 10112 10134 10156 10158 10168 10169 10172 10175 10178 10181 10184 10187 10190 10193 10196 10199
NODE_NUM = 100
FILE ac97_ctrl_sub_67.aig

# Subcircuit 68
SUB_ID 68
LO (44):  10209 10212 10215 10219 10221 10224 10227 10230 10233 10236 10239 10243 10245 10248 10251 10255 10257 10260 10263 10270 10276 10287 10301 10315 10339 10342 10345 10348 10351 10354 10357 10360 10363 10366 10369 10372 10406 10409 10412 10415 10418 10421 10424 10427
LI (78):  136 350 351 352 353 354 355 356 357 358 359 360 361 556 557 558 559 560 561 562 563 954 955 959 972 974 976 978 980 982 984 986 988 990 1050 1053 1056 1059 1062 1065 1068 1071 1074 1077 1080 1083 1086 1089 1092 1095 1098 1101 1104 1301 1310 1368 1377 1386 1395 1404 1623 1624 1625 7499 10167 10168 10217 10241 10253 10269 10275 10281 10295 10324 10338 10341 10373 10404
NODE_NUM = 100
FILE ac97_ctrl_sub_68.aig

# Subcircuit 69
SUB_ID 69
LO (29):  10430 10433 10436 10439 10442 10445 10448 10451 10454 10457 10460 10463 10466 10469 10475 10481 10493 10507 10515 10522 10529 10533 10536 10539 10542 15301 15308 15434 15436
LI (59):  192 367 368 369 370 564 565 566 567 568 569 570 571 572 578 579 583 586 588 1319 1328 1337 1346 1355 1364 1373 1382 1391 1400 1409 1414 1419 1424 1629 1630 1631 1632 1633 1634 6089 10373 10456 10459 10462 10465 10468 10474 10480 10486 10487 10501 10521 10530 10532 10541 15305 15429 15433 15435
NODE_NUM = 100
FILE ac97_ctrl_sub_69.aig

# Subcircuit 70
SUB_ID 70
LO (51):  10541 10545 10548 10551 10554 10557 10560 10563 10566 10569 10572 10575 10578 10582 10585 10588 10591 10594 10597 10600 10603 10606 10609 10612 10614 10617 10620 10623 10626 10630 10632 10635 10638 10641 10644 10647 10650 10654 10656 10659 10662 10666 10668 10671 10674 10678 10681 10684 10687 10690 10693
LI (86):  76 85 93 100 107 114 292 295 296 297 298 371 372 373 374 375 376 377 378 379 380 381 382 590 592 594 596 598 600 602 604 606 608 610 612 614 1011 1015 1018 1021 1024 1027 1030 1033 1036 1039 1042 1045 1048 1051 1054 1057 1060 1063 1066 1069 1072 1075 1078 1081 1084 1087 1090 1093 1096 1099 1102 1105 1635 10530 10579 10580 10583 10586 10589 10592 10595 10598 10601 10604 10607 10610 10628 10652 10664 10692
NODE_NUM = 100
FILE ac97_ctrl_sub_70.aig

# Subcircuit 71
SUB_ID 71
LO (30):  10692 10696 10699 10702 10705 10708 10711 10714 10717 10720 10723 10773 10776 10779 10782 10785 10788 10791 10794 10797 10800 10803 10806 10809 10812 10815 10818 10821 10830 10839
LI (69):  121 128 135 142 149 156 163 170 177 184 299 300 301 302 303 305 307 308 310 312 314 561 562 563 564 565 566 567 568 569 570 571 572 573 574 575 576 577 585 587 1139 1148 1157 1166 1175 1184 1193 1202 1211 1220 1229 1238 1242 1247 1252 1257 1262 1428 1429 1631 1632 1635 1636 1637 1638 1639 10725 10829 10838
NODE_NUM = 100
FILE ac97_ctrl_sub_71.aig

# Subcircuit 72
SUB_ID 72
LO (12):  10848 10857 10866 10875 10884 10893 10902 10911 10920 10929 10938 10939
LI (58):  589 591 593 595 597 599 601 603 605 607 609 1430 1431 1432 1433 1434 1435 1436 1437 1438 1439 1440 1441 1631 1632 1640 1641 1642 1643 1644 1645 1646 1647 1648 1649 1650 1651 1652 1653 1654 1655 1656 1657 1658 1659 1660 1661 10847 10856 10865 10874 10883 10892 10901 10910 10919 10928 10937
NODE_NUM = 100
FILE ac97_ctrl_sub_72.aig

# Subcircuit 73
SUB_ID 73
LO (12):  10947 10956 10965 10974 10983 10992 11001 11010 11019 11028 11037 11038
LI (58):  611 613 615 616 617 618 619 620 621 622 623 1442 1443 1444 1445 1446 1447 1448 1449 1450 1451 1452 1631 1632 1662 1663 1664 1665 1666 1667 1668 1669 1670 1671 1672 1673 1674 1675 1676 1677 1678 1679 1680 1681 1682 1683 10939 10946 10955 10964 10973 10982 10991 11000 11009 11018 11027 11036
NODE_NUM = 99
FILE ac97_ctrl_sub_73.aig

# Subcircuit 74
SUB_ID 74
LO (17):  11046 11055 11064 11073 11082 11091 11100 11109 11113 11116 11135 13072 13075 13085 13658 13758 13956
LI (67):  321 390 624 625 626 627 628 629 630 631 1453 1454 1455 1456 1457 1458 1459 1631 1632 1684 1685 1686 1687 1688 1689 1690 1691 1692 1693 1694 1695 1696 1697 1698 1699 1700 1701 1702 1703 1840 11038 11045 11054 11063 11072 11081 11090 11099 11108 11112 11117 11120 11122 11124 11132 11134 13070 13073 13076 13077 13082 13655 13657 13755 13757 13953 13955
NODE_NUM = 99
FILE ac97_ctrl_sub_74.aig

# Subcircuit 75
SUB_ID 75
LO (38):  11120 11124 11127 11130 11132 11134 11144 11153 11162 11171 11180 11189 11198 11207 11216 11225 11234 11243 11252 11261 11270 11279 11288 11295 11302 11306 11310 11314 11318 11322 11326 11330 11334 11338 11342 11355 11411 11413
LI (67):  316 1709 1710 1711 1713 1715 1717 1719 1721 1723 1725 1727 1729 1731 1733 1735 1737 1739 1741 1742 1743 1744 1745 1746 1747 1748 1749 1750 1751 1752 1753 1754 1755 11119 11122 11126 11129 11131 11141 11150 11159 11168 11177 11186 11195 11204 11213 11222 11231 11240 11249 11258 11267 11276 11285 11292 11299 11303 11307 11311 11315 11319 11323 11327 11331 11335 11339
NODE_NUM = 100
FILE ac97_ctrl_sub_75.aig

# Subcircuit 76
SUB_ID 76
LO (49):  11129 11131 11366 11379 11392 13655 13657 13661 13664 13667 13670 13673 13676 13679 13682 13685 13688 13691 13694 13697 13755 13759 13762 13765 13768 13771 13774 13777 13780 13783 13786 13789 13792 13795 13953 13957 13960 13963 13966 13969 13972 13975 13978 13981 13984 13987 13990 13993 15705
LI (46):  77 1704 1705 1706 1707 1708 1758 1759 1760 1810 2137 2138 2139 2140 2141 2142 2143 2144 2145 2146 2147 2148 2149 2150 2169 11126 11130 11141 11150 11159 11168 11177 11186 11195 11204 11213 11222 11231 11240 11249 11361 11362 11374 11375 11387 11388
NODE_NUM = 99
FILE ac97_ctrl_sub_76.aig

# Subcircuit 77
SUB_ID 77
LO (33):  11141 11150 11159 11168 11177 11186 11195 11204 11213 11276 11285 11292 11299 11303 11307 13706 13709 13712 13715 13718 13721 13806 13809 13812 13815 13818 13821 14004 14007 14010 14013 14016 14019
LI (48):  319 321 323 325 326 327 328 329 330 1712 1714 1716 1718 1720 1722 1724 11117 11119 11122 11199 11203 11208 11212 11274 11283 11290 11297 13655 13705 13708 13711 13714 13717 13720 13755 13805 13808 13811 13814 13817 13820 13953 14003 14006 14009 14012 14015 14018
NODE_NUM = 96
FILE ac97_ctrl_sub_77.aig

# Subcircuit 78
SUB_ID 78
LO (45):  11199 11203 11208 11212 11222 11231 11240 11249 11258 11267 11274 11311 11315 11319 11323 11327 11331 11335 13700 13703 13724 13727 13730 13733 13736 13739 13742 13800 13803 13824 13827 13830 13833 13836 13839 13842 13998 14001 14022 14025 14028 14031 14034 14037 14038
LI (49):  331 332 333 334 335 336 337 1726 1728 1730 1732 1734 1736 11117 11119 11122 11257 11262 11266 11271 13655 13699 13702 13723 13726 13729 13732 13735 13738 13741 13755 13799 13802 13823 13826 13829 13832 13835 13838 13841 13953 13997 14000 14021 14024 14027 14030 14033 14036
NODE_NUM = 100
FILE ac97_ctrl_sub_78.aig

# Subcircuit 79
SUB_ID 79
LO (32):  11257 11262 11266 11271 11283 11290 11297 11339 11346 11350 11356 11361 11374 11387 11396 11403 11410 13745 13748 13751 13845 13848 13851 14043 14046 14049 14431 14440 15321 15328 15463 15465
LI (42):  77 338 339 340 1704 1705 1709 1738 1740 1756 1757 1760 1761 1762 1763 1764 1765 11117 11119 11122 11126 11132 11355 11402 13655 13744 13747 13750 13755 13844 13847 13850 13953 14042 14045 14048 14426 14427 14435 14436 15462 15464
NODE_NUM = 94
FILE ac97_ctrl_sub_79.aig

# Subcircuit 80
SUB_ID 80
LO (37):  11414 11417 11420 11423 11426 11429 11432 11435 11438 11441 11444 11447 11450 11453 11456 11459 11463 11466 11469 11472 11475 11478 11481 11484 11487 11490 11493 11496 11499 11502 11505 11508 11511 11514 11517 11520 11521
LI (75):  325 326 327 328 329 330 331 332 333 334 335 336 337 338 339 340 400 405 410 415 420 424 429 433 438 442 447 451 456 460 469 478 487 496 505 514 523 554 555 556 557 558 559 560 561 562 563 564 565 1712 1714 1716 1718 1720 1722 1724 1726 1728 1730 1732 1734 1736 1738 1740 11411 11413 11460 11462 11465 11468 11471 11474 11477 11480 11483
NODE_NUM = 100
FILE ac97_ctrl_sub_80.aig

# Subcircuit 81
SUB_ID 81
LO (39):  11523 11526 11529 11532 11535 11538 11541 11544 11547 11550 11553 11556 11561 11564 11567 11570 11573 11576 11579 11582 11585 11588 11591 11594 11597 11600 11603 11606 11609 11612 11615 11618 11621 11624 11627 11630 11633 11636 11639
LI (73):  465 474 483 492 501 510 519 528 533 538 543 556 557 558 559 560 561 562 563 564 565 566 567 568 569 570 571 572 573 574 575 576 577 1280 1285 1290 1295 1300 1304 1309 1313 1318 1322 1327 1331 1336 1340 1349 1358 1367 1376 1385 1394 1403 11460 11521 11558 11560 11563 11566 11569 11572 11575 11578 11581 11584 11587 11622 11625 11628 11631 11634 11637
NODE_NUM = 100
FILE ac97_ctrl_sub_81.aig

# Subcircuit 82
SUB_ID 82
LO (46):  11622 11625 11628 11631 11634 11637 11642 11645 11648 11651 11654 11703 11706 11709 11712 11715 11718 11721 11724 11727 11730 11733 11736 11739 11742 11745 11748 11751 11755 11800 11803 11806 11809 11812 11815 11818 11821 11824 11827 11830 11833 11836 11839 11842 11844 11847
LI (70):  561 562 563 564 565 566 567 568 569 570 571 572 573 574 575 576 577 808 827 836 845 854 863 872 881 890 899 908 917 926 935 940 945 950 1345 1354 1363 1372 1381 1390 1399 1408 1413 1418 1423 11558 11641 11644 11647 11650 11653 11655 11701 11752 11754 11798 11801 11804 11807 11810 11813 11816 11819 11822 11825 11828 11831 11834 11837 11840
NODE_NUM = 100
FILE ac97_ctrl_sub_82.aig

# Subcircuit 83
SUB_ID 83
LO (54):  11758 11761 11764 11767 11770 11773 11776 11779 11782 11785 11788 11791 11794 11797 11798 11801 11804 11807 11810 11813 11816 11819 11822 11825 11828 11831 11834 11837 11840 11845 11848 11853 11856 11859 11862 11865 11868 11871 11874 11877 11880 11883 11886 11889 11892 11895 11898 11901 11904 11907 11910 11913 11916 11919
LI (95):  561 562 563 564 565 566 567 806 811 813 816 818 821 823 826 828 830 832 835 837 839 841 844 846 848 850 853 855 857 859 862 864 866 868 871 873 875 877 880 882 884 886 891 893 895 900 902 904 909 911 913 918 920 922 927 929 931 936 941 946 951 11752 11757 11760 11763 11766 11769 11772 11775 11778 11781 11784 11787 11790 11793 11796 11844 11847 11850 11852 11855 11858 11861 11864 11867 11870 11873 11876 11879 11882 11885 11888 11891 11894 11918
NODE_NUM = 100
FILE ac97_ctrl_sub_83.aig

# Subcircuit 84
SUB_ID 84
LO (32):  11918 11922 11925 11928 11931 11934 11937 11940 11943 11946 11980 11983 11986 11989 11992 11995 11998 12001 12004 12007 12010 12013 12016 12019 12022 12025 12028 12031 12034 12037 12040 12043
LI (55):  556 557 558 559 560 561 562 563 564 565 566 567 568 569 570 571 572 573 574 575 576 577 668 677 686 695 704 713 722 731 735 740 744 749 753 758 762 767 771 776 781 786 791 889 898 907 916 925 934 939 944 949 11850 11947 11978
NODE_NUM = 93
FILE ac97_ctrl_sub_84.aig

# Subcircuit 85
SUB_ID 85
LO (32):  12047 12050 12053 12056 12059 12062 12065 12068 12071 12074 12077 12080 12083 12086 12089 12092 12095 12098 12101 12104 12107 12110 12113 12116 12119 12122 12125 12128 12131 12134 12137 12140
LI (65):  556 557 558 559 560 561 562 563 564 565 566 567 568 569 570 571 572 573 574 575 576 577 647 652 657 662 667 671 676 680 685 689 694 698 703 707 712 716 721 725 730 734 739 743 748 752 757 761 766 770 775 780 785 790 12044 12046 12049 12052 12055 12058 12061 12064 12067 12070 12073
NODE_NUM = 86
FILE ac97_ctrl_sub_85.aig

# Subcircuit 86
SUB_ID 86
LO (32):  12144 12147 12150 12153 12156 12159 12162 12165 12168 12171 12174 12177 12180 12183 12186 12189 12192 12195 12198 12201 12204 12207 12210 12213 12216 12219 12222 12225 12228 12231 12234 12237
LI (65):  556 557 558 559 560 561 562 563 564 565 566 567 568 569 570 571 572 573 574 575 576 577 646 651 656 661 666 670 675 679 684 688 693 697 702 706 711 715 720 724 729 733 738 742 747 751 756 760 765 769 774 779 784 789 12141 12143 12146 12149 12152 12155 12158 12161 12164 12167 12170
NODE_NUM = 86
FILE ac97_ctrl_sub_86.aig

# Subcircuit 87
SUB_ID 87
LO (32):  12242 12245 12248 12251 12254 12257 12260 12263 12266 12269 12272 12275 12278 12281 12284 12287 12290 12293 12296 12299 12302 12305 12308 12311 12314 12317 12320 12323 12326 12329 12332 12335
LI (65):  556 557 558 559 560 561 562 563 564 565 566 567 568 569 570 571 572 573 574 575 576 577 645 650 655 660 665 669 674 678 683 687 692 696 701 705 710 714 719 723 728 732 737 741 746 750 755 759 764 768 773 778 783 788 12239 12241 12244 12247 12250 12253 12256 12259 12262 12265 12268
NODE_NUM = 86
FILE ac97_ctrl_sub_87.aig

# Subcircuit 88
SUB_ID 88
LO (38):  12336 12339 12342 12345 12348 12351 12354 12357 12360 12363 12366 12369 12372 12375 12378 12381 12384 12387 12390 12393 12396 12399 12402 12405 12408 12411 12414 12417 12420 12423 12426 12429 12430 15553 15555 15557 15563 15927
LI (65):  79 88 96 103 110 117 124 131 138 145 152 159 166 173 180 187 193 199 205 211 217 223 229 234 238 242 246 250 254 258 262 267 546 547 548 549 550 551 552 553 554 555 556 557 558 559 560 561 562 563 564 565 566 567 568 569 570 571 572 573 574 575 576 1767 4593
NODE_NUM = 100
FILE ac97_ctrl_sub_88.aig

# Subcircuit 89
SUB_ID 89
LO (34):  12432 12436 12439 12442 12445 12448 12451 12454 12457 12460 12463 12466 12469 12472 12475 12478 12481 12482 12485 12488 12491 12494 12497 12500 12503 12506 12509 12512 12515 12518 12521 12524 12527 12530
LI (54):  77 78 86 87 94 95 101 102 108 109 115 116 122 123 129 130 136 137 143 144 150 151 157 158 164 165 171 172 178 179 185 186 546 547 548 549 550 551 552 553 554 555 556 557 558 559 560 561 577 1767 4595 4598 12336 12430
NODE_NUM = 100
FILE ac97_ctrl_sub_89.aig

# Subcircuit 90
SUB_ID 90
LO (32):  12533 12536 12539 12542 12545 12548 12551 12554 12558 12561 12564 12567 12570 12573 12576 12579 12582 12585 12588 12591 12594 12597 12600 12603 12606 12609 12612 12615 12618 12621 12624 12627
LI (59):  192 198 204 210 216 222 228 233 546 547 548 549 550 551 552 553 554 555 556 557 558 559 560 561 562 563 564 565 566 567 568 569 577 1768 1769 1770 1771 1772 1773 1774 1775 1776 1777 1778 1779 1780 1781 1782 1783 12482 12555 12556 12559 12562 12565 12568 12571 12574 12577
NODE_NUM = 88
FILE ac97_ctrl_sub_90.aig

# Subcircuit 91
SUB_ID 91
LO (38):  12631 12634 12637 12640 12643 12646 12649 12652 12655 12658 12661 12664 12667 12670 12673 12676 12679 12682 12685 12688 12691 12694 12697 12700 12703 12706 12709 12712 12715 12719 12721 12727 12729 12733 12735 12737 12739 12741
LI (71):  10 12 14 16 18 20 22 24 26 28 30 32 34 36 38 40 42 44 46 48 50 52 54 56 58 60 62 64 66 80 81 546 547 548 549 550 551 552 553 554 555 556 557 558 559 560 561 562 563 564 565 566 567 568 569 570 571 572 573 574 1767 4571 4603 12716 12726 12728 12732 12734 12736 12738 12740
NODE_NUM = 100
FILE ac97_ctrl_sub_91.aig

# Subcircuit 92
SUB_ID 92
LO (50):  12726 12728 12732 12734 12736 12738 12740 12743 12745 12747 12749 12751 12753 12755 12757 12759 12761 12763 12765 12767 12769 12771 12773 12775 12777 12779 12781 12783 12785 15439 15444 15447 15451 15454 15455 15466 15467 15468 15473 15475 15478 15481 15484 15485 15486 15491 15493 15498 15500 15503
LI (86):  9 11 13 15 17 19 21 23 25 27 29 31 33 35 37 39 41 43 45 47 49 51 53 55 57 59 61 63 390 1635 1700 1701 1784 1785 1786 1787 1788 1789 1790 1791 1792 1793 1794 1795 1796 1797 1798 1799 1800 1801 1802 1803 1804 1805 1806 1807 1808 1809 1810 1811 1812 1813 1814 1815 2256 2257 2258 2262 4574 4579 4583 4605 12719 12721 12727 15437 15440 15450 15469 15472 15474 15477 15480 15483 15492 15495
NODE_NUM = 100
FILE ac97_ctrl_sub_92.aig

# Subcircuit 93
SUB_ID 93
LO (24):  12787 12791 12801 12808 12816 12818 12822 12826 12830 12836 12840 12844 12847 12850 12853 12856 12859 12862 12864 13018 13022 13028 13036 13044
LI (46):  65 1637 1639 1641 1643 1645 1647 1649 1651 1816 1817 1818 1819 1820 1821 1822 1823 1824 1825 1826 1827 1828 1834 1835 1836 1837 1838 12727 12795 12796 12821 12825 12829 12835 12837 12838 12841 12842 12845 12848 12851 12854 12857 12860 13014 13024
NODE_NUM = 100
FILE ac97_ctrl_sub_93.aig

# Subcircuit 94
SUB_ID 94
LO (63):  12865 12868 12871 12874 12877 12880 12883 12886 12888 12891 12894 12897 12900 12903 12906 12909 12912 12915 12919 12921 12924 12927 12930 12933 12937 13014 13045 13046 13047 13048 13049 13050 13053 13056 13059 13062 13063 13066 13069 13070 13073 13076 13077 13082 13086 13087 13088 13089 13090 13091 13092 13093 13094 13095 13096 13097 13100 13103 13106 13109 13112 13115 13118
LI (88):  89 191 197 203 209 215 221 389 638 799 1112 1273 1466 1653 1655 1657 1659 1661 1663 1665 1667 1669 1671 1673 1675 1677 1679 1681 1683 1685 1687 1689 1691 1693 1695 1697 1699 1833 1834 1839 1840 1841 1842 1843 1844 1845 1846 1847 1848 1849 1850 1851 1852 1853 1854 1855 1856 1857 1858 1859 1860 1861 1862 1863 1864 1865 1866 1867 1868 1869 1870 1871 1872 1873 1874 12841 12863 12864 12866 12869 12872 12875 12878 12881 12884 12917 12935 13117
NODE_NUM = 100
FILE ac97_ctrl_sub_94.aig

# Subcircuit 95
SUB_ID 95
LO (37):  13117 13121 13122 13123 13124 13125 13128 13131 13134 13137 13140 13143 13146 13149 13152 13155 13158 13161 13164 13167 13170 13173 13176 13179 13182 13185 13188 13191 13194 13197 13200 13203 13206 13209 13212 13215 13218
LI (70):  227 266 401 406 411 416 1768 1769 1770 1771 1772 1773 1774 1775 1776 1777 1778 1779 1780 1781 1782 1783 1840 1875 1876 1877 1878 1879 1880 1881 1882 1883 1884 1885 1886 1887 1888 1889 1890 1891 1892 1893 1894 1895 1896 1897 1898 1899 1900 1901 1902 1903 1904 1905 1906 1907 1908 1909 1910 1911 1912 1913 1914 1915 1916 1917 1918 1919 1920 13217
NODE_NUM = 100
FILE ac97_ctrl_sub_95.aig

# Subcircuit 96
SUB_ID 96
LO (48):  13217 13221 13224 13227 13230 13233 13236 13239 13242 13245 13248 13251 13254 13257 13260 13263 13266 13269 13272 13275 13278 13281 13284 13287 13290 13293 13294 13295 13296 13297 13298 13299 13300 13301 13302 13303 13304 13305 13306 13307 13308 13309 13310 13311 13312 13313 13316 13317
LI (75):  649 654 659 664 810 1840 1921 1922 1923 1924 1925 1926 1927 1928 1929 1930 1931 1932 1933 1934 1935 1936 1937 1938 1939 1940 1941 1942 1943 1944 1945 1946 1947 1948 1949 1950 1951 1952 1953 1954 1955 1956 1957 1958 1959 1960 1961 1962 1963 1964 1965 1966 1967 1968 1969 1970 1971 1972 1973 1974 1975 1976 1977 1978 1979 1980 1981 1982 1983 1984 1985 1986 1987 1988 1989
NODE_NUM = 100
FILE ac97_ctrl_sub_96.aig

# Subcircuit 97
SUB_ID 97
LO (34):  13319 13322 13325 13328 13331 13334 13337 13340 13343 13346 13349 13352 13355 13358 13361 13364 13367 13370 13373 13376 13379 13382 13385 13388 13391 13394 13397 13400 13403 13406 13409 13412 13415 13418
LI (69):  815 820 825 1123 1128 1133 1138 1840 1990 1991 1992 1993 1994 1995 1996 1997 1998 1999 2000 2001 2002 2003 2004 2005 2006 2007 2008 2009 2010 2011 2012 2013 2014 2015 2016 2017 2018 2019 2020 2021 2022 2023 2024 2025 2026 2027 2028 2029 2030 2031 2032 2033 2034 2035 2036 2037 2038 2039 2040 2041 2042 2043 2044 2045 2046 2047 2048 13317 13417
NODE_NUM = 100
FILE ac97_ctrl_sub_97.aig

# Subcircuit 98
SUB_ID 98
LO (35):  13417 13421 13424 13427 13430 13433 13436 13439 13442 13445 13448 13451 13454 13457 13460 13463 13466 13469 13472 13475 13478 13481 13484 13487 13490 13493 13494 13497 13500 13503 13506 13509 13512 13515 13518
LI (69):  1284 1289 1294 1299 1477 1482 1487 1492 1840 2049 2050 2051 2052 2053 2054 2055 2056 2057 2058 2059 2060 2061 2062 2063 2064 2065 2066 2067 2068 2069 2070 2071 2072 2073 2074 2075 2076 2077 2078 2079 2080 2081 2082 2083 2084 2085 2086 2087 2088 2089 2090 2091 2092 2093 2094 2095 2096 2097 2098 2099 2100 2101 2102 2103 2104 2105 2106 2107 13517
NODE_NUM = 100
FILE ac97_ctrl_sub_98.aig

# Subcircuit 99
SUB_ID 99
LO (37):  13517 13521 13524 13527 13530 13533 13536 13539 13542 13545 13548 13551 13554 13557 13561 13564 13567 13570 13573 13576 13579 13582 13585 13588 13591 13594 13597 13600 13603 13606 13609 13612 13615 15788 15789 15799 15800
LI (77):  561 562 563 564 581 582 957 958 1120 1125 1130 1135 1140 1144 1149 1153 1158 1162 1171 1180 1189 1198 1207 1216 1225 1234 1243 1840 2108 2109 2110 2111 2112 2113 2114 2115 2116 2117 2118 2119 2120 2121 2122 2123 2124 2125 2126 2127 2128 2129 2130 2131 2132 2133 2134 2135 2136 13558 13560 13563 13566 13569 13572 13575 13578 13581 13584 13587 13590 13593 13596 13599 13602 15779 15780 15790 15791
NODE_NUM = 100
FILE ac97_ctrl_sub_99.aig

# Subcircuit 100
SUB_ID 100
LO (52):  13618 13621 13624 13627 13630 13633 13636 13639 13642 13645 13648 13651 13654 13699 13702 13705 13708 13711 13714 13717 13720 13723 13726 13729 13732 13735 13738 13741 13744 13747 13750 13754 13757 13761 13764 13767 13770 13773 13776 13779 13782 13785 13788 13791 13794 13797 13799 13802 13805 13808 15810 15811
LI (85):  565 566 567 568 569 570 571 572 573 574 575 576 577 1167 1176 1185 1194 1203 1212 1221 1230 1239 1248 1253 1258 1263 1707 1708 2151 2152 2153 2154 2155 2156 2157 2158 2159 2160 2161 2162 2163 2164 2165 2166 2167 2168 2169 2170 2171 2172 2173 2174 2175 2176 2177 2178 2179 2180 2181 2182 2183 2184 2185 2186 2187 2188 2189 13558 13655 13755 13759 13762 13765 13768 13771 13774 13777 13780 13783 13786 13789 13792 13795 15801 15802
NODE_NUM = 100
FILE ac97_ctrl_sub_100.aig

# Subcircuit 101
SUB_ID 101
LO (46):  13811 13814 13817 13820 13823 13826 13829 13832 13835 13838 13841 13844 13847 13850 13854 13858 13861 13864 13867 13870 13873 13876 13879 13882 13885 13888 13891 13894 13897 13900 13903 13906 13909 13912 13915 13918 13921 13924 13927 13930 13933 13936 13939 13942 13945 15821
LI (83):  390 561 562 563 564 565 566 567 568 569 570 571 572 573 574 575 1121 1126 1131 1136 1141 1145 1150 1154 1159 1163 1168 1172 1177 1181 1186 1190 1195 1199 1204 1208 1213 1217 1222 1226 1231 1235 1240 1244 1249 1254 1466 2190 2191 2192 2193 2194 2195 2196 2197 2198 2199 2200 2201 2202 2203 2204 2205 2311 13755 13855 13857 13860 13863 13866 13869 13872 13875 13878 13881 13884 13887 13890 13893 13896 13899 15812 15813
NODE_NUM = 100
FILE ac97_ctrl_sub_101.aig

# Subcircuit 102
SUB_ID 102
LO (51):  13948 13951 13955 13959 13962 13965 13968 13971 13974 13977 13980 13983 13986 13989 13992 13995 13997 14000 14003 14006 14009 14012 14015 14018 14021 14024 14027 14030 14033 14036 14040 14042 14045 14048 14052 14053 14056 14059 14062 14065 14068 14071 14074 14077 14080 14083 14086 14087 14145 14148 15832
LI (84):  390 546 547 548 549 550 551 552 553 554 555 556 576 577 1122 1127 1132 1137 1146 1155 1164 1173 1182 1191 1200 1209 1259 1264 1273 2206 2207 2208 2209 2210 2211 2212 2213 2214 2215 2216 2217 2218 2219 2220 2221 2222 2223 2224 2225 2226 2227 2228 2229 2230 2231 2232 2233 2234 2235 2236 2237 2238 2239 2240 2311 8023 13855 13953 13957 13960 13963 13966 13969 13972 13975 13978 13981 13984 13987 13990 13993 14038 15823 15824
NODE_NUM = 100
FILE ac97_ctrl_sub_102.aig

# Subcircuit 103
SUB_ID 103
LO (27):  14089 14092 14095 14098 14101 14104 14107 14110 14113 14116 14119 14122 14125 14128 14131 14134 14137 14140 14143 14146 14149 14152 14161 14170 14179 14188 15836
LI (68):  390 557 558 559 560 561 562 563 564 565 566 567 568 569 570 571 572 573 574 575 1142 1151 1160 1169 1178 1187 1196 1205 1214 1218 1223 1227 1232 1236 1241 1245 1250 1255 1260 1265 1711 1713 1715 1717 1762 1763 2137 2138 2139 2140 2172 2173 2174 2175 2206 2207 2208 2209 2241 2242 14053 14087 14145 14148 14160 14169 14178 14187
NODE_NUM = 100
FILE ac97_ctrl_sub_103.aig

# Subcircuit 104
SUB_ID 104
LO (12):  14197 14206 14215 14224 14233 14242 14251 14260 14269 14278 14287 14288
LI (58):  1719 1721 1723 1725 1727 1729 1731 1733 1735 1737 1739 1762 1763 2141 2142 2143 2144 2145 2146 2147 2148 2149 2150 2151 2176 2177 2178 2179 2180 2181 2182 2183 2184 2185 2186 2210 2211 2212 2213 2214 2215 2216 2217 2218 2219 2220 2221 14196 14205 14214 14223 14232 14241 14250 14259 14268 14277 14286
NODE_NUM = 100
FILE ac97_ctrl_sub_104.aig

# Subcircuit 105
SUB_ID 105
LO (12):  14296 14305 14314 14323 14332 14341 14350 14359 14368 14377 14386 14387
LI (58):  1741 1742 1743 1744 1745 1746 1747 1748 1749 1750 1751 1762 1763 2152 2153 2154 2155 2156 2157 2158 2159 2160 2161 2162 2187 2188 2189 2190 2191 2192 2193 2194 2195 2196 2197 2222 2223 2224 2225 2226 2227 2228 2229 2230 2231 2232 14288 14295 14304 14313 14322 14331 14340 14349 14358 14367 14376 14385
NODE_NUM = 99
FILE ac97_ctrl_sub_105.aig

# Subcircuit 106
SUB_ID 106
LO (22):  14395 14404 14413 14422 14426 14427 14435 14436 14443 14446 14449 14468 14471 14474 14477 14480 14483 14486 14487 15854 15865 15876
LI (61):  389 390 551 552 553 554 555 556 557 638 799 1509 1518 1527 1536 1545 1554 1563 1572 1752 1753 1754 1755 1762 1763 2163 2164 2165 2166 2167 2168 2198 2199 2200 2201 2202 2203 2233 2234 2235 2236 2237 2243 2244 2245 2246 2247 2248 2311 14387 14394 14403 14412 14421 14450 15845 15846 15856 15857 15867 15868
NODE_NUM = 100
FILE ac97_ctrl_sub_106.aig

# Subcircuit 107
SUB_ID 107
LO (42):  14489 14492 14495 14498 14501 14504 14507 14510 14513 14516 14519 14522 14525 14528 14531 14534 14537 14540 14543 14546 14550 14553 14556 14559 14562 14565 14586 14589 14592 14595 14598 14601 14604 14607 14610 14613 14616 14619 14622 14625 14628 14631
LI (70):  551 558 559 560 561 562 563 564 565 566 567 568 569 570 571 572 573 1475 1480 1485 1490 1496 1499 1505 1508 1514 1523 1532 1541 1550 1559 1568 1577 1581 1586 1590 1595 1599 1604 1609 1614 1619 14450 14487 14536 14539 14542 14545 14547 14549 14552 14555 14558 14561 14584 14587 14590 14593 14596 14599 14602 14605 14608 14611 14614 14617 14620 14623 14626 14629
NODE_NUM = 100
FILE ac97_ctrl_sub_107.aig

# Subcircuit 108
SUB_ID 108
LO (47):  14568 14571 14574 14577 14580 14583 14584 14587 14590 14593 14596 14599 14602 14605 14608 14611 14614 14617 14620 14623 14626 14629 14634 14637 14640 14643 14647 14650 14653 14656 14659 14662 14665 14668 14671 14674 14677 14680 14683 14686 14689 14692 14695 14698 14701 14704 14707
LI (74):  551 552 553 554 555 556 557 558 559 560 561 562 563 564 565 566 1474 1479 1484 1489 1494 1495 1498 1503 1504 1507 1512 1513 1516 1517 1521 1522 1525 1526 1530 1531 1534 1535 1540 1543 1544 1549 1552 1553 1558 1561 1562 1567 1570 1571 1576 1579 1580 1585 1588 1589 1594 1597 1598 1603 1608 1613 1618 14547 14633 14636 14639 14642 14644 14646 14649 14652 14655 14658
NODE_NUM = 100
FILE ac97_ctrl_sub_108.aig

# Subcircuit 109
SUB_ID 109
LO (40):  14710 14713 14716 14719 14722 14725 14728 14731 14734 14737 14740 14741 14744 14747 14750 14753 14756 14759 14762 14765 14768 14771 14774 14777 14780 14783 14786 14789 14792 14795 14798 14801 14804 14806 14809 14812 14815 14818 14821 14824
LI (67):  546 547 548 549 550 551 552 553 554 555 556 557 558 559 560 561 562 563 564 565 566 567 568 569 570 571 572 573 809 814 819 824 829 833 838 842 847 851 856 860 865 869 878 887 896 905 914 923 932 1539 1548 1557 1566 1575 1584 1593 1602 1607 1612 1617 2250 6913 14644 14730 14733 14736 14739
NODE_NUM = 100
FILE ac97_ctrl_sub_109.aig

# Subcircuit 110
SUB_ID 110
LO (38):  14807 14810 14813 14816 14819 14822 14825 14828 14831 14834 14837 14842 14845 14848 14851 14854 14857 14860 14863 14866 14869 14872 14875 14878 14881 14884 14887 14890 14893 14896 14899 14902 14905 14908 14911 14914 14917 14918
LI (77):  551 552 553 554 555 556 557 558 559 560 561 562 563 564 565 566 567 568 569 570 571 574 575 576 577 874 883 892 901 910 919 928 937 942 947 952 1473 1478 1483 1488 1493 1497 1502 1506 1511 1515 1520 1524 1529 1533 1538 1542 1547 1551 1556 1560 1565 1569 1574 1578 1583 1587 1596 14741 14806 14809 14812 14815 14818 14821 14824 14839 14841 14844 14847 14850 14853
NODE_NUM = 100
FILE ac97_ctrl_sub_110.aig

# Subcircuit 111
SUB_ID 111
LO (53):  14920 14923 14926 14929 14932 14935 14939 14942 14945 14948 14951 14954 14957 14960 14963 14966 14969 14972 14975 14978 14981 14983 14986 14989 14992 14995 14998 15001 15004 15007 15010 15014 15016 15019 15022 15025 15028 15032 15033 15036 15039 15042 15045 15048 15051 15054 15057 15060 15063 15066 15067 15113 15116
LI (88):  546 547 548 549 550 551 552 553 554 555 556 572 573 1283 1288 1293 1298 1307 1316 1325 1334 1343 1352 1361 1370 1592 1601 1606 1611 1616 1636 1638 1640 1642 1644 1646 1648 1650 1652 1654 1656 1658 1660 1662 1664 1666 1668 1670 1672 1674 1676 1678 1680 1682 1684 1686 1688 1690 1692 1694 1696 1698 2251 8709 14839 14918 14925 14928 14931 14934 14936 14937 14940 14943 14946 14949 14952 14955 14958 14961 14964 14967 14970 14973 14976 14979 15012 15030
NODE_NUM = 99
FILE ac97_ctrl_sub_111.aig

# Subcircuit 112
SUB_ID 112
LO (41):  15069 15072 15075 15078 15081 15084 15087 15090 15093 15096 15099 15102 15105 15108 15111 15114 15117 15120 15123 15126 15129 15133 15136 15139 15142 15145 15166 15169 15172 15175 15178 15181 15184 15187 15190 15193 15196 15199 15202 15205 15208
LI (69):  557 558 559 560 561 562 563 564 565 566 567 568 569 570 571 574 575 576 577 1282 1287 1292 1297 1303 1306 1312 1321 1330 1339 1348 1357 1366 1375 1379 1384 1388 1393 1397 1402 1406 1411 1416 1421 1426 15033 15067 15113 15116 15130 15132 15135 15138 15141 15144 15164 15167 15170 15173 15176 15179 15182 15185 15188 15191 15194 15197 15200 15203 15206
NODE_NUM = 100
FILE ac97_ctrl_sub_112.aig

# Subcircuit 113
SUB_ID 113
LO (41):  15148 15151 15154 15157 15160 15163 15164 15167 15170 15173 15176 15179 15182 15185 15188 15191 15194 15197 15200 15203 15206 15211 15214 15217 15220 15223 15226 15252 15265 15268 15271 15278 15285 15291 15298 15424 15426 15509 15542 15583 15615
LI (67):  385 394 556 572 634 642 793 794 795 801 803 954 955 1009 1012 1106 1107 1114 1302 1311 1315 1320 1324 1329 1333 1338 1342 1347 1351 1356 1360 1365 1369 1374 1378 1383 1387 1392 1396 1401 1405 1410 1415 1420 1425 1798 15130 15147 15150 15153 15156 15159 15213 15216 15219 15222 15225 15262 15275 15295 15419 15423 15425 15575 15580 15608 15613
NODE_NUM = 100
FILE ac97_ctrl_sub_113.aig

# Subcircuit 114
SUB_ID 114
LO (29):  15295 15315 15331 15338 15377 15390 15416 15423 15425 15433 15435 15437 15440 15462 15464 15469 15472 15474 15483 15492 15495 15505 15514 15536 15608 15641 15682 15939 15940
LI (71):  79 81 266 794 797 1107 1108 1110 1116 1269 1277 1460 1461 1462 1464 1468 1470 1626 1634 1765 1788 1791 1807 2253 2254 2255 2259 2260 2261 2263 2264 2265 2266 2267 2268 2269 2270 2337 4571 4578 4592 5415 6090 6936 6962 7500 8046 8072 9613 9639 11127 12716 15335 15368 15372 15376 15381 15385 15389 15407 15411 15415 15520 15525 15528 15530 15674 15679 15934 15936 15938
NODE_NUM = 100
FILE ac97_ctrl_sub_114.aig

# Subcircuit 115
SUB_ID 115
LO (35):  15525 15528 15538 15547 15569 15580 15585 15593 15598 15613 15616 15618 15626 15631 15637 15646 15651 15659 15664 15670 15679 15684 15692 15697 15703 15707 15715 15720 15726 15730 15738 15743 15749 15932 15933
LI (71):  138 1624 1630 1761 1794 1801 1803 1806 1809 1812 1815 2134 2169 2204 2238 2241 2243 2245 2247 2266 2269 2271 2272 2273 2274 2275 2276 2277 2278 2279 2280 2281 2282 2283 2284 2285 2286 2287 2288 2289 2290 2291 2292 2293 2294 2295 2296 2297 2298 2299 2300 2301 2302 2303 2304 2334 6334 8718 9599 15522 15524 15553 15555 15557 15558 15561 15563 15615 15927 15929 15931
NODE_NUM = 75
FILE ac97_ctrl_sub_115.aig

# Subcircuit 116
SUB_ID 116
LO (43):  15753 15761 15766 15773 15774 15777 15778 15779 15780 15790 15791 15801 15802 15812 15813 15823 15824 15834 15845 15846 15856 15857 15867 15868 15880 15882 15887 15889 15894 15896 15901 15903 15908 15910 15915 15917 15922 15924 15929 15931 15936 15938 15941
LI (66):  77 78 79 86 87 88 136 137 138 143 144 145 192 193 198 199 242 271 274 276 278 280 283 285 287 289 291 546 547 1834 2131 2305 2306 2307 2308 2309 2310 2312 2313 2314 2315 2316 2317 2318 2319 2320 2321 2322 2323 2324 2325 2326 2327 2328 2329 2330 2331 2332 2333 2334 2335 2336 2337 2338 2339 15772
NODE_NUM = 46
FILE ac97_ctrl_sub_116.aig

