# Subcircuit 0
SUB_ID 0
LO (48):  265 267 271 274 277 279 282 285 287 289 292 294 308 309 310 311 312 313 314 315 316 317 318 319 326 327 328 329 330 331 332 333 334 335 336 337 344 345 346 347 348 349 350 351 352 353 354 355
LI (13):  5 6 266 270 273 276 278 281 284 286 288 291 293
NODE_NUM = 48
FILE dec_sub_0.aig

# Subcircuit 1
SUB_ID 1
LO (44):  266 270 273 276 278 281 284 286 288 291 293 296 297 298 299 300 301 302 303 304 305 306 307 320 321 322 323 324 325 338 339 340 341 342 343 356 357 358 359 360 361 362 431 500
LI (12):  1 3 7 8 267 269 275 290 295 309 327 345
NODE_NUM = 48
FILE dec_sub_1.aig

# Subcircuit 2
SUB_ID 2
LO (36):  269 275 290 295 364 365 366 367 368 369 370 371 372 373 374 375 376 377 378 379 381 382 383 384 385 386 387 388 389 390 391 392 393 394 395 396
LI (21):  2 4 265 270 273 276 278 281 284 286 288 291 293 296 298 300 302 304 306 308 362
NODE_NUM = 38
FILE dec_sub_2.aig

# Subcircuit 3
SUB_ID 3
LO (32):  398 399 400 401 402 403 404 405 406 407 408 409 410 411 412 413 415 416 417 418 419 420 421 422 423 424 425 426 427 428 429 430
LI (19):  270 273 276 278 281 284 286 288 291 293 296 298 300 302 304 306 326 344 362
NODE_NUM = 34
FILE dec_sub_3.aig

# Subcircuit 4
SUB_ID 4
LO (32):  433 434 435 436 437 438 439 440 441 442 443 444 445 446 447 448 450 451 452 453 454 455 456 457 458 459 460 461 462 463 464 465
LI (19):  265 270 273 276 278 281 284 286 288 291 293 296 298 300 302 304 306 308 431
NODE_NUM = 34
FILE dec_sub_4.aig

# Subcircuit 5
SUB_ID 5
LO (32):  467 468 469 470 471 472 473 474 475 476 477 478 479 480 481 482 484 485 486 487 488 489 490 491 492 493 494 495 496 497 498 499
LI (19):  270 273 276 278 281 284 286 288 291 293 296 298 300 302 304 306 326 344 431
NODE_NUM = 34
FILE dec_sub_5.aig

# Subcircuit 6
SUB_ID 6
LO (32):  502 503 504 505 506 507 508 509 510 511 512 513 514 515 516 517 519 520 521 522 523 524 525 526 527 528 529 530 531 532 533 534
LI (19):  265 270 273 276 278 281 284 286 288 291 293 296 298 300 302 304 306 308 500
NODE_NUM = 34
FILE dec_sub_6.aig

# Subcircuit 7
SUB_ID 7
LO (32):  536 537 538 539 540 541 542 543 544 545 546 547 548 549 550 551 553 554 555 556 557 558 559 560 561 562 563 564 565 566 567 568
LI (19):  270 273 276 278 281 284 286 288 291 293 296 298 300 302 304 306 326 344 500
NODE_NUM = 34
FILE dec_sub_7.aig

