# Subcircuit 0
SUB_ID 0
LO (40):  45 49 53 60 79 89 93 98 105 109 115 120 128 130 132 134 160 162 164 169 175 180 181 188 192 195 200 205 210 212 215 220 226 228 230 231 240 248 259 263
LI (10):  1 2 4 5 6 7 8 9 10 32
NODE_NUM = 126
FILE int2float_sub_0.aig

# Subcircuit 1
SUB_ID 1
LO (8):  32 78 146 209 219 251 273 278
LI (62):  1 2 3 4 5 6 7 8 9 10 11 45 49 53 60 70 79 89 93 98 105 109 115 120 121 128 130 132 134 139 160 162 164 166 168 169 175 180 181 188 189 192 195 197 200 205 207 210 212 215 220 226 228 230 231 240 248 249 259 263 265 270
NODE_NUM = 134
FILE int2float_sub_1.aig

