# Subcircuit 0
SUB_ID 0
LO (47):  93 96 99 102 105 108 112 115 118 121 124 128 131 134 137 141 145 148 151 152 348 349 350 351 352 353 354 355 356 357 358 359 360 361 362 363 364 365 366 367 368 369 370 371 372 373 374
LI (20):  10 11 12 13 14 15 16 17 18 19 20 21 22 23 24 25 26 27 28 29
NODE_NUM = 89
FILE router_sub_0.aig

# Subcircuit 1
SUB_ID 1
LO (14):  215 225 240 242 244 246 248 251 253 255 257 259 343 347
LI (45):  1 2 3 4 5 6 7 8 9 10 30 40 41 42 43 44 45 46 47 48 49 50 93 96 99 102 105 108 112 115 118 121 124 128 131 134 137 141 145 148 151 152 236 340 346
NODE_NUM = 98
FILE router_sub_1.aig

# Subcircuit 2
SUB_ID 2
LO (3):  236 340 346
LI (33):  1 31 32 33 34 35 36 37 38 39 40 51 52 53 54 55 56 57 58 59 60 225 240 242 244 246 248 251 253 255 257 259 283
NODE_NUM = 97
FILE router_sub_2.aig

