# Subcircuit 0
SUB_ID 0
LO (36):  368 372 377 382 385 394 403 412 421 430 439 448 457 466 475 476 688 693 694 767 769 808 828 1391 2093 2572 3045 3509 3977 4442 4906 4926 4944 4961 4975 4978
LI (40):  3 4 7 8 9 10 11 12 13 14 15 16 17 18 19 20 21 22 23 24 25 26 27 28 29 30 31 32 33 34 35 36 37 38 39 40 369 371 376 381
NODE_NUM = 192
FILE des3_area_sub_0.aig

# Subcircuit 1
SUB_ID 1
LO (106):  369 371 376 381 667 669 673 674 680 687 689 690 701 708 709 718 725 726 735 742 743 744 748 755 762 763 764 765 766 791 831 832 837 838 843 844 845 851 859 860 871 872 873 908 980 1003 1034 1056 1064 1126 1131 1185 2582 2584 2590 2629 2631 2637 2674 2675 2680 2684 2688 2730 2731 2739 2776 2781 2790 2808 2827 2832 2841 2859 3515 3520 3522 3548 3566 3570 3572 3596 3616 3625 3647 3670 3679 3698 3721 3729 3747 3764 3768 4454 4455 4463 4503 4511 4551 4559 4594 4600 4644 4656 4693 4699
LI (38):  1 2 5 6 104 105 106 107 123 124 125 126 127 128 132 133 134 135 136 137 138 139 140 171 172 173 177 178 179 180 181 182 186 187 188 688 693 694
NODE_NUM = 194
FILE des3_area_sub_1.aig

# Subcircuit 2
SUB_ID 2
LO (20):  484 3050 4546 4746 4753 4757 4760 4761 4767 4791 4794 4813 4825 4833 4853 4880 4974 5010 5150 5274
LI (24):  41 372 377 382 476 483 2672 2720 2774 2878 2884 2887 2895 2896 2899 2901 2911 3047 4495 4545 4741 4751 4756 4759
NODE_NUM = 199
FILE des3_area_sub_2.aig

# Subcircuit 3
SUB_ID 3
LO (17):  483 493 497 2672 2884 2895 2901 4741 4751 4759 4911 5004 5012 5015 5111 5216 5303
LI (39):  42 43 44 45 46 372 377 382 495 2624 2668 2883 4546 4593 4637 4740 4746 4749 4753 4757 4760 4761 4767 4768 4774 4784 4791 4794 4813 4825 4833 4853 4880 4908 4992 5000 5108 5213 5300
NODE_NUM = 199
FILE des3_area_sub_3.aig

# Subcircuit 4
SUB_ID 4
LO (40):  495 502 511 520 4081 4281 4292 4297 4302 4314 4333 4334 4344 4353 4369 4371 4374 4378 4386 4389 4391 4402 4410 4411 4416 4420 4421 4430 4593 4740 4749 4768 4774 4784 4987 5022 5040 5048 5051 5164
LI (40):  47 48 49 50 51 52 372 377 382 497 513 516 519 4030 4080 4276 4286 4291 4295 4299 4305 4310 4316 4319 4321 4326 4329 4336 4340 4346 4354 4590 4692 4736 5010 5012 5015 5018 5028 5036
NODE_NUM = 171
FILE des3_area_sub_4.aig

# Subcircuit 5
SUB_ID 5
LO (52):  513 516 519 529 538 547 556 2201 2405 2419 2424 2428 2434 2439 2450 2468 2476 2480 2493 2502 2507 2533 2544 2548 2551 4276 4286 4295 4299 4305 4310 4316 4319 4321 4326 4329 4336 4340 4346 4354 4447 4545 4756 4992 5058 5076 5093 5108 5119 5122 5179 5338
LI (74):  53 54 55 56 57 58 59 60 61 62 63 64 372 377 382 549 552 555 2146 2200 2400 2413 2418 2422 2425 2433 4081 4125 4128 4176 4224 4274 4275 4281 4292 4293 4297 4302 4304 4309 4314 4333 4334 4344 4353 4369 4371 4374 4378 4386 4389 4391 4402 4410 4411 4416 4420 4421 4430 4444 4542 4987 5046 5048 5051 5054 5064 5072 5081 5089 5107 5164 5176 5335
NODE_NUM = 198
FILE des3_area_sub_5.aig

# Subcircuit 6
SUB_ID 6
LO (20):  549 552 555 565 569 2400 2413 2422 2425 2433 2577 4080 4291 4931 5064 5129 5146 5152 5155 5252
LI (45):  65 66 67 68 69 70 372 377 382 567 2201 2252 2300 2399 2405 2412 2419 2421 2424 2428 2431 2434 2435 2439 2450 2468 2476 2480 2493 2502 2507 2533 2544 2548 2551 2574 4077 4928 5117 5119 5122 5125 5134 5142 5249
NODE_NUM = 199
FILE des3_area_sub_6.aig

# Subcircuit 7
SUB_ID 7
LO (41):  567 574 583 592 2252 2399 2412 2421 2431 2435 3145 3349 3357 3364 3369 3382 3394 3405 3420 3421 3425 3428 3437 3442 3446 3454 3455 3460 3466 3467 3477 3493 3497 5026 5113 5114 5162 5176 5188 5191 5307
LI (41):  71 72 73 74 75 76 372 377 382 569 585 588 591 2249 2348 2395 2398 2408 3094 3144 3344 3351 3356 3362 3366 3370 3375 3378 3384 3386 3389 3391 3396 3400 3416 3423 5150 5152 5155 5158 5175
NODE_NUM = 177
FILE des3_area_sub_7.aig

# Subcircuit 8
SUB_ID 8
LO (51):  585 588 591 601 610 619 628 1667 1935 1943 1951 1956 1958 1963 1983 1987 2001 2009 2014 2035 2058 2069 2072 2077 2200 2418 3344 3351 3362 3366 3370 3375 3378 3384 3386 3389 3391 3396 3400 3416 3423 3514 5028 5117 5198 5213 5234 5249 5259 5262 5321
LI (73):  77 78 79 80 81 82 83 84 85 86 87 88 372 377 382 621 624 627 1572 1666 1930 1937 1942 1949 1953 1957 2197 3145 3193 3196 3244 3295 3339 3343 3349 3350 3357 3364 3369 3377 3382 3383 3394 3405 3420 3421 3425 3428 3437 3442 3446 3454 3455 3460 3466 3467 3477 3493 3497 3511 5026 5113 5114 5186 5188 5191 5194 5212 5222 5230 5248 5307 5318
NODE_NUM = 197
FILE des3_area_sub_8.aig

# Subcircuit 9
SUB_ID 9
LO (19):  621 624 627 637 646 1930 1937 1949 1953 1957 2098 3144 3356 4949 5046 5186 5269 5286 5298
LI (46):  89 90 91 92 93 94 372 377 382 639 642 645 1667 1826 1874 1877 1925 1935 1936 1943 1948 1951 1952 1956 1958 1963 1983 1987 2001 2009 2014 2035 2058 2069 2072 2077 2095 3141 4946 5257 5259 5262 5265 5274 5282 5292
NODE_NUM = 200
FILE des3_area_sub_9.aig

# Subcircuit 10
SUB_ID 10
LO (17):  639 642 645 655 664 1826 1936 1948 1952 3982 4985 5081 5257 5292 5318 5328 5331
LI (37):  95 96 97 98 99 100 372 377 382 657 660 663 1763 1822 1825 3562 3612 3812 3819 3824 3831 3834 3839 3842 3845 3851 3853 3857 3859 3863 3868 3875 3879 3895 3979 4982 5317
NODE_NUM = 197
FILE des3_area_sub_10.aig

# Subcircuit 11
SUB_ID 11
LO (18):  657 660 663 770 775 964 970 1125 1176 1224 1234 1242 1243 1246 1247 1258 3693 5335
LI (70):  101 102 368 372 377 382 412 430 439 448 457 680 687 701 708 709 748 764 766 769 773 811 832 848 854 858 862 863 864 873 910 919 932 947 953 956 963 995 1004 1012 1017 1032 1038 1040 1048 1063 1064 1074 1077 1103 1110 1112 1113 1136 1138 1144 1157 1162 1164 1171 1187 1189 1195 1208 1213 1215 1222 5328 5331 5334
NODE_NUM = 109
FILE des3_area_sub_11.aig

# Subcircuit 12
SUB_ID 12
LO (59):  771 773 858 953 1038 1110 1154 1157 1162 1213 1572 1666 1763 1803 1822 1855 1874 1925 1942 2146 2197 2249 2300 2348 2395 2624 2668 2704 2709 2735 2762 2872 2883 3086 3133 3157 3184 3208 3235 3330 3526 3543 3544 3553 3592 3601 3659 3752 3799 4020 4108 4174 4254 4262 4485 4573 4581 4670 4676
LI (140):  368 385 448 680 687 689 701 718 772 790 842 849 850 853 854 855 864 872 885 943 949 950 979 1025 1034 1035 1074 1104 1105 1107 1151 1153 1159 1210 1494 1503 1510 1515 1522 1538 1542 1546 1547 1548 1550 1551 1552 1561 1564 1569 1571 1582 1601 1614 1624 1631 1637 1644 1646 1647 1651 1655 1656 1662 1683 1693 1702 1723 1730 1733 1737 1740 1744 1746 1747 1756 1762 1794 1800 1802 1806 1808 1816 1821 1847 1852 1854 1858 1860 1867 1868 1873 1898 1909 1911 1919 1924 2119 2130 2132 2140 2145 2170 2181 2183 2191 2196 2222 2233 2235 2243 2248 2273 2284 2286 2294 2299 2323 2333 2335 2343 2347 2370 2380 2382 2389 2394 2596 2606 2608 2616 2620 2643 2653 2655 2662 2667 2698 2700 2706
NODE_NUM = 199
FILE des3_area_sub_12.aig

# Subcircuit 13
SUB_ID 13
LO (50):  772 862 919 956 1040 1112 1136 1164 1215 1564 1662 1744 1756 1816 1919 1924 2119 2140 2145 2170 2181 2191 2222 2243 2294 2299 2323 2343 2616 2653 2720 2774 2878 2887 2896 2899 2911 3193 3295 3339 3716 3759 3766 3830 3833 3856 4124 4589 4655 4735
LI (135):  368 385 394 457 466 475 628 694 708 725 735 743 755 762 765 775 783 800 807 820 827 837 838 842 850 859 860 871 894 917 927 954 989 1002 1028 1104 1127 1135 1403 1410 1477 1487 1529 1532 1541 1556 1557 1563 1568 1640 1647 1660 1674 1683 1693 1723 1733 1736 1739 1740 1747 1751 1755 1760 1797 1815 1918 2109 2117 2139 2151 2159 2169 2175 2177 2190 2212 2220 2242 2293 2306 2313 2322 2342 2615 2648 2650 2693 2704 2709 2713 2719 2725 2733 2743 2767 2770 2777 2785 2795 2807 2812 2816 2822 2847 2858 2863 2867 2873 3147 3155 3165 3189 3192 3250 3257 3266 3277 3282 3286 3291 3297 3304 3313 3336 3338 3634 3645 3650 3654 3660 3685 3696 3701 3705
NODE_NUM = 200
FILE des3_area_sub_13.aig

# Subcircuit 14
SUB_ID 14
LO (86):  783 811 848 855 910 947 949 995 1032 1063 1103 1135 1137 1138 1144 1151 1171 1187 1195 1208 1222 2596 2606 2608 2655 2662 2693 2700 2719 2743 2749 2751 2752 2764 2770 2787 2789 2807 2816 2838 2840 2847 2858 3518 3584 3594 3602 3608 3619 3630 3641 3654 3666 3676 3678 3686 3717 3719 3724 3738 3770 3779 3783 3793 4448 4472 4476 4506 4510 4513 4518 4549 4553 4558 4562 4569 4583 4616 4642 4647 4650 4665 4674 4707 4712 4722
LI (94):  185 667 669 687 690 694 725 726 744 765 770 775 779 781 792 808 810 820 827 828 831 833 835 836 837 838 839 843 846 849 851 859 871 885 897 904 908 927 938 940 946 950 963 979 981 994 1012 1023 1025 1030 1031 1035 1047 1056 1061 1062 1086 1098 1101 1104 1113 1132 1141 1150 1181 1185 1192 1202 1206 2580 2586 2595 2601 2604 2677 2681 2686 2688 2692 2737 2739 2746 2801 2805 2831 2833 2846 2849 2857 3575 3577 3579 3586 3593
NODE_NUM = 199
FILE des3_area_sub_14.aig

# Subcircuit 15
SUB_ID 15
LO (62):  779 781 790 792 853 854 932 938 1017 1061 1098 1107 1141 1150 1159 1202 1206 1210 2595 2601 2615 2643 2648 2677 2698 2713 2725 2785 2801 2831 2846 3562 3586 3634 3685 3696 3812 3819 3831 3834 3839 3842 3845 3851 3853 3857 3859 3863 3868 3875 3879 3895 4495 4542 4590 4612 4622 4623 4636 4659 4682 4706
LI (119):  131 183 184 412 667 669 673 674 690 694 701 718 725 735 742 744 765 770 775 786 788 791 800 808 827 828 833 838 842 843 849 850 851 871 872 894 904 927 931 940 943 950 963 979 989 1002 1012 1014 1025 1028 1047 1086 1095 1104 1105 1113 1201 2594 2598 2627 2633 2642 2647 2674 2675 2697 2782 2798 2828 2840 2842 3525 3528 3530 3537 3545 3551 3553 3561 3617 3620 3633 3669 3671 3684 3687 3695 3716 3735 3745 3750 3752 3759 3810 3830 3833 3856 4458 4466 4479 4483 4489 4500 4507 4516 4522 4524 4532 4534 4541 4565 4569 4574 4586 4589 4603 4605 4616 4621
NODE_NUM = 200
FILE des3_area_sub_15.aig

# Subcircuit 16
SUB_ID 16
LO (66):  786 788 800 807 810 835 863 864 897 946 994 1023 1030 1048 1077 1095 1153 1181 1192 2620 2642 2647 2667 2681 2697 2706 2746 2767 2795 2805 2812 2857 2863 3530 3537 3545 3551 3561 3575 3579 3612 3633 3645 3650 3671 3684 3695 3735 3736 3741 3748 3824 4464 4475 4479 4500 4522 4530 4532 4586 4598 4605 4619 4692 4704 4736
LI (117):  119 129 130 150 151 152 421 520 667 669 673 674 680 690 694 708 726 735 744 765 771 775 791 796 803 805 808 809 820 828 831 832 833 837 838 839 842 843 844 851 871 885 894 896 904 917 927 940 942 943 950 963 989 991 1002 1012 1025 1028 1035 1047 1067 1074 1086 1093 1104 1113 1178 2641 2680 2755 2759 2765 2789 2791 2809 2854 2860 3544 3548 3567 3574 3584 3594 3596 3604 3608 3627 3631 3636 3641 3644 3647 3670 3678 3680 3694 3726 3728 3730 4472 4478 4519 4531 4585 4662 4666 4672 4684 4688 4696 4700 4710 4716 4719 4723 4731 4735
NODE_NUM = 199
FILE des3_area_sub_16.aig

# Subcircuit 17
SUB_ID 17
LO (68):  803 805 820 827 833 849 850 942 991 1515 1546 1571 1615 1631 1644 1730 1736 1794 1800 1821 1838 1847 1852 1873 1889 1898 1909 2109 2126 2130 2169 2175 2196 2233 2273 2284 2313 2333 2370 2380 2733 2822 3069 3073 3076 3093 3100 3103 3123 3130 3173 3181 3203 3224 3232 3273 3745 4038 4066 4156 4164 4205 4252 4458 4466 4489 4637 4696
LI (124):  111 112 113 117 118 144 145 146 667 669 673 674 689 694 726 765 767 771 775 816 823 839 917 940 989 1002 1426 1429 1436 1443 1452 1459 1461 1477 1514 1531 1532 1533 1541 1545 1557 1560 1568 1569 1591 1607 1614 1629 1633 1637 1640 1643 1651 1660 1674 1683 1693 1706 1713 1723 1728 1732 1733 1737 1740 1747 1751 1771 1780 1782 1793 1796 1797 1828 1836 1845 1846 1849 1888 1896 1900 1908 2103 2107 2121 2129 2168 2172 2224 2232 2257 2261 2272 2275 2282 2312 2325 2331 2353 2359 2369 2372 2379 2730 2731 3052 3059 3068 3737 3738 3744 4452 4454 4455 4463 4464 4486 4487 4612 4622 4624 4632 4636 4694
NODE_NUM = 200
FILE des3_area_sub_17.aig

# Subcircuit 18
SUB_ID 18
LO (57):  839 842 846 1101 1189 1514 1545 1607 1643 1706 1739 1771 1793 1802 1854 1908 2103 2129 2177 2232 2257 2272 2282 2322 2331 2347 2369 2379 2604 2650 2755 2854 3094 3141 3189 3192 3244 3266 3277 3291 3313 3336 3593 3810 4030 4077 4093 4125 4176 4224 4230 4274 4452 4524 4541 4574 4672
LI (148):  403 556 694 701 718 742 743 755 762 763 764 765 767 775 845 860 894 943 954 963 979 1002 1074 1105 1410 1419 1436 1470 1478 1487 1503 1513 1522 1537 1538 1543 1544 1547 1548 1551 1552 1561 1568 1582 1584 1591 1601 1606 1614 1615 1637 1641 1642 1647 1651 1674 1676 1683 1693 1702 1705 1713 1737 1751 1768 1792 1797 1838 1906 1907 2100 2126 2231 2254 2264 2271 2281 2321 2368 2378 2749 2751 2752 3069 3074 3076 3090 3093 3116 3121 3123 3137 3140 3171 3173 3174 3188 3217 3222 3224 3239 3243 3265 3272 3274 3312 3319 3322 3335 3592 3782 3787 3790 3803 3806 4003 4008 4012 4025 4029 4052 4057 4060 4073 4076 4083 4090 4099 4105 4108 4121 4124 4149 4154 4156 4171 4175 4190 4197 4221 4223 4237 4244 4268 4270 4449 4573 4671
NODE_NUM = 200
FILE des3_area_sub_18.aig

# Subcircuit 19
SUB_ID 19
LO (72):  885 894 904 917 927 931 940 943 950 954 963 979 981 989 1002 1004 1012 1025 1028 1035 1047 1067 1074 1113 1132 2586 2594 2598 2633 2641 2686 2777 2798 2809 2828 2833 2849 2860 2867 3525 3567 3574 3604 3617 3620 3627 3636 3669 3680 3701 3730 3750 3782 3787 3803 3806 4487 4507 4516 4519 4531 4534 4565 4603 4632 4662 4671 4684 4694 4700 4716 4731
LI (157):  110 114 115 116 120 121 122 141 142 143 147 148 149 153 154 155 156 157 158 165 166 167 168 169 170 174 175 176 667 669 673 674 690 694 770 772 775 791 808 828 833 837 844 860 881 890 900 913 923 940 975 980 985 989 998 1003 1008 1025 1047 1070 1072 1074 1104 1131 2583 2584 2591 2592 2630 2631 2638 2639 2684 2776 2797 2808 2827 2832 2848 2859 3515 3518 3520 3522 3523 3524 3566 3570 3572 3573 3601 3602 3616 3619 3625 3666 3679 3698 3699 3729 3747 3748 3773 3775 3776 3779 3783 3784 3793 3795 3796 3799 3800 3802 4503 4506 4510 4511 4514 4518 4530 4549 4551 4554 4555 4558 4559 4562 4564 4594 4596 4597 4598 4600 4601 4628 4631 4642 4643 4644 4646 4647 4650 4655 4656 4659 4661 4670 4675 4676 4678 4682 4693 4699 4713 4727 4730
NODE_NUM = 200
FILE des3_area_sub_19.aig

# Subcircuit 20
SUB_ID 20
LO (22):  1070 1072 1086 1093 1104 1105 1127 1384 2583 2591 2630 2638 2791 2842 3773 4514 4554 4585 4675 4954 5134 5222
LI (42):  108 109 159 160 161 162 163 164 421 667 669 673 674 970 1082 1089 1125 1126 1176 1224 1234 1242 1243 1246 1247 1258 2582 2590 2629 2637 2790 2841 3764 3766 3769 3770 3772 4513 4553 4582 4583 4674
NODE_NUM = 200
FILE des3_area_sub_20.aig

# Subcircuit 21
SUB_ID 21
LO (60):  1396 1403 1429 1557 1584 1705 1728 1768 1782 1792 1815 1845 1867 1888 2107 2117 2139 2159 2168 2190 2212 2220 2242 2254 2281 2312 2321 2353 2359 2368 2389 3059 3090 3116 3147 3155 3165 3188 3217 3257 3265 3282 3297 3312 4003 4025 4029 4052 4060 4090 4099 4105 4121 4139 4147 4169 4196 4232 4243 4264
LI (109):  103 192 382 667 669 690 694 726 744 765 770 771 775 791 808 842 1384 1391 1399 1401 1411 1419 1428 1436 1538 1542 1548 1560 1568 1582 1591 1601 1614 1637 1640 1647 1651 1660 1674 1683 1693 1695 1702 1713 1723 1727 1737 1740 1747 1751 1760 1780 1791 1797 1842 1882 1886 2114 2156 2167 2206 2208 2217 2320 2365 3058 3084 3086 3101 3103 3107 3109 3113 3154 3159 3161 3182 3184 3200 3201 3203 3210 3212 3254 3264 3279 3309 3987 3991 3993 3998 4001 4019 4021 4035 4042 4045 4047 4051 4087 4093 4097 4102 4103 4112 4120 4133 4137 4144
NODE_NUM = 200
FILE des3_area_sub_21.aig

# Subcircuit 22
SUB_ID 22
LO (71):  1399 1401 1410 1411 1419 1428 1531 1542 1543 1556 1629 1655 1732 1746 1796 1808 1842 1882 1900 1906 1911 2132 2151 2172 2224 2235 2261 2264 2275 2286 2306 2325 2372 2382 2394 3058 3068 3074 3084 3113 3121 3137 3154 3174 3182 3212 3222 3239 3272 3286 3304 3319 3335 3987 4008 4019 4035 4047 4057 4073 4076 4083 4087 4097 4149 4171 4190 4197 4221 4244 4268
LI (107):  190 191 217 218 219 249 667 669 673 674 690 694 744 765 770 771 775 791 808 828 833 842 851 1406 1415 1417 1426 1436 1452 1522 1529 1532 1533 1537 1538 1541 1547 1568 1569 1582 1591 1601 1624 1626 1637 1640 1651 1660 1674 1683 1693 1702 1713 1723 1731 1737 1740 1745 1747 1751 1760 1780 1797 1881 2285 3062 3066 3073 3081 3118 3131 3133 3181 3221 3233 3235 3271 3301 3318 3328 3334 3984 4007 4018 4056 4066 4072 4086 4139 4147 4164 4170 4183 4186 4196 4201 4206 4211 4219 4243 4248 4252 4254 4255 4258 4259 4266
NODE_NUM = 200
FILE des3_area_sub_22.aig

# Subcircuit 23
SUB_ID 23
LO (84):  1415 1417 1426 1436 1443 1452 1459 1461 1470 1477 1478 1487 1513 1532 1533 1537 1538 1541 1550 1552 1568 1569 1606 1633 1646 1676 1727 1731 1745 1755 1836 1849 1860 1881 1886 1896 1918 2100 2121 2183 2208 2217 2248 2271 2285 2292 2335 3066 3118 3131 3161 3171 3233 3250 3254 3264 3279 3301 3309 3318 3334 3338 3984 3991 3998 4012 4018 4045 4072 4086 4120 4133 4136 4144 4154 4170 4201 4211 4219 4228 4237 4248 4258 4259
LI (112):  205 206 207 208 209 210 214 215 216 220 221 222 235 236 237 247 248 250 251 252 255 256 257 258 667 669 673 674 690 694 726 744 765 770 771 772 775 791 808 828 833 842 851 1422 1432 1439 1448 1452 1455 1460 1466 1473 1477 1483 1485 1495 1512 1547 1548 1552 1569 1591 1601 1603 1614 1624 1632 1637 1640 1645 1647 1674 1683 1713 1723 1733 1737 1740 1747 1751 1754 1760 1780 1797 1833 1834 1848 1885 1893 1894 1917 2268 3117 3127 3130 3168 3232 3331 4070 4071 4119 4132 4153 4169 4200 4210 4216 4231 4232 4233 4247 4257
NODE_NUM = 200
FILE des3_area_sub_23.aig

# Subcircuit 24
SUB_ID 24
LO (79):  1483 1485 1494 1495 1503 1510 1512 1522 1529 1547 1548 1551 1560 1561 1563 1582 1591 1601 1603 1614 1624 1632 1637 1640 1641 1645 1647 1651 1660 1674 1683 1693 1695 1702 1713 1720 1733 1737 1740 1751 1760 1762 1828 1833 1885 1893 1894 1917 2114 2156 2268 2293 2320 2342 3052 3101 3117 3127 3200 3274 3331 4042 4056 4070 4102 4103 4112 4132 4137 4186 4200 4206 4210 4223 4231 4247 4257 4266 4270
LI (114):  193 194 195 196 197 198 199 200 201 202 203 204 211 212 213 223 224 225 226 227 228 229 230 231 232 233 234 238 239 240 241 242 243 244 245 246 253 254 259 260 261 264 265 266 267 268 269 270 667 669 673 674 690 694 726 744 770 775 791 808 828 833 851 1490 1499 1503 1506 1511 1518 1522 1525 1529 1547 1548 1560 1578 1582 1587 1597 1601 1610 1620 1637 1640 1647 1651 1660 1670 1674 1679 1689 1693 1698 1709 1719 1733 1740 1747 1751 1760 1780 2292 3100 3273 3330 4038 4039 4136 4205 4228 4230 4262 4264 4265
NODE_NUM = 199
FILE des3_area_sub_24.aig

# Subcircuit 25
SUB_ID 25
LO (90):  1719 1723 1747 1780 1797 1848 2095 2574 2592 2627 2639 2737 2759 2765 2782 2797 2848 2873 3047 3062 3109 3159 3210 3322 3511 3528 3577 3631 3660 3687 3694 3699 3705 3726 3728 3737 3744 3769 3775 3776 3790 3795 3979 4021 4175 4183 4444 4449 4478 4483 4486 4582 4596 4621 4624 4628 4631 4666 4688 4710 4713 4719 4723 4727 4730 4908 4928 4946 4966 4982 5000 5018 5036 5054 5072 5089 5107 5125 5142 5158 5175 5194 5212 5230 5248 5265 5282 5300 5317 5334
LI (136):  189 262 263 271 272 273 274 275 276 277 278 279 280 281 282 283 284 285 286 287 288 289 290 291 292 293 294 295 296 297 298 299 300 301 302 303 377 382 667 669 673 674 694 701 708 718 735 742 755 762 765 770 771 772 775 783 791 807 808 828 831 832 837 838 842 844 855 859 860 863 872 964 1074 1113 1137 1154 1487 1720 1776 1803 1855 1889 2093 2572 2735 2762 2764 2781 2787 2838 2872 3045 3157 3208 3509 3526 3543 3630 3659 3676 3686 3693 3717 3719 3721 3724 3725 3736 3741 3768 3977 4020 4174 4442 4448 4475 4476 4485 4581 4619 4623 4665 4704 4706 4707 4712 4722 4906 4926 4944 4954 4961 4974 4975 4978 5298
NODE_NUM = 143
FILE des3_area_sub_25.aig

