# Subcircuit 0
SUB_ID 0
LO (19):  51 53 55 57 59 61 64 65 67 73 88 255 267 635 832 907 1073 2735 2736
LI (19):  1 2 3 4 5 6 7 8 9 10 11 12 13 14 15 16 17 18 19
NODE_NUM = 29
FILE sin_sub_0.aig

# Subcircuit 1
SUB_ID 1
LO (13):  76 86 104 109 112 120 122 124 130 135 144 157 5451
LI (8):  20 21 22 23 67 72 73 85
NODE_NUM = 32
FILE sin_sub_1.aig

# Subcircuit 2
SUB_ID 2
LO (34):  72 85 111 113 114 117 118 119 125 126 139 149 159 160 175 176 189 191 199 201 203 228 280 281 283 307 328 373 375 376 377 412 456 480
LI (10):  18 19 23 65 76 84 110 112 115 124
NODE_NUM = 39
FILE sin_sub_2.aig

# Subcircuit 3
SUB_ID 3
LO (39):  84 105 106 107 108 110 115 116 121 123 127 128 129 131 132 133 134 142 143 153 156 208 211 278 279 295 310 327 351 354 372 413 414 424 447 531 555 695 734
LI (13):  17 23 64 86 87 88 104 109 113 120 122 126 130
NODE_NUM = 44
FILE sin_sub_3.aig

# Subcircuit 4
SUB_ID 4
LO (13):  87 136 137 253 305 322 371 394 446 450 454 2157 2643
LI (46):  16 23 106 108 114 116 119 123 128 129 132 133 134 135 141 155 178 187 191 193 201 204 205 206 213 243 286 294 295 296 297 301 302 308 314 323 356 365 372 373 374 375 377 388 440 449
NODE_NUM = 50
FILE sin_sub_4.aig

# Subcircuit 5
SUB_ID 5
LO (17):  138 173 243 359 365 657 718 751 809 810 812 813 814 819 821 1144 3585
LI (29):  107 118 136 141 155 156 172 190 192 195 242 295 339 341 343 350 352 355 356 357 412 638 639 656 687 701 716 745 807
NODE_NUM = 44
FILE sin_sub_5.aig

# Subcircuit 6
SUB_ID 6
LO (14):  140 172 560 578 630 701 798 807 826 840 842 850 1079 1082
LI (33):  108 110 114 135 139 170 178 191 223 278 280 372 412 446 479 516 529 553 554 555 556 569 627 696 759 774 778 781 784 786 797 799 825
NODE_NUM = 50
FILE sin_sub_6.aig

# Subcircuit 7
SUB_ID 7
LO (22):  141 170 276 277 496 516 542 543 553 619 626 627 656 796 797 828 829 1759 1778 2376 2381 2867
LI (41):  106 118 121 153 156 169 180 196 200 202 205 210 223 265 269 273 278 288 297 302 308 355 424 431 446 447 456 478 490 493 503 509 530 539 541 590 614 618 654 719 794
NODE_NUM = 50
FILE sin_sub_7.aig

# Subcircuit 8
SUB_ID 8
LO (26):  146 169 222 223 224 226 227 229 238 241 242 294 323 339 346 347 348 350 406 411 440 469 472 799 864 2868
LI (41):  105 107 110 115 117 121 127 131 133 142 143 144 166 185 186 187 195 196 197 198 200 201 202 204 219 220 221 228 278 287 290 329 338 344 345 405 409 438 454 464 467
NODE_NUM = 49
FILE sin_sub_8.aig

# Subcircuit 9
SUB_ID 9
LO (25):  147 148 151 152 166 198 207 209 213 215 219 301 325 326 338 383 386 388 405 425 438 483 490 509 524
LI (44):  105 107 110 111 115 116 121 127 128 133 144 150 155 158 164 181 186 205 206 208 212 214 294 296 300 308 309 324 334 376 379 381 382 384 395 400 423 424 430 433 479 482 508 521
NODE_NUM = 50
FILE sin_sub_9.aig

# Subcircuit 10
SUB_ID 10
LO (18):  150 313 314 541 606 614 648 654 742 745 760 774 953 955 956 1236 2039 2078
LI (40):  121 134 149 155 187 197 200 211 296 306 307 308 309 310 340 347 357 375 397 413 414 430 448 479 591 597 598 603 642 644 646 719 732 738 740 741 765 768 1212 1233
NODE_NUM = 50
FILE sin_sub_10.aig

# Subcircuit 11
SUB_ID 11
LO (31):  154 155 164 177 178 185 378 379 407 408 409 465 466 467 478 497 498 503 508 539 582 584 706 766 775 930 974 1016 2033 3143 5122
LI (37):  105 108 110 114 115 121 125 127 131 133 134 143 144 151 153 156 162 174 176 181 201 205 206 228 308 344 354 357 372 395 414 472 501 502 532 581 583
NODE_NUM = 50
FILE sin_sub_11.aig

# Subcircuit 12
SUB_ID 12
LO (18):  158 162 457 464 781 931 942 966 1001 1004 1005 1007 1009 1013 1055 1117 1118 2399
LI (27):  110 123 156 157 160 214 220 258 323 331 341 372 375 383 395 455 456 460 556 639 807 921 929 930 936 959 999
NODE_NUM = 48
FILE sin_sub_12.aig

# Subcircuit 13
SUB_ID 13
LO (14):  174 427 430 929 1970 1979 2001 2032 2109 2121 2122 2129 2133 2251
LI (43):  106 107 128 153 155 159 176 187 205 214 220 308 313 340 346 356 357 374 379 382 383 395 407 412 426 454 503 659 705 720 928 1968 1969 1971 1989 2000 2026 2031 2093 2097 2100 2102 2114
NODE_NUM = 50
FILE sin_sub_13.aig

# Subcircuit 14
SUB_ID 14
LO (16):  179 181 290 518 521 554 590 597 704 716 724 732 794 885 3507 4000
LI (44):  116 132 133 139 148 151 156 159 180 188 198 207 220 227 228 288 302 341 347 348 351 357 372 373 374 376 383 411 413 426 432 501 503 585 591 594 665 711 720 725 790 863 869 878
NODE_NUM = 50
FILE sin_sub_14.aig

# Subcircuit 15
SUB_ID 15
LO (11):  180 658 687 2026 2608 2705 2711 2722 2743 2850 2929
LI (23):  121 152 157 174 209 258 277 447 448 480 684 2023 2366 2368 2375 2376 2386 2500 2603 2642 2661 2699 2715
NODE_NUM = 48
FILE sin_sub_15.aig

# Subcircuit 16
SUB_ID 16
LO (19):  186 265 720 786 928 1027 1038 1040 1041 1042 1044 1046 1060 1091 1092 1138 1147 1173 5439
LI (21):  115 157 158 160 176 258 262 325 376 383 530 555 626 719 926 981 982 999 1021 1023 1057
NODE_NUM = 47
FILE sin_sub_16.aig

# Subcircuit 17
SUB_ID 17
LO (13):  187 341 585 1223 1233 1968 2291 2303 2306 2366 2368 2369 2371
LI (37):  127 137 142 149 150 155 178 196 200 205 220 296 340 342 344 373 396 406 415 425 480 503 532 584 759 1214 1220 1232 1963 2034 2231 2271 2282 2288 2290 2294 2360
NODE_NUM = 47
FILE sin_sub_17.aig

# Subcircuit 18
SUB_ID 18
LO (15):  188 195 857 860 932 934 983 990 994 999 2038 2049 2066 2067 2084
LI (45):  105 106 108 132 138 140 149 155 194 197 198 213 220 223 286 288 297 298 301 323 325 347 353 356 382 408 412 413 414 415 426 581 660 705 733 796 922 981 982 2034 2037 2040 2056 2065 2081
NODE_NUM = 49
FILE sin_sub_18.aig

# Subcircuit 19
SUB_ID 19
LO (16):  190 194 482 768 1971 2034 2794 2847 2897 2899 2902 2905 2906 2937 2954 3194
LI (17):  105 189 193 354 481 767 2033 2705 2742 2743 2755 2786 2842 2844 2850 2892 2893
NODE_NUM = 47
FILE sin_sub_19.aig

# Subcircuit 20
SUB_ID 20
LO (15):  192 193 381 618 757 759 1986 1989 2023 2050 2056 2806 2842 2844 2876
LI (46):  118 119 123 127 141 156 191 196 200 204 213 220 227 228 287 297 302 305 330 343 346 347 373 407 409 413 425 464 465 499 503 617 787 974 1981 2015 2022 2051 2290 2799 2811 2841 2862 2866 2867 2868
NODE_NUM = 50
FILE sin_sub_20.aig

# Subcircuit 21
SUB_ID 21
LO (13):  196 334 725 922 926 1232 1981 2114 3599 3871 3874 3875 4006
LI (37):  105 135 138 158 206 207 222 226 279 295 309 327 329 331 332 345 375 414 554 560 563 591 704 720 796 1231 2010 2111 3142 3575 3579 3594 3600 3721 3866 3867 4004
NODE_NUM = 50
FILE sin_sub_21.aig

# Subcircuit 22
SUB_ID 22
LO (12):  197 460 481 738 2273 2282 2661 2755 2811 4004 4478 4490
LI (49):  105 114 116 140 148 151 175 187 190 211 214 220 224 309 310 341 374 382 394 412 431 458 480 532 562 582 660 704 733 737 778 787 863 929 948 2109 2159 2272 2288 2303 2653 2654 2744 2808 3160 3884 4002 4003 4479
NODE_NUM = 50
FILE sin_sub_22.aig

# Subcircuit 23
SUB_ID 23
LO (18):  200 1212 2035 2037 2288 3175 3177 3208 3214 3228 3234 3237 3238 3239 3248 3251 3428 3527
LI (27):  107 114 116 190 199 214 228 327 375 447 870 1211 2287 2738 2937 2954 3103 3111 3116 3174 3178 3186 3189 3202 3218 3222 3233
NODE_NUM = 50
FILE sin_sub_23.aig

# Subcircuit 24
SUB_ID 24
LO (18):  202 306 332 598 1969 2015 2022 2294 2862 3600 3698 3754 3757 3760 3761 3762 3876 3877
LI (40):  121 128 129 134 174 175 186 213 220 302 307 313 324 330 331 345 377 406 413 431 479 531 553 718 719 733 799 982 2010 2035 2102 2292 2867 3111 3178 3696 3697 3731 3738 3739
NODE_NUM = 49
FILE sin_sub_24.aig

# Subcircuit 25
SUB_ID 25
LO (13):  204 530 684 705 711 878 936 3594 3866 3867 4808 4817 4969
LI (40):  121 136 173 202 203 205 227 229 241 278 280 281 288 295 323 324 343 376 394 395 406 458 499 671 683 710 733 871 877 934 3142 3507 3592 3854 3859 4717 4782 4791 4792 4962
NODE_NUM = 49
FILE sin_sub_25.aig

# Subcircuit 26
SUB_ID 26
LO (16):  205 206 556 594 1214 1220 2010 2102 3174 3186 3189 3202 3217 3218 3222 3535
LI (34):  123 131 139 143 151 158 159 175 177 188 213 281 324 347 414 415 456 542 581 592 948 1215 2005 3111 3140 3167 3181 3182 3187 3198 3220 3521 3523 3533
NODE_NUM = 48
FILE sin_sub_26.aig

# Subcircuit 27
SUB_ID 27
LO (17):  210 212 329 396 400 646 681 683 741 947 959 981 1211 2744 3148 3160 3167
LI (47):  106 108 114 116 121 123 129 132 138 146 158 176 192 199 207 211 221 223 279 296 324 327 328 331 372 373 375 377 397 398 408 412 447 449 531 658 677 945 958 969 973 975 1206 2290 3142 3146 3163
NODE_NUM = 49
FILE sin_sub_27.aig

# Subcircuit 28
SUB_ID 28
LO (14):  214 1242 1307 1310 1314 1315 1335 1364 1381 1387 1405 1411 1421 1797
LI (18):  107 135 331 446 834 1189 1196 1199 1204 1240 1252 1263 1291 1299 1304 1318 1326 1334
NODE_NUM = 49
FILE sin_sub_28.aig

# Subcircuit 29
SUB_ID 29
LO (13):  220 3897 3903 4022 4024 4031 4032 4049 4051 4053 4054 4056 4180
LI (19):  107 175 324 2738 3111 3178 3187 3754 3871 3875 3876 3877 3892 3906 3908 3991 3996 4015 4028
NODE_NUM = 50
FILE sin_sub_29.aig

# Subcircuit 30
SUB_ID 30
LO (12):  221 300 423 644 784 975 1215 2071 2077 2081 3575 4175
LI (45):  127 140 146 153 176 185 199 211 228 253 278 281 296 298 307 327 328 342 343 355 356 372 412 413 414 415 431 447 465 479 531 643 659 719 974 1968 2039 2050 2068 2080 3546 3552 3555 3570 4171
NODE_NUM = 49
FILE sin_sub_30.aig

# Subcircuit 31
SUB_ID 31
LO (8):  258 1291 1385 1415 1426 1430 1496 1500
LI (20):  9 23 257 809 813 819 821 1265 1266 1278 1289 1313 1335 1342 1347 1359 1364 1372 1377 1381
NODE_NUM = 48
FILE sin_sub_31.aig

# Subcircuit 32
SUB_ID 32
LO (9):  257 921 1134 1137 1181 1304 1372 1377 1933
LI (20):  10 23 57 255 630 819 821 852 1038 1042 1071 1098 1099 1100 1112 1123 1127 1131 1168 1173
NODE_NUM = 42
FILE sin_sub_32.aig

# Subcircuit 33
SUB_ID 33
LO (13):  262 269 1098 1123 1127 1263 1289 1342 1347 1438 1513 1514 2380
LI (24):  8 23 55 266 267 809 813 819 821 1001 1005 1007 1009 1038 1042 1044 1046 1090 1091 1092 1117 1118 1261 1340
NODE_NUM = 49
FILE sin_sub_33.aig

# Subcircuit 34
SUB_ID 34
LO (13):  266 273 1075 1090 1261 1313 1334 1340 1412 1417 1484 1552 2733
LI (19):  6 7 23 53 446 626 1007 1009 1038 1042 1044 1046 1072 1073 1087 1395 1400 1405 1411
NODE_NUM = 50
FILE sin_sub_34.aig

# Subcircuit 35
SUB_ID 35
LO (11):  286 287 677 1206 3116 4389 4498 4504 4505 4613 4614
LI (22):  107 156 189 211 278 279 283 340 424 465 614 990 2647 3115 4027 4272 4281 4365 4374 4385 4492 4493
NODE_NUM = 41
FILE sin_sub_35.aig

# Subcircuit 36
SUB_ID 36
LO (9):  288 5188 5243 5284 5288 5294 5320 5329 5330
LI (17):  108 127 139 157 325 499 4027 5114 5121 5133 5172 5184 5231 5232 5279 5280 5319
NODE_NUM = 50
FILE sin_sub_36.aig

# Subcircuit 37
SUB_ID 37
LO (11):  296 2068 5231 5232 5378 5400 5413 5417 5423 5434 5435
LI (21):  131 149 160 177 180 221 222 280 342 356 455 458 4027 5215 5223 5345 5356 5362 5374 5389 5412
NODE_NUM = 50
FILE sin_sub_37.aig

# Subcircuit 38
SUB_ID 38
LO (13):  297 643 2231 2271 2292 2372 2374 2375 2386 2506 2518 2526 2601
LI (24):  133 136 186 198 199 222 258 277 354 479 561 659 2138 2162 2223 2234 2266 2371 2376 2383 2384 2504 2508 2525
NODE_NUM = 48
FILE sin_sub_38.aig

# Subcircuit 39
SUB_ID 39
LO (12):  298 302 2290 3584 3592 3739 4037 4156 4157 4162 4268 4269
LI (34):  105 119 131 134 139 142 150 157 160 177 186 192 206 211 213 228 324 340 406 413 479 591 719 757 3552 3586 4022 4032 4034 4039 4146 4159 4266 4267
NODE_NUM = 44
FILE sin_sub_39.aig

# Subcircuit 40
SUB_ID 40
LO (15):  308 309 384 639 671 945 4034 4716 4717 4816 4893 4899 4982 4983 5133
LI (24):  118 132 133 175 198 208 342 345 354 378 413 670 733 943 4027 4033 4611 4618 4622 4702 4712 4808 4891 5131
NODE_NUM = 49
FILE sin_sub_40.aig

# Subcircuit 41
SUB_ID 41
LO (13):  324 529 2162 2798 2799 5247 5279 5280 5319 5323 5327 5328 5333
LI (39):  106 107 129 156 160 188 192 203 204 222 297 343 408 423 426 483 528 530 555 563 581 864 1979 2145 2153 2154 2159 2273 2796 3555 3584 5098 5125 5278 5284 5288 5317 5320 5330
NODE_NUM = 47
FILE sin_sub_41.aig

# Subcircuit 42
SUB_ID 42
LO (17):  330 331 397 493 592 600 602 659 665 670 982 5098 5114 5120 5121 5184 5223
LI (38):  105 114 127 135 136 143 148 153 203 222 305 310 346 351 374 413 414 458 480 498 591 599 663 667 863 1212 1971 1986 2109 2653 3507 4037 5044 5051 5094 5116 5117 5216
NODE_NUM = 50
FILE sin_sub_42.aig

# Subcircuit 43
SUB_ID 43
LO (15):  340 342 343 479 603 696 973 3696 3697 3710 3721 3731 3851 4791 5412
LI (34):  106 123 127 129 131 139 150 174 177 189 203 224 279 327 331 354 375 406 413 455 503 602 695 2738 3520 3612 3684 3691 3694 3702 3703 3704 4784 5403
NODE_NUM = 50
FILE sin_sub_43.aig

# Subcircuit 44
SUB_ID 44
LO (18):  344 345 352 502 617 660 663 710 1240 2080 2142 3163 3884 3892 4015 4374 5125 5131
LI (50):  105 108 114 115 118 119 135 137 177 191 198 201 207 208 281 295 310 339 351 354 357 396 405 433 447 455 480 555 709 718 732 733 787 869 870 948 1237 1970 2035 2049 2077 2078 2806 2868 3552 3881 3887 4002 4013 5124
NODE_NUM = 50
FILE sin_sub_44.aig

# Subcircuit 45
SUB_ID 45
LO (16):  353 355 501 583 667 787 790 2808 3555 4013 4611 4617 4618 4622 4712 5341
LI (40):  118 128 131 137 146 148 153 224 229 280 295 325 354 376 377 395 408 432 449 450 458 499 581 599 740 774 870 2807 2867 3160 3554 4010 4498 4505 4585 4589 4596 4613 4614 4621
NODE_NUM = 50
FILE sin_sub_45.aig

# Subcircuit 46
SUB_ID 46
LO (12):  356 357 719 2647 2653 3691 5438 5445 5446 5452 5456 5463
LI (26):  105 127 156 159 177 187 199 207 342 374 376 415 590 597 626 990 994 1021 1027 2646 2648 5413 5417 5434 5435 5439
NODE_NUM = 43
FILE sin_sub_46.aig

# Subcircuit 47
SUB_ID 47
LO (9):  374 2866 3128 3140 3181 3198 3407 3422 3424
LI (32):  114 133 151 174 177 180 189 208 213 223 372 377 465 497 581 953 2738 2897 2899 3099 3111 3124 3131 3178 3194 3228 3389 3390 3394 3401 3404 3412
NODE_NUM = 49
FILE sin_sub_47.aig

# Subcircuit 48
SUB_ID 48
LO (15):  382 395 563 569 948 958 2153 3146 3579 3859 4891 4980 4981 4986 4987
LI (40):  107 121 128 135 141 149 150 176 191 211 224 227 229 279 375 407 408 480 503 555 562 566 581 600 765 947 957 2049 2147 3144 3148 3507 3857 4817 4873 4874 4893 4974 4975 4983
NODE_NUM = 50
FILE sin_sub_48.aig

# Subcircuit 49
SUB_ID 49
LO (18):  415 426 566 778 1231 1237 2892 2893 3142 3520 3521 3523 3533 3694 3702 3704 3887 5124
LI (42):  106 108 121 123 133 136 139 153 179 189 203 227 295 327 341 373 375 383 424 458 555 583 591 619 775 969 990 1021 1236 2877 2891 3175 3177 3178 3187 3507 3508 3527 3698 3699 3886 5123
NODE_NUM = 50
FILE sin_sub_49.aig

# Subcircuit 50
SUB_ID 50
LO (22):  431 432 433 448 449 455 458 532 740 869 943 1963 3552 3738 4003 4171 4784 4974 4975 5038 5039 5389
LI (45):  121 123 127 128 131 133 135 139 149 159 175 178 179 180 186 188 198 199 208 323 328 346 352 373 383 414 426 456 483 531 554 555 796 865 942 969 2100 3548 3735 4169 4961 4969 5030 5032 5382
NODE_NUM = 48
FILE sin_sub_50.aig

# Subcircuit 51
SUB_ID 51
LO (22):  499 528 561 562 581 591 709 877 969 2093 2123 2135 2136 2237 2240 2241 2244 2245 2247 2255 2259 5403
LI (37):  107 116 119 131 133 146 147 157 191 198 207 208 279 280 307 322 325 346 372 406 409 456 524 708 876 1021 1961 2001 2032 2066 2067 2084 2092 2122 2129 2133 5401
NODE_NUM = 48
FILE sin_sub_51.aig

# Subcircuit 52
SUB_ID 52
LO (14):  599 638 1071 1112 1131 1196 1199 1252 1395 1463 1473 1547 1592 2807
LI (31):  13 23 146 178 446 637 658 840 842 891 892 895 896 897 899 914 1013 1070 1079 1082 1110 1192 1246 1247 1314 1315 1393 1448 1452 1459 1462
NODE_NUM = 50
FILE sin_sub_52.aig

# Subcircuit 53
SUB_ID 53
LO (14):  637 855 892 896 1070 1087 1155 1186 1189 1246 1247 1318 1476 1900
LI (28):  14 23 61 446 635 809 813 840 842 891 895 897 899 1060 1061 1062 1079 1080 1081 1082 1137 1138 1144 1154 1181 1314 1315 1474
NODE_NUM = 48
FILE sin_sub_53.aig

# Subcircuit 54
SUB_ID 54
LO (19):  642 708 733 737 765 767 818 825 909 914 1051 1099 1100 1162 2005 2145 2287 2407 3548
LI (41):  12 23 59 107 143 151 154 160 176 179 208 211 213 222 280 295 325 376 383 408 450 456 465 706 734 736 760 764 766 809 810 813 814 819 821 906 907 1001 2003 2144 3547
NODE_NUM = 49
FILE sin_sub_54.aig

# Subcircuit 55
SUB_ID 55
LO (15):  834 852 1061 1062 1080 1081 1154 1192 1299 1929 1932 1934 1939 1941 2171
LI (23):  15 23 578 809 813 826 828 829 833 840 842 850 891 894 895 899 1079 1147 1155 1900 1907 1912 1924
NODE_NUM = 48
FILE sin_sub_55.aig

# Subcircuit 56
SUB_ID 56
LO (18):  833 863 865 870 871 888 891 894 895 897 899 1110 1278 1359 1445 1530 1531 2412
LI (18):  23 140 258 280 328 407 465 480 516 543 751 818 832 860 864 885 909 921
NODE_NUM = 47
FILE sin_sub_56.aig

# Subcircuit 57
SUB_ID 57
LO (22):  906 957 1021 1023 1057 1072 1168 1200 1203 1204 1326 1398 1512 1597 1907 1918 2173 2175 2324 2341 2678 5032
LI (32):  4 5 11 23 51 140 229 283 328 373 412 456 480 518 626 818 909 956 1005 1007 1009 1016 1038 1041 1044 1051 1055 1162 1166 1901 1902 5031
NODE_NUM = 46
FILE sin_sub_57.aig

# Subcircuit 58
SUB_ID 58
LO (16):  1265 1266 1961 2000 2031 2138 2223 2234 2266 2358 2360 2383 2508 2520 2534 2596
LI (23):  258 277 371 809 813 921 1307 1310 1385 1387 1892 1955 1957 2135 2136 2216 2219 2237 2262 2357 2382 2526 2533
NODE_NUM = 50
FILE sin_sub_58.aig

# Subcircuit 59
SUB_ID 59
LO (4):  1393 1400 1880 2342
LI (30):  818 840 1046 1082 1203 1398 1559 1617 1651 1652 1689 1731 1755 1756 1785 1786 1787 1788 1789 1809 1815 1824 1827 1833 1853 1856 1860 1868 1872 1876
NODE_NUM = 49
FILE sin_sub_59.aig

# Subcircuit 60
SUB_ID 60
LO (9):  1448 1452 1459 1462 1802 1892 2065 2092 2097
LI (20):  446 818 1001 1004 1007 1203 1242 1412 1415 1417 1421 1426 1430 1438 1445 1457 1501 1506 1561 1880
NODE_NUM = 50
FILE sin_sub_60.aig

# Subcircuit 61
SUB_ID 61
LO (9):  1501 1506 1539 1559 1561 1617 1645 1872 1876
LI (20):  818 842 909 1079 1082 1463 1467 1468 1469 1476 1486 1496 1500 1519 1524 1536 1555 1560 1605 1612
NODE_NUM = 50
FILE sin_sub_61.aig

# Subcircuit 62
SUB_ID 62
LO (11):  1467 1474 1486 1519 1524 1536 1669 1678 1731 1824 1833
LI (31):  262 273 819 821 840 897 909 921 1001 1005 1082 1242 1473 1484 1485 1513 1514 1530 1531 1533 1653 1654 1656 1660 1661 1704 1705 1706 1718 1721 1729
NODE_NUM = 49
FILE sin_sub_62.aig

# Subcircuit 63
SUB_ID 63
LO (13):  1533 1555 1560 1605 1612 1651 1652 1689 1785 1786 1827 1860 1868
LI (21):  262 818 899 1315 1326 1512 1539 1547 1552 1569 1577 1588 1602 1604 1646 1648 1679 1687 1768 1775 1780
NODE_NUM = 50
FILE sin_sub_63.aig

# Subcircuit 64
SUB_ID 64
LO (13):  1569 1577 1646 1648 1660 1661 1687 1692 1748 1755 1756 1853 1856
LI (26):  258 446 818 842 909 921 1079 1082 1242 1314 1568 1574 1575 1576 1624 1625 1628 1635 1641 1645 1738 1745 1746 1749 1843 1845
NODE_NUM = 50
FILE sin_sub_64.aig

# Subcircuit 65
SUB_ID 65
LO (15):  1574 1588 1602 1604 1624 1653 1654 1656 1671 1679 1718 1738 1745 1775 1843
LI (31):  258 262 269 273 809 813 840 891 895 897 899 1001 1005 1075 1586 1587 1592 1597 1598 1622 1623 1669 1675 1678 1716 1739 1740 1741 1769 1770 1771
NODE_NUM = 50
FILE sin_sub_65.aig

# Subcircuit 66
SUB_ID 66
LO (14):  1622 1625 1635 1675 1704 1729 1809 1815 2913 2915 2923 2926 2932 3491
LI (24):  273 809 812 819 821 909 1075 1203 1315 1633 1671 1702 1767 1792 1793 1800 1803 2730 2741 2794 2847 2906 2908 2912
NODE_NUM = 48
FILE sin_sub_66.aig

# Subcircuit 67
SUB_ID 67
LO (23):  1641 1702 1705 1706 1716 1721 1739 1740 1741 1746 1749 1767 1768 1769 1770 1771 1780 1788 1789 1792 1793 1800 1803
LI (32):  258 262 269 273 446 578 842 891 894 897 899 921 966 1075 1079 1082 1203 1242 1314 1315 1692 1695 1699 1701 1748 1759 1761 1765 1779 1798 1799 1802
NODE_NUM = 50
FILE sin_sub_67.aig

# Subcircuit 68
SUB_ID 68
LO (20):  1779 1787 1798 1901 1902 1912 1955 1957 2216 2219 2349 2352 2355 2357 2396 2440 2443 2466 2467 2468
LI (26):  638 819 855 888 1001 1005 1075 1134 1186 1203 1242 1778 1797 1911 1954 2187 2188 2193 2201 2203 2215 2251 2330 2348 2395 2439
NODE_NUM = 50
FILE sin_sub_68.aig

# Subcircuit 69
SUB_ID 69
LO (6):  1911 1924 2699 2786 2841 2888
LI (18):  821 855 909 1042 1918 1922 2664 2667 2670 2671 2675 2683 2685 2696 2767 2777 2832 2834
NODE_NUM = 49
FILE sin_sub_69.aig

# Subcircuit 70
SUB_ID 70
LO (10):  1922 1954 2187 2188 2201 2203 2215 2330 2664 2665
LI (18):  258 626 812 921 1044 1046 1929 1932 1933 1934 1939 1941 1947 2171 2179 2200 2324 2352
NODE_NUM = 48
FILE sin_sub_70.aig

# Subcircuit 71
SUB_ID 71
LO (23):  2003 2040 2051 2100 2111 2144 2147 2154 2159 2179 2193 2346 2348 2395 2462 2469 2476 2620 2654 2674 2762 2822 3634
LI (44):  116 138 142 152 198 215 227 280 323 328 331 386 469 478 496 531 554 555 582 638 742 818 834 864 909 932 983 1007 1042 1046 2039 2142 2157 2173 2175 2177 2192 2248 2338 2339 2343 2404 2461 2468
NODE_NUM = 48
FILE sin_sub_71.aig

# Subcircuit 72
SUB_ID 72
LO (17):  2192 2200 2248 2262 2404 2422 2423 2433 2446 2447 2489 2536 2683 2685 3443 3794 3928
LI (23):  638 812 813 818 821 834 1009 2121 2123 2199 2241 2244 2245 2247 2251 2255 2259 2401 2408 2414 2415 2678 2681
NODE_NUM = 49
FILE sin_sub_72.aig

# Subcircuit 73
SUB_ID 73
LO (15):  2272 2338 2339 2343 2382 2461 2525 2547 2671 2767 2777 2832 2834 2891 3938
LI (31):  160 258 277 310 626 638 834 855 1001 1005 1007 1009 1038 1040 2240 2244 2336 2337 2341 2342 2380 2381 2489 2524 2540 2766 2771 2773 2821 2825 2888
NODE_NUM = 49
FILE sin_sub_73.aig

# Subcircuit 74
SUB_ID 74
LO (9):  2384 2524 2540 2558 2593 2987 2991 3015 3018
LI (20):  258 276 277 2237 2240 2244 2248 2251 2380 2400 2433 2539 2548 2549 2551 2561 2562 2577 2581 2591
NODE_NUM = 48
FILE sin_sub_74.aig

# Subcircuit 75
SUB_ID 75
LO (14):  2400 2401 2408 2413 2414 2415 2425 2439 2458 2494 2504 2533 2613 3454
LI (16):  818 2237 2240 2244 2248 2251 2399 2407 2412 2422 2423 2433 2440 2443 2447 2489
NODE_NUM = 50
FILE sin_sub_75.aig

# Subcircuit 76
SUB_ID 76
LO (6):  2500 2730 3431 3449 3469 3625
LI (12):  834 2396 2458 2476 2494 2608 2618 2631 2722 3442 3443 3461
NODE_NUM = 46
FILE sin_sub_76.aig

# Subcircuit 77
SUB_ID 77
LO (17):  2539 2548 2549 2551 2561 2562 2577 2581 2591 2603 3099 3101 3103 3389 3401 3404 3425
LI (26):  277 2237 2240 2244 2248 2251 2376 2382 2404 2446 2518 2534 2536 2547 2593 2596 2601 2926 2943 2959 2974 3086 3098 3386 3422 3424
NODE_NUM = 48
FILE sin_sub_77.aig

# Subcircuit 78
SUB_ID 78
LO (10):  2618 2631 3793 3798 3839 3842 3927 3969 4208 4285
LI (21):  818 834 2234 2244 2408 2415 2433 2462 2469 2520 2613 2614 2624 3783 3785 3786 3791 3794 3811 3824 3838
NODE_NUM = 48
FILE sin_sub_78.aig

# Subcircuit 79
SUB_ID 79
LO (9):  2621 2624 3442 3684 3772 3785 3786 3789 3824
LI (21):  834 2240 2244 2248 2251 2466 2620 2623 3432 3433 3434 3449 3613 3623 3624 3625 3626 3630 3634 3654 3672
NODE_NUM = 50
FILE sin_sub_79.aig

# Subcircuit 80
SUB_ID 80
LO (15):  2623 2642 2646 2648 2667 2670 2675 2681 2696 2715 4090 4120 4197 4198 4237
LI (33):  327 376 408 638 781 834 934 1004 1005 1044 2231 2248 2346 2349 2355 2358 2369 2372 2382 2467 2643 2665 2674 2714 4074 4075 4078 4079 4080 4081 4086 4104 4117
NODE_NUM = 47
FILE sin_sub_80.aig

# Subcircuit 81
SUB_ID 81
LO (19):  2714 2738 2741 2742 2907 2908 2912 2943 2959 2974 2976 2977 3098 3472 3664 3776 3919 4645 4647
LI (20):  3 23 273 1203 2368 2374 2384 2705 2711 2733 2737 2794 2847 2899 2929 2933 2937 2950 2954 2967
NODE_NUM = 46
FILE sin_sub_81.aig

# Subcircuit 82
SUB_ID 82
LO (14):  2737 2766 2771 2773 2796 2825 2877 2933 2950 2967 2996 2997 3086 3386
LI (36):  129 273 405 412 659 834 855 1004 1041 1042 1044 1046 1200 2231 2234 2368 2678 2705 2736 2742 2762 2822 2876 2913 2915 2932 2976 2977 2987 2992 2993 3082 3234 3237 3239 3380
NODE_NUM = 47
FILE sin_sub_82.aig

# Subcircuit 83
SUB_ID 83
LO (4):  2992 2993 3082 3380
LI (27):  273 2231 2237 2489 2506 2742 2907 2913 2991 2996 2997 3003 3016 3018 3019 3020 3069 3075 3080 3247 3250 3251 3257 3260 3261 3361 3364
NODE_NUM = 50
FILE sin_sub_83.aig

# Subcircuit 84
SUB_ID 84
LO (9):  3016 3019 3020 3053 3069 3075 3275 3361 3364
LI (26):  273 2234 2237 2240 2244 2433 2520 2558 2742 2907 2913 2915 3008 3009 3015 3041 3045 3054 3057 3058 3061 3270 3273 3274 3340 3360
NODE_NUM = 50
FILE sin_sub_84.aig

# Subcircuit 85
SUB_ID 85
LO (13):  3041 3045 3058 3061 3110 3111 3178 3187 3288 3292 3300 3306 3340
LI (24):  1 2 23 273 2248 2251 2404 2446 2738 2741 2742 2907 2913 2915 3036 3040 3053 3275 3281 3284 3285 3304 3315 3335
NODE_NUM = 50
FILE sin_sub_85.aig

# Subcircuit 86
SUB_ID 86
LO (17):  3124 3131 3144 3182 3220 3233 3247 3250 3257 3260 3270 3273 3281 3284 3304 3315 3330
LI (43):  136 339 346 379 648 983 1223 2231 2237 2240 2244 2248 2251 2368 2705 2735 2738 2899 3110 3143 3229 3231 3242 3244 3248 3252 3254 3258 3265 3267 3271 3279 3282 3288 3289 3290 3292 3301 3306 3307 3308 3326 3328
NODE_NUM = 50
FILE sin_sub_86.aig

# Subcircuit 87
SUB_ID 87
LO (27):  3229 3231 3242 3244 3252 3254 3258 3261 3265 3267 3271 3274 3279 3282 3285 3289 3290 3301 3307 3308 3326 3328 3335 3360 3390 3394 3412
LI (27):  2231 2234 2237 2240 2244 2368 2374 2404 2433 2489 2506 2520 2705 2711 2738 2794 2847 2899 2905 3111 3178 3182 3187 3238 3300 3330 3354
NODE_NUM = 49
FILE sin_sub_87.aig

# Subcircuit 88
SUB_ID 88
LO (14):  3432 3433 3434 3461 3546 3570 3612 3630 3937 3942 3984 3987 4075 4117
LI (25):  818 2240 2244 2408 2446 2462 2467 2469 2506 3214 3425 3428 3457 3539 3540 3541 3629 3926 3927 3930 3936 3938 3956 3969 3983
NODE_NUM = 50
FILE sin_sub_88.aig

# Subcircuit 89
SUB_ID 89
LO (9):  3457 3539 3540 3541 3613 3624 3654 3956 4097
LI (24):  258 277 818 2231 2234 2376 2408 2413 2415 2794 2954 3431 3454 3456 3469 3473 3498 3503 3538 3645 3646 3647 3949 4095
NODE_NUM = 49
FILE sin_sub_89.aig

# Subcircuit 90
SUB_ID 90
LO (10):  3473 3498 4266 4267 4272 4275 4281 4282 4283 4362
LI (24):  258 273 2368 2382 2742 2907 3181 3407 3472 3493 3494 4156 4175 4177 4178 4185 4186 4187 4189 4232 4237 4251 4268 4269
NODE_NUM = 50
FILE sin_sub_90.aig

# Subcircuit 91
SUB_ID 91
LO (13):  3493 3503 3508 3538 3547 3554 3586 3623 3626 3838 3983 4826 4920
LI (33):  132 273 583 606 681 974 2034 2291 2462 2489 2738 2742 2866 2899 2907 2913 2915 2923 3101 3181 3186 3208 3217 3491 3533 3535 3585 3618 3619 3828 3973 3975 4825
NODE_NUM = 44
FILE sin_sub_91.aig

# Subcircuit 92
SUB_ID 92
LO (13):  3629 3645 3646 3647 3672 3949 4080 4104 4322 4358 4392 4394 4418
LI (25):  258 277 818 2234 2237 2368 2374 2376 2408 2415 2425 2469 2847 2937 3665 3948 4097 4283 4284 4311 4312 4313 4315 4339 4355
NODE_NUM = 50
FILE sin_sub_92.aig

# Subcircuit 93
SUB_ID 93
LO (7):  3665 3699 4492 4493 4585 4630 4699
LI (19):  258 2382 2705 3177 3182 3664 4391 4392 4394 4395 4396 4398 4447 4448 4449 4466 4490 4514 4576
NODE_NUM = 50
FILE sin_sub_93.aig

# Subcircuit 94
SUB_ID 94
LO (11):  3703 3735 3783 3854 3906 3996 4069 4339 4396 4520 4679
LI (30):  142 207 258 277 347 799 2376 2382 2738 2794 2899 2905 3111 3182 3187 3520 3585 3697 3702 3761 3762 3776 3777 3778 3846 3851 4065 4067 4329 4333
NODE_NUM = 46
FILE sin_sub_94.aig

# Subcircuit 95
SUB_ID 95
LO (10):  3791 3811 4086 4311 4447 4448 4449 4529 4536 4539
LI (22):  818 834 2237 2408 2415 2467 2705 2711 3789 3804 4287 4288 4289 4290 4300 4304 4322 4409 4413 4428 4442 4535
NODE_NUM = 50
FILE sin_sub_95.aig

# Subcircuit 96
SUB_ID 96
LO (8):  3804 3828 4702 4719 4720 4767 4771 4773
LI (22):  818 2231 2368 2408 2413 2425 2907 3177 3533 4630 4631 4657 4658 4659 4689 4691 4699 4754 4755 4757 4758 4760
NODE_NUM = 50
FILE sin_sub_96.aig

# Subcircuit 97
SUB_ID 97
LO (12):  3846 3857 3881 3886 3926 3930 3936 3991 4146 4177 4178 4639
LI (39):  152 258 277 325 381 427 457 683 720 973 1214 2050 2231 2291 2376 2382 2469 2847 3181 3407 3585 3772 3793 3798 3839 3842 3919 3920 3921 3928 3935 3984 3987 4049 4062 4132 4135 4633 4637
NODE_NUM = 50
FILE sin_sub_97.aig

# Subcircuit 98
SUB_ID 98
LO (12):  3935 3948 3973 4081 4428 4760 5006 5030 5052 5053 5059 5154
LI (23):  834 2234 2237 2413 2462 2467 2621 2705 2907 2937 3520 3710 4418 4420 4988 4989 4990 4994 4995 4996 5020 5055 5057
NODE_NUM = 48
FILE sin_sub_98.aig

# Subcircuit 99
SUB_ID 99
LO (20):  3975 4002 4010 4027 4028 4033 4039 4062 4159 4280 4350 4385 5050 5116 5117 5355 5374 5450 5460 5465
LI (36):  23 24 136 208 281 447 598 657 931 2738 2868 2915 3142 3148 3177 3182 3754 3874 4000 4006 4054 4056 4158 4275 4276 4348 5045 5046 5350 5351 5445 5446 5451 5452 5456 5464
NODE_NUM = 50
FILE sin_sub_99.aig

# Subcircuit 100
SUB_ID 100
LO (12):  4065 4067 4074 4078 4189 4961 4988 4989 4990 4991 4994 5076
LI (21):  258 277 834 2240 2376 2384 3181 3186 3217 3937 3942 4069 4733 4902 4903 4906 4930 4948 4949 4950 5006
NODE_NUM = 49
FILE sin_sub_100.aig

# Subcircuit 101
SUB_ID 101
LO (12):  4079 4095 4132 4135 4355 4757 4948 4949 4950 5164 5191 5192
LI (22):  273 818 834 2374 2408 2425 2462 2705 2742 2907 3697 3710 3903 4120 4124 4351 4936 4937 4939 5083 5145 5157
NODE_NUM = 48
FILE sin_sub_101.aig

# Subcircuit 102
SUB_ID 102
LO (11):  4124 4158 4169 4185 4186 4251 4276 4466 4514 4573 4576
LI (33):  164 258 273 277 352 498 583 701 759 1223 2288 2738 2742 2913 2915 3177 3182 3208 3520 3760 3874 3897 4024 4157 4180 4241 4243 4459 4460 4510 4523 4570 4571
NODE_NUM = 50
FILE sin_sub_102.aig

# Subcircuit 103
SUB_ID 103
LO (11):  4187 4232 4284 4287 4290 4825 4930 4996 5077 5083 5085
LI (28):  834 2231 2237 2368 2376 2462 2467 2469 2621 2705 2711 3177 4090 4197 4198 4205 4206 4208 4211 4226 4285 4286 4824 4920 4921 4922 4991 5076
NODE_NUM = 47
FILE sin_sub_103.aig

# Subcircuit 104
SUB_ID 104
LO (10):  4226 4241 4315 4442 4873 4902 4903 4936 4939 5016
LI (24):  818 2408 2413 2415 2425 2794 2847 2899 2905 2907 3754 4219 4433 4434 4436 4818 4838 4839 4843 4860 4862 4870 4935 5015
NODE_NUM = 47
FILE sin_sub_104.aig

# Subcircuit 105
SUB_ID 105
LO (15):  4243 4288 4289 4300 4304 4409 4413 4535 4657 4753 4754 4755 4838 4935 4995
LI (18):  834 2231 2368 2462 2469 2705 2738 2794 2915 2954 3697 4536 4643 4645 4647 4733 4749 4835
NODE_NUM = 50
FILE sin_sub_105.aig

# Subcircuit 106
SUB_ID 106
LO (16):  4312 4313 4329 4333 4351 4434 4570 4571 4631 4689 4691 4782 4818 4854 4870 4937
LI (29):  258 277 818 2382 2384 2408 2415 2907 3177 3181 3186 3407 3533 3897 4350 4529 4551 4552 4553 4555 4559 4573 4688 4719 4720 4721 4722 4771 4773
NODE_NUM = 48
FILE sin_sub_106.aig

# Subcircuit 107
SUB_ID 107
LO (19):  4348 4365 4391 4395 4398 4420 4433 4436 4459 4460 4479 4523 4688 4721 4749 4843 5020 5057 5145
LI (35):  209 258 277 600 818 834 2384 2408 2413 2462 2467 2742 2794 2913 3181 3217 3520 3697 3710 3754 3903 4053 4282 4358 4362 4519 4520 4678 4679 4739 4740 4841 5016 5141 5142
NODE_NUM = 49
FILE sin_sub_107.aig

# Subcircuit 108
SUB_ID 108
LO (10):  4510 4519 4551 4552 4553 4740 5055 5206 5278 5317
LI (22):  834 2376 2462 2469 2621 2742 2794 2899 2905 3754 4051 4053 4539 4542 4543 5199 5259 5266 5271 5275 5307 5310
NODE_NUM = 49
FILE sin_sub_108.aig

# Subcircuit 109
SUB_ID 109
LO (22):  4542 4555 4559 4589 4596 4621 4633 4637 4643 4658 4659 4678 4733 4824 4841 4906 4922 5015 5071 5074 5199 5259
LI (35):  181 326 352 457 677 786 818 834 864 2038 2071 2306 2376 2408 2413 2415 2425 2462 2467 2621 2847 2899 3181 3186 3208 3407 3507 3520 3599 3897 4478 4639 4832 5064 5066
NODE_NUM = 47
FILE sin_sub_109.aig

# Subcircuit 110
SUB_ID 110
LO (22):  4722 4739 4758 4792 4832 4835 4839 4860 4862 4874 4921 4962 5031 5044 5045 5046 5051 5064 5066 5089 5091 5165
LI (38):  258 277 359 466 543 677 724 834 857 955 2382 2408 2415 2462 2469 2867 2902 3186 3520 3697 3754 3760 4051 4753 4767 4826 4854 4859 4980 4981 4982 4987 5038 5039 5053 5059 5074 5085
NODE_NUM = 49
FILE sin_sub_110.aig

# Subcircuit 111
SUB_ID 111
LO (10):  5094 5123 5141 5142 5157 5172 5215 5271 5275 5307
LI (20):  202 818 834 2469 2621 3697 3897 5052 5077 5089 5091 5122 5154 5167 5169 5191 5192 5206 5210 5212
NODE_NUM = 37
FILE sin_sub_111.aig

# Subcircuit 112
SUB_ID 112
LO (13):  5167 5169 5216 5266 5310 5345 5350 5351 5356 5362 5382 5401 5464
LI (33):  116 196 212 223 238 313 411 490 539 600 798 834 922 931 1971 2050 2798 3128 3754 3757 4478 5071 5164 5165 5192 5247 5323 5327 5328 5329 5341 5451 5463
NODE_NUM = 31
FILE sin_sub_112.aig

