# Subcircuit 0
SUB_ID 0
LO (39):  290 291 292 293 294 295 296 297 298 299 300 301 302 303 304 354 359 361 381 383 392 453 455 471 485 499 511 524 536 547 557 570 581 617 619 633 641 651 698
LI (86):  1 2 4 7 8 11 14 15 17 18 55 57 84 102 103 104 105 106 108 109 122 127 129 130 131 310 314 315 316 318 325 332 335 346 357 358 360 364 370 371 376 387 446 450 454 460 461 463 464 465 478 489 495 500 501 504 505 512 515 517 518 520 528 529 530 537 538 543 548 549 551 553 566 567 577 613 623 628 634 642 643 645 686 687 690 693
NODE_NUM = 190
FILE i2c_sub_0.aig

# Subcircuit 1
SUB_ID 1
LO (80):  310 314 315 316 325 332 346 357 358 360 370 371 376 387 393 398 399 415 429 443 446 450 454 460 461 463 464 465 478 489 495 500 501 504 505 512 515 517 518 529 530 537 538 543 548 549 551 553 566 577 608 613 623 628 634 642 643 645 675 685 686 687 690 693 710 722 948 961 997 1004 1035 1038 1046 1078 1123 1129 1613 1625 1626 1631
LI (71):  3 4 5 6 7 8 9 10 11 12 13 14 16 17 18 19 20 21 22 23 25 45 50 55 60 66 71 72 83 123 128 130 314 359 361 381 383 385 386 396 404 407 409 414 422 424 430 431 432 438 441 458 476 501 563 576 590 596 597 604 622 627 654 656 660 663 679 680 705 1608 1627
NODE_NUM = 200
FILE i2c_sub_1.aig

# Subcircuit 2
SUB_ID 2
LO (43):  394 396 407 414 422 590 596 597 652 654 656 663 705 719 726 941 953 978 983 988 994 1001 1019 1023 1028 1033 1043 1053 1059 1067 1068 1071 1075 1080 1085 1091 1099 1105 1111 1139 1143 1147 1174
LI (39):  3 16 25 39 41 42 44 46 47 48 49 51 64 74 75 83 130 393 399 403 404 415 420 421 584 585 586 587 655 702 710 717 722 931 933 943 948 951 961
NODE_NUM = 200
FILE i2c_sub_2.aig

# Subcircuit 3
SUB_ID 3
LO (44):  404 430 438 441 458 476 563 584 622 627 655 701 727 768 769 774 775 788 789 801 802 803 842 850 852 857 858 862 866 871 1158 1160 1165 1175 1177 1178 1181 1183 1196 1206 1208 1227 1249 1588
LI (39):  1 4 10 13 15 24 26 27 28 29 30 41 43 45 46 54 56 59 60 62 86 97 101 111 114 117 119 124 130 398 455 619 729 737 740 751 790 848 1176
NODE_NUM = 199
FILE i2c_sub_3.aig

# Subcircuit 4
SUB_ID 4
LO (33):  737 740 751 790 848 874 881 888 895 902 909 916 923 930 960 996 1013 1030 1039 1061 1077 1093 1113 1132 1148 1153 1157 1170 1200 1218 1390 1547 1632
LI (117):  4 25 27 28 30 31 32 33 34 35 36 37 38 40 43 46 48 50 52 53 54 59 61 63 65 67 68 69 70 73 76 77 78 83 86 89 90 91 92 93 94 96 97 98 99 100 101 107 110 111 117 130 393 394 398 652 719 727 768 775 788 801 802 850 852 858 862 866 871 941 948 983 988 994 997 1001 1004 1011 1012 1019 1023 1028 1033 1035 1038 1043 1046 1053 1059 1060 1067 1068 1071 1075 1078 1080 1085 1091 1092 1099 1105 1111 1122 1123 1129 1143 1147 1158 1160 1165 1178 1182 1183 1196 1206 1209 1215
NODE_NUM = 200
FILE i2c_sub_4.aig

# Subcircuit 5
SUB_ID 5
LO (75):  1149 1176 1182 1209 1215 1253 1256 1263 1268 1273 1278 1283 1289 1293 1298 1303 1308 1313 1317 1321 1325 1329 1333 1337 1338 1339 1343 1347 1351 1355 1359 1374 1378 1382 1394 1396 1400 1402 1406 1410 1414 1418 1422 1432 1435 1436 1439 1443 1447 1451 1455 1459 1463 1466 1474 1484 1491 1496 1499 1506 1517 1518 1526 1530 1535 1549 1552 1559 1567 1571 1576 1598 1603 1615 1641
LI (53):  32 58 59 61 63 64 65 66 67 68 69 70 71 72 73 74 75 76 77 78 79 80 81 82 83 85 87 95 115 118 123 124 130 137 138 139 140 141 142 143 144 145 146 147 1139 1148 1181 1206 1208 1260 1360 1364 1373
NODE_NUM = 197
FILE i2c_sub_5.aig

# Subcircuit 6
SUB_ID 6
LO (36):  1260 1360 1364 1373 1398 1404 1408 1412 1416 1420 1424 1441 1445 1449 1453 1457 1461 1479 1494 1509 1524 1542 1565 1583 1593 1601 1607 1608 1619 1627 1636 1638 1639 1640 1644 1646
LI (103):  4 24 31 33 34 35 36 37 38 55 82 88 89 90 91 92 93 94 96 97 98 99 100 101 111 112 113 114 116 117 119 120 121 125 126 127 130 132 133 134 135 136 137 138 139 769 857 1263 1338 1339 1374 1396 1400 1402 1406 1410 1414 1418 1422 1435 1436 1439 1443 1447 1451 1455 1459 1463 1465 1466 1471 1474 1484 1491 1493 1496 1499 1506 1508 1517 1518 1523 1526 1530 1532 1534 1535 1549 1552 1555 1557 1559 1567 1571 1573 1576 1582 1598 1599 1603 1605 1615 1617
NODE_NUM = 171
FILE i2c_sub_6.aig

