# Subcircuit 0
SUB_ID 0
LO (35):  388 395 403 411 419 427 435 443 451 459 467 475 483 491 499 507 515 523 531 539 547 555 563 571 579 587 595 603 611 619 627 635 643 651 655
LI (68):  1 129 389 390 396 397 404 405 412 413 420 421 428 429 436 437 444 445 452 453 460 461 468 469 476 477 484 485 492 493 500 501 508 509 516 517 524 525 532 533 540 541 548 549 556 557 564 565 572 573 580 581 588 589 596 597 604 605 612 613 620 621 628 629 636 637 644 646
NODE_NUM = 200
FILE adder_sub_0.aig

# Subcircuit 1
SUB_ID 1
LO (89):  389 390 396 397 404 405 412 413 420 421 428 429 436 437 444 445 452 453 460 461 468 469 476 477 484 485 492 493 500 501 508 509 516 517 524 525 532 533 540 541 548 549 556 557 564 565 572 573 580 581 588 589 596 597 604 605 612 613 620 621 628 629 636 637 644 646 659 667 675 683 691 699 707 715 723 731 739 747 755 763 771 779 787 795 803 811 819 827 832
LI (111):  2 3 4 5 6 7 8 9 10 11 12 13 14 15 16 17 18 19 20 21 22 23 24 25 26 27 28 29 30 31 32 33 34 130 131 132 133 134 135 136 137 138 139 140 141 142 143 144 145 146 147 148 149 150 151 152 153 154 155 156 157 158 159 160 161 162 652 653 655 660 661 668 669 676 677 684 685 692 693 700 701 708 709 716 717 724 725 732 733 740 741 748 749 756 757 764 765 772 773 780 781 788 789 796 797 804 805 812 813 820 821
NODE_NUM = 200
FILE adder_sub_1.aig

# Subcircuit 2
SUB_ID 2
LO (71):  652 653 660 661 668 669 676 677 684 685 692 693 700 701 708 709 716 717 724 725 732 733 740 741 748 749 756 757 764 765 772 773 780 781 788 789 796 797 804 805 812 813 820 821 835 843 851 859 867 875 883 891 899 907 915 923 931 939 947 955 963 971 979 987 995 1003 1011 1019 1027 1035 1039
LI (97):  35 36 37 38 39 40 41 42 43 44 45 46 47 48 49 50 51 52 53 54 55 56 57 163 164 165 166 167 168 169 170 171 172 173 174 175 176 177 178 179 180 181 182 183 184 185 832 836 837 844 845 852 853 860 861 868 869 876 877 884 885 892 893 900 901 908 909 916 917 924 925 932 933 940 941 948 949 956 957 964 965 972 973 980 981 988 989 996 997 1004 1005 1012 1013 1020 1021 1028 1030
NODE_NUM = 200
FILE adder_sub_2.aig

# Subcircuit 3
SUB_ID 3
LO (76):  836 837 844 845 852 853 860 861 868 869 876 877 884 885 892 893 900 901 908 909 916 917 924 925 932 933 940 941 948 949 956 957 964 965 972 973 980 981 988 989 996 997 1004 1005 1012 1013 1020 1021 1028 1030 1043 1051 1059 1067 1075 1083 1091 1099 1107 1115 1123 1131 1139 1147 1155 1163 1171 1179 1187 1195 1203 1211 1219 1227 1235 1239
LI (101):  58 59 60 61 62 63 64 65 66 67 68 69 70 71 72 73 74 75 76 77 78 79 80 81 82 186 187 188 189 190 191 192 193 194 195 196 197 198 199 200 201 202 203 204 205 206 207 208 209 210 1036 1037 1039 1044 1045 1052 1053 1060 1061 1068 1069 1076 1077 1084 1085 1092 1093 1100 1101 1108 1109 1116 1117 1124 1125 1132 1133 1140 1141 1148 1149 1156 1157 1164 1165 1172 1173 1180 1181 1188 1189 1196 1197 1204 1205 1212 1213 1220 1221 1228 1230
NODE_NUM = 200
FILE adder_sub_3.aig

# Subcircuit 4
SUB_ID 4
LO (67):  1036 1037 1044 1045 1052 1053 1060 1061 1068 1069 1076 1077 1084 1085 1092 1093 1100 1101 1108 1109 1116 1117 1124 1125 1132 1133 1140 1141 1148 1149 1156 1157 1164 1165 1172 1173 1180 1181 1188 1189 1196 1197 1204 1205 1212 1213 1220 1221 1228 1230 1243 1251 1259 1267 1275 1283 1291 1299 1307 1315 1323 1331 1339 1347 1355 1363 1368
LI (83):  83 84 85 86 87 88 89 90 91 92 93 94 95 96 97 98 99 100 101 102 103 104 105 106 107 211 212 213 214 215 216 217 218 219 220 221 222 223 224 225 226 227 228 229 230 231 232 233 234 235 1236 1237 1239 1244 1245 1252 1253 1260 1261 1268 1269 1276 1277 1284 1285 1292 1293 1300 1301 1308 1309 1316 1317 1324 1325 1332 1333 1340 1341 1348 1349 1356 1357
NODE_NUM = 148
FILE adder_sub_4.aig

# Subcircuit 5
SUB_ID 5
LO (38):  1236 1237 1244 1245 1252 1253 1260 1261 1268 1269 1276 1277 1284 1285 1292 1293 1300 1301 1308 1309 1316 1317 1324 1325 1332 1333 1340 1341 1348 1349 1356 1357 1371 1379 1387 1395 1403 1405
LI (43):  108 109 110 111 112 113 114 115 116 117 118 119 120 121 122 123 124 125 126 127 128 236 237 238 239 240 241 242 243 244 245 246 247 248 249 250 251 252 253 254 255 256 1368
NODE_NUM = 72
FILE adder_sub_5.aig

