# Subcircuit 0
SUB_ID 0
LO (35):  93 96 99 102 105 108 110 112 348 349 350 351 352 353 354 355 356 357 358 359 360 361 362 363 364 365 366 367 368 369 370 371 372 373 374
LI (8):  10 11 12 13 14 15 16 17
NODE_NUM = 49
FILE router_sub_0.aig

# Subcircuit 1
SUB_ID 1
LO (14):  115 118 121 124 128 131 134 137 141 145 148 151 155 185
LI (14):  18 19 20 21 22 23 24 25 26 27 28 29 30 110
NODE_NUM = 44
FILE router_sub_1.aig

# Subcircuit 2
SUB_ID 2
LO (1):  182
LI (28):  3 4 5 6 7 8 9 10 93 96 99 102 105 108 112 115 118 121 124 128 131 134 137 141 145 148 151 155
NODE_NUM = 27
FILE router_sub_2.aig

# Subcircuit 3
SUB_ID 3
LO (8):  215 219 240 242 244 246 343 347
LI (40):  1 2 3 4 5 6 7 8 9 10 40 41 42 43 44 93 96 99 102 105 108 112 115 118 121 124 128 131 134 137 141 145 148 151 182 185 214 236 340 346
NODE_NUM = 48
FILE router_sub_3.aig

# Subcircuit 4
SUB_ID 4
LO (16):  234 248 251 253 255 257 259 262 264 266 268 271 274 276 278 281
LI (16):  45 46 47 48 49 50 51 52 53 54 55 56 57 58 59 219
NODE_NUM = 50
FILE router_sub_4.aig

# Subcircuit 5
SUB_ID 5
LO (4):  236 308 340 346
LI (32):  1 31 34 35 36 37 38 39 40 60 234 240 242 244 246 248 251 253 255 257 259 262 264 266 268 271 274 276 278 281 310 337
NODE_NUM = 37
FILE router_sub_5.aig

# Subcircuit 6
SUB_ID 6
LO (2):  310 337
LI (29):  32 33 34 35 36 37 38 39 40 240 242 244 246 248 251 253 255 257 259 262 264 266 268 271 274 276 278 281 308
NODE_NUM = 29
FILE router_sub_6.aig

