# Subcircuit 0
SUB_ID 0
LO (48):  22 24 28 34 39 40 41 42 43 57 60 62 70 74 75 76 90 95 98 103 116 173 203 204 232 233 255 261 262 302 381 386 438 448 451 492 554 561 563 568 572 574 578 579 602 630 676 700
LI (8):  1 3 4 6 10 26 32 37
NODE_NUM = 62
FILE cavlc_sub_0.aig

# Subcircuit 1
SUB_ID 1
LO (51):  23 26 30 32 51 68 105 110 117 125 139 150 155 162 174 193 194 198 212 225 226 256 275 279 290 305 306 310 311 314 320 333 356 363 409 414 435 440 444 458 471 473 520 530 531 596 610 615 640 646 709
LI (16):  2 4 6 8 9 10 25 29 34 39 44 52 57 60 64 65
NODE_NUM = 73
FILE cavlc_sub_1.aig

# Subcircuit 2
SUB_ID 2
LO (49):  25 29 63 64 134 143 144 157 169 170 172 178 179 186 187 210 215 216 217 219 266 267 282 293 294 324 342 352 369 391 398 423 424 470 479 480 485 502 515 524 536 565 603 604 625 657 669 674 692
LI (27):  1 2 4 5 6 7 8 9 24 28 62 69 70 81 85 95 120 126 132 133 140 147 152 156 158 161 162
NODE_NUM = 88
FILE cavlc_sub_2.aig

# Subcircuit 3
SUB_ID 3
LO (28):  37 84 85 96 120 132 133 147 151 152 156 161 192 201 227 254 259 351 376 378 385 425 475 506 546 627 656 677
LI (47):  1 2 3 4 5 6 7 8 9 10 22 28 30 64 74 94 95 98 102 107 110 118 150 155 191 195 200 204 222 225 226 233 236 246 258 263 268 286 296 339 350 352 360 363 369 372 626
NODE_NUM = 100
FILE cavlc_sub_3.aig

# Subcircuit 4
SUB_ID 4
LO (13):  44 69 81 94 107 118 126 140 339 519 606 668 707
LI (68):  1 2 3 4 5 6 7 8 9 10 23 30 40 42 43 68 70 76 79 90 103 105 116 117 125 139 203 299 302 307 309 311 315 319 323 324 328 333 386 469 490 496 509 518 539 545 548 549 556 577 582 587 599 605 619 621 627 636 639 641 645 646 663 667 669 672 674 703
NODE_NUM = 100
FILE cavlc_sub_4.aig

# Subcircuit 5
SUB_ID 5
LO (25):  158 191 195 200 222 236 246 258 263 268 286 296 299 307 315 323 350 360 421 429 434 545 556 619 714
LI (68):  1 2 3 4 5 6 7 8 9 10 28 40 41 51 63 74 75 90 134 139 150 157 162 169 172 173 174 178 179 183 186 187 194 198 210 212 217 219 232 255 256 262 267 275 279 281 282 285 290 293 294 306 314 320 342 356 376 378 388 394 417 426 431 543 554 607 617 711
NODE_NUM = 100
FILE cavlc_sub_5.aig

# Subcircuit 6
SUB_ID 6
LO (14):  372 388 394 417 426 431 469 490 496 543 587 641 672 703
LI (71):  1 2 3 4 6 7 8 9 10 24 30 40 57 84 96 105 117 125 144 151 178 192 203 215 216 261 266 320 342 356 381 385 386 391 398 406 408 409 414 423 424 425 435 438 440 444 448 451 453 454 458 465 467 470 471 473 475 476 479 480 485 487 488 492 578 640 676 680 682 692 701
NODE_NUM = 98
FILE cavlc_sub_6.aig

# Subcircuit 7
SUB_ID 7
LO (19):  509 518 539 548 549 577 582 599 605 607 617 621 626 636 663 667 680 701 711
LI (70):  1 2 3 4 6 7 8 9 10 22 24 98 103 110 116 134 144 151 170 173 193 201 203 215 216 227 255 259 305 310 320 423 425 435 480 502 506 515 520 524 527 530 531 536 537 546 561 563 565 568 572 574 575 578 579 596 602 603 604 610 615 625 630 634 656 657 676 677 700 709
NODE_NUM = 72
FILE cavlc_sub_7.aig

