# Subcircuit 0
SUB_ID 0
LO (84):  22 23 24 25 28 29 30 37 40 41 42 45 49 53 57 58 60 62 63 64 70 72 74 75 79 82 84 85 90 92 95 96 99 104 110 116 139 140 173 203 204 217 225 227 232 233 243 245 255 261 262 283 302 311 320 321 332 381 386 425 438 442 444 448 451 457 475 492 554 563 568 572 574 578 579 602 618 623 630 633 674 675 676 700
LI (9):  1 2 3 4 6 8 10 26 32
NODE_NUM = 136
FILE cavlc_sub_0.aig

# Subcircuit 1
SUB_ID 1
LO (65):  51 117 134 143 144 162 169 170 177 178 182 186 193 197 200 201 202 212 214 215 216 226 259 260 266 267 274 276 282 294 314 342 355 359 363 374 379 385 393 398 399 423 424 470 482 485 502 506 518 522 524 536 546 547 549 565 603 604 625 645 655 657 669 678 692
LI (35):  1 2 3 4 5 6 7 8 9 49 53 58 60 64 67 70 74 89 95 102 104 110 113 116 118 122 126 132 133 140 147 151 155 161 175
NODE_NUM = 173
FILE cavlc_sub_1.aig

# Subcircuit 2
SUB_ID 2
LO (16):  89 102 126 132 133 151 155 161 175 254 351 421 519 606 668 707
LI (96):  1 2 3 4 5 6 7 8 9 10 22 42 45 57 62 72 74 79 82 85 87 90 92 99 110 134 144 169 173 177 178 182 186 203 216 240 253 255 266 270 274 278 284 294 299 302 311 315 323 329 335 342 350 355 359 374 386 396 398 399 401 411 413 438 454 461 462 490 496 509 518 529 536 548 549 556 577 578 579 587 596 605 639 648 663 667 669 671 674 675 680 684 688 692 697 701
NODE_NUM = 200
FILE cavlc_sub_2.aig

# Subcircuit 3
SUB_ID 3
LO (39):  240 253 270 278 284 299 315 323 329 335 350 396 401 411 429 434 454 461 462 490 496 509 529 548 556 577 587 596 605 639 648 663 667 680 684 688 697 701 714
LI (127):  1 2 3 4 5 6 7 8 9 10 22 23 24 25 28 29 30 37 40 41 51 60 63 64 74 75 84 96 117 134 139 144 162 170 193 197 200 201 202 203 204 212 214 215 216 217 222 225 226 227 232 233 238 243 245 259 260 261 262 266 267 276 282 283 314 320 321 332 342 359 363 379 381 385 386 388 393 399 423 424 425 442 444 448 451 453 457 470 475 476 478 482 485 487 492 502 506 522 524 546 547 554 563 565 568 572 574 575 578 602 603 604 618 623 625 627 630 633 636 637 645 655 657 676 678 700 711
NODE_NUM = 184
FILE cavlc_sub_3.aig

