# Subcircuit 0
SUB_ID 0
LO (32):  44 46 49 53 93 94 104 127 130 160 162 164 169 175 180 181 188 192 195 205 210 212 215 220 226 228 230 231 240 247 259 263
LI (9):  1 2 4 5 6 7 8 9 32
NODE_NUM = 96
FILE int2float_sub_0.aig

# Subcircuit 1
SUB_ID 1
LO (8):  32 65 78 133 146 209 235 271
LI (23):  1 2 3 4 5 6 7 8 9 10 11 44 46 51 53 70 96 104 127 130 197 207 231
NODE_NUM = 100
FILE int2float_sub_1.aig

# Subcircuit 2
SUB_ID 2
LO (8):  51 96 197 207 219 251 273 278
LI (47):  2 3 4 5 6 7 8 9 10 11 49 53 65 93 94 130 133 160 162 164 166 169 175 176 180 181 188 189 192 195 205 210 212 215 220 226 228 230 235 237 240 247 249 259 263 271 272
NODE_NUM = 64
FILE int2float_sub_2.aig

