# Subcircuit 0
SUB_ID 0
LO (18):  652 654 1213 1216 1789 1790 1798 1818 2473 2501 2508 2528 2538 2566 2576 2604 2614 3094
LI (143):  257 258 261 262 265 266 273 274 281 282 376 384 385 386 389 390 393 394 401 402 409 410 503 504 512 649 651 653 655 656 659 660 661 670 672 673 682 684 685 688 689 690 699 701 702 711 713 714 717 718 719 728 730 731 740 742 745 746 747 768 773 775 776 797 802 804 805 806 807 808 809 810 811 812 813 814 815 816 817 818 819 820 821 822 823 824 825 826 830 834 837 848 851 862 865 868 871 874 877 888 891 894 897 900 903 914 917 920 923 926 929 943 966 971 991 1012 1017 1023 1035 1039 1050 1060 1064 1080 1084 1095 1105 1109 1125 1129 1140 1150 1154 1170 1174 1185 1195 1196 1197 1201 1210 1212 1787
NODE_NUM = 199
FILE max_sub_0.aig

# Subcircuit 1
SUB_ID 1
LO (55):  649 651 655 656 659 660 661 670 672 673 682 684 685 688 689 690 699 701 702 711 713 714 717 718 719 728 730 731 740 742 745 746 747 768 773 775 776 777 787 797 802 804 971 1017 1035 1039 1064 1080 1084 1109 1125 1129 1154 1170 1174
LI (141):  300 303 304 313 314 315 316 317 318 319 320 322 323 324 325 326 327 328 333 334 335 336 337 338 339 340 341 342 343 344 349 350 351 352 353 354 355 356 357 358 359 360 365 366 367 368 369 370 371 372 373 374 375 428 431 432 441 442 443 444 445 446 447 448 450 451 452 453 454 455 456 461 462 463 464 465 466 467 468 469 470 471 472 477 478 479 480 481 482 483 484 485 486 487 488 493 494 495 496 497 498 499 500 501 502 503 652 654 666 678 695 707 724 736 754 755 758 760 766 772 786 789 795 801 970 1015 1029 1032 1033 1038 1063 1077 1078 1083 1108 1122 1123 1128 1153 1167 1168
NODE_NUM = 200
FILE max_sub_1.aig

# Subcircuit 2
SUB_ID 2
LO (64):  786 789 795 801 805 806 807 808 809 810 811 812 813 814 815 816 817 818 819 820 821 822 823 824 825 826 830 834 837 848 851 862 865 868 871 874 877 888 891 894 897 900 903 914 917 920 923 926 929 943 966 970 991 1012 1023 1029 1050 1060 1095 1105 1140 1150 1185 1195
LI (147):  259 260 263 264 267 268 269 270 271 272 275 276 277 278 279 280 283 284 285 286 287 288 289 290 291 292 293 294 295 296 297 298 299 301 302 305 306 307 308 309 310 311 312 321 329 330 331 332 345 346 347 348 361 362 363 364 377 378 379 380 387 388 391 392 395 396 397 398 399 400 403 404 405 406 407 408 411 412 413 414 415 416 417 418 419 420 421 422 423 424 425 426 427 429 430 433 434 435 436 437 438 439 440 449 457 458 459 460 473 474 475 476 489 490 491 492 505 506 507 508 777 783 787 936 941 942 950 962 983 988 989 990 1002 1008 1009 1049 1057 1058 1094 1102 1103 1139 1147 1148 1184 1192 1193
NODE_NUM = 200
FILE max_sub_2.aig

# Subcircuit 3
SUB_ID 3
LO (37):  1197 1201 1210 1787 1792 1795 1799 1802 1808 1823 1826 1828 1834 1835 1841 1848 1850 1856 1857 1860 1864 1870 1874 1888 1891 1893 1896 1900 1906 1910 1917 1918 1924 2970 3020 3036 3040
LI (79):  101 102 103 104 109 110 111 112 113 114 115 116 117 118 119 120 128 229 230 231 232 237 238 239 240 241 242 243 244 245 246 247 248 256 381 382 383 509 510 511 1222 1239 1251 1699 1701 1713 1723 1724 1726 1731 1732 1733 1740 1741 1743 1744 1746 1758 1768 1770 1774 1776 1783 1784 1798 1805 1812 1820 1831 1838 1845 1853 1863 1867 1877 1885 1899 1903 1913
NODE_NUM = 200
FILE max_sub_3.aig

# Subcircuit 4
SUB_ID 4
LO (2):  1352 1699
LI (133):  42 43 44 47 48 57 58 59 60 61 62 63 64 66 67 68 69 70 71 72 77 78 79 80 81 82 83 84 85 86 87 88 93 94 95 96 97 98 99 100 170 171 172 175 176 185 186 187 188 189 190 191 192 194 195 196 197 198 199 200 205 206 207 208 209 210 211 212 213 214 215 216 221 222 223 224 225 226 227 228 1268 1280 1297 1309 1327 1328 1331 1333 1339 1345 1353 1356 1357 1362 1368 1374 1540 1542 1543 1564 1585 1586 1588 1596 1597 1598 1602 1605 1606 1609 1611 1623 1633 1634 1636 1641 1642 1643 1650 1651 1653 1654 1656 1668 1678 1679 1681 1686 1687 1688 1695 1696 1698
NODE_NUM = 200
FILE max_sub_4.aig

# Subcircuit 5
SUB_ID 5
LO (8):  1353 1368 1374 1540 1542 1564 1572 1585
LI (136):  1 2 3 4 5 6 7 8 9 10 11 12 13 14 15 16 17 18 19 20 21 22 23 24 25 26 27 28 29 30 31 32 33 34 35 36 37 38 39 40 41 45 46 49 50 53 54 55 56 129 130 131 132 133 134 135 136 137 138 139 140 141 142 143 144 145 146 147 148 149 150 151 152 153 154 155 156 157 158 159 160 161 162 163 164 165 166 167 168 169 173 174 177 178 181 182 183 184 1352 1405 1408 1419 1422 1433 1436 1439 1442 1445 1448 1459 1462 1465 1468 1471 1474 1485 1488 1491 1494 1497 1500 1509 1514 1515 1516 1517 1523 1535 1539 1556 1561 1562 1563 1575 1581 1582
NODE_NUM = 200
FILE max_sub_5.aig

# Subcircuit 6
SUB_ID 6
LO (51):  1561 1575 1596 1602 1623 1633 1668 1678 1713 1723 1758 1768 1770 1774 1783 1805 1812 1820 1831 1838 1845 1853 1863 1867 1877 1885 1899 1903 1913 2482 2490 3120 3121 3124 3127 3424 3427 3430 3433 3448 3451 3454 3457 3460 3463 3466 3469 3472 3475 3478 3507
LI (135):  51 52 65 73 74 75 76 89 90 91 92 105 106 107 108 121 122 123 124 125 126 127 179 180 193 201 202 203 204 217 218 219 220 233 234 235 236 249 250 251 252 253 254 255 357 358 360 365 366 367 368 369 370 371 372 373 374 375 485 486 487 488 493 494 495 496 497 498 499 500 501 502 1213 1216 1572 1573 1622 1630 1631 1667 1675 1676 1712 1720 1721 1757 1765 1766 1774 1790 1799 1818 1826 1828 1835 1850 1857 1864 1891 1893 1900 1917 1918 1920 1924 2473 2476 2481 2968 2970 3006 3016 3020 3036 3040 3075 3085 3111 3119 3121 3423 3426 3432 3447 3450 3453 3456 3459 3462 3465 3468 3471 3474 3477 3506
NODE_NUM = 199
FILE max_sub_6.aig

# Subcircuit 7
SUB_ID 7
LO (18):  1920 2045 2968 3364 3373 3376 3379 3382 3385 3400 3403 3406 3409 3412 3415 3418 3421 3506
LI (108):  81 84 85 86 87 88 93 94 95 96 97 98 99 100 209 212 213 214 215 216 221 222 223 224 225 226 227 228 337 340 341 342 343 344 349 350 351 352 353 354 355 356 359 465 467 468 469 470 471 472 477 478 479 480 481 482 483 484 1213 1792 1935 1942 1949 1950 1951 1957 1958 1964 1971 1978 1979 1982 1989 1990 1993 2000 2007 2014 2015 2018 2025 2026 2029 2036 2043 2051 2052 2059 2887 2888 2890 2891 2894 2899 2900 2901 2937 2947 2948 2949 2950 2955 2956 2957 2959 2960 2963 3121
NODE_NUM = 200
FILE max_sub_7.aig

# Subcircuit 8
SUB_ID 8
LO (25):  2051 2059 2167 2229 2230 2235 2237 2887 2891 2894 3313 3316 3319 3322 3325 3328 3331 3334 3337 3352 3355 3358 3361 3367 3370
LI (106):  65 66 67 68 69 70 71 72 77 78 79 80 82 83 192 193 194 195 196 197 198 199 200 205 206 207 208 210 211 321 322 323 324 325 326 327 328 333 334 335 336 338 339 449 450 451 452 453 454 455 456 461 462 463 464 466 1213 1792 2045 2050 2058 2065 2072 2079 2080 2083 2090 2091 2094 2101 2108 2115 2116 2119 2126 2127 2130 2137 2144 2145 2152 2159 2160 2162 2166 2204 2212 2228 2234 2236 2817 2818 2819 2825 2826 2827 2830 2831 2832 2868 2878 2879 2880 2881 2886 3121
NODE_NUM = 200
FILE max_sub_8.aig

# Subcircuit 9
SUB_ID 9
LO (23):  2162 2166 2204 2212 2228 2234 2236 2298 2817 3244 3247 3250 3253 3256 3262 3265 3292 3295 3298 3301 3304 3307 3310
LI (108):  41 42 43 44 45 47 48 57 58 59 60 61 62 63 64 169 170 171 172 173 175 176 185 186 187 188 189 190 191 297 298 299 300 301 303 304 313 314 315 316 317 318 319 320 425 426 427 428 429 430 431 432 441 442 443 444 445 446 447 448 1213 1792 2167 2173 2180 2187 2194 2195 2198 2199 2201 2211 2219 2226 2227 2229 2230 2233 2235 2237 2243 2250 2257 2264 2271 2272 2275 2276 2278 2281 2288 2289 2296 2304 2305 2310 2311 2313 2714 2715 2716 2717 2786 2807 2808 2809 2811 3121
NODE_NUM = 200
FILE max_sub_9.aig

# Subcircuit 10
SUB_ID 10
LO (19):  2304 2310 2714 3178 3181 3184 3187 3190 3193 3196 3199 3202 3205 3208 3211 3214 3217 3220 3259
LI (97):  20 21 22 23 24 27 28 29 30 31 32 33 46 148 149 150 151 152 155 156 157 158 159 160 161 174 275 276 277 278 279 280 283 284 285 286 287 288 289 302 403 404 405 406 407 408 411 412 413 414 415 416 417 1213 1792 2298 2303 2320 2327 2334 2341 2348 2355 2362 2369 2376 2383 2390 2397 2404 2579 2582 2585 2588 2591 2594 2600 2604 2610 2614 2617 2620 2623 2626 2629 2632 2635 2666 2689 2691 2693 2698 2700 2701 2703 2705 3121
NODE_NUM = 200
FILE max_sub_10.aig

# Subcircuit 11
SUB_ID 11
LO (20):  2404 2476 2481 2579 3130 3133 3136 3139 3142 3145 3148 3151 3154 3157 3160 3163 3166 3169 3172 3175
LI (94):  1 2 3 4 5 6 7 8 9 10 11 12 13 14 15 16 17 18 19 129 130 131 132 133 134 135 136 137 138 139 140 141 142 143 144 145 146 147 259 260 263 264 267 268 269 270 271 272 387 388 391 392 395 396 397 398 399 400 1213 1792 2411 2418 2425 2432 2439 2446 2453 2469 2482 2488 2490 2494 2497 2501 2504 2508 2511 2515 2518 2524 2528 2534 2538 2541 2544 2547 2550 2553 2556 2562 2566 2572 2576 3121
NODE_NUM = 200
FILE max_sub_11.aig

# Subcircuit 12
SUB_ID 12
LO (27):  2600 2610 2666 2689 2693 2698 2700 2701 2703 2705 2786 2807 3223 3226 3229 3232 3235 3238 3241 3268 3271 3274 3277 3280 3283 3286 3289
LI (104):  25 26 34 35 36 37 38 39 40 49 50 51 52 53 54 55 56 153 154 162 163 164 165 166 167 168 177 178 179 180 181 182 183 184 290 291 292 293 294 295 296 305 306 307 308 309 310 311 312 418 419 420 421 422 423 424 433 434 435 436 437 438 439 440 1213 1792 2641 2645 2648 2656 2663 2664 2665 2672 2679 2683 2686 2688 2696 2697 2729 2736 2743 2744 2751 2758 2759 2760 2761 2767 2774 2778 2781 2783 2784 2788 2789 2791 2793 2800 2803 2804 2805 3121
NODE_NUM = 200
FILE max_sub_12.aig

# Subcircuit 13
SUB_ID 13
LO (19):  2868 2878 2937 2947 3000 3006 3016 3340 3343 3346 3349 3388 3391 3394 3397 3434 3439 3442 3445
LI (78):  73 74 75 76 89 90 91 92 106 107 108 201 202 203 204 217 218 219 220 234 235 236 329 330 331 332 345 346 347 348 362 363 364 457 458 459 460 473 474 475 476 489 490 491 492 1213 1792 2843 2850 2851 2858 2865 2866 2867 2872 2875 2876 2912 2919 2920 2927 2934 2935 2936 2941 2944 2945 2981 2988 2989 2996 2999 3004 3005 3010 3013 3014 3121
NODE_NUM = 148
FILE max_sub_13.aig

# Subcircuit 14
SUB_ID 14
LO (31):  2999 3004 3010 3075 3085 3111 3119 3423 3426 3432 3436 3447 3450 3453 3456 3459 3462 3465 3468 3471 3474 3477 3481 3484 3487 3490 3493 3496 3499 3502 3504
LI (72):  105 121 122 123 124 125 126 127 233 249 250 251 252 253 254 255 361 377 378 379 380 381 382 383 505 506 507 508 509 510 511 1213 1787 1789 1792 1795 1798 1802 1808 1823 1834 1841 1848 1856 1860 1870 1874 1888 1896 1906 1910 3000 3050 3057 3058 3065 3069 3072 3074 3082 3083 3092 3094 3100 3107 3108 3109 3114 3117 3120 3121 3434
NODE_NUM = 119
FILE max_sub_14.aig

