# Subcircuit 0
SUB_ID 0
LO (15):  10032 10047 11171 11517 11627 11630 11685 11874 11883 11885 11886 12896 12900 12926 12935
LI (27):  716 717 718 1007 1014 1024 1061 1065 1072 1170 1195 1396 1401 1404 1731 1849 2704 2709 2712 3972 4465 10029 10035 10041 11599 11617 11673
NODE_NUM = 200
FILE voter_sub_0.aig

# Subcircuit 1
SUB_ID 1
LO (21):  1014 1024 1061 1065 1072 1170 1195 11617 13302 13313 13332 13337 13742 13864 13868 13892 13895 13896 13902 13903 13904
LI (40):  710 711 712 719 720 721 722 723 724 725 726 727 1013 1046 1053 1109 1115 1148 1166 1178 11609 11627 11630 11888 11893 12756 12757 12762 12766 12892 12896 12900 12920 12923 12926 12935 13012 13286 13311 13327
NODE_NUM = 193
FILE voter_sub_1.aig

# Subcircuit 2
SUB_ID 2
LO (23):  1109 1115 1148 1166 1178 1396 1401 1404 11609 11673 12920 12923 13898 13899 13908 13911 13984 13985 14002 14232 14236 14264 14273
LI (37):  704 705 706 707 708 709 713 714 715 728 729 730 1105 1145 1151 1214 1224 1266 1270 1274 1375 1379 1384 11663 11666 12911 13738 13742 13860 13864 13868 13890 13892 13895 13896 13904 13972
NODE_NUM = 198
FILE voter_sub_2.aig

# Subcircuit 3
SUB_ID 3
LO (19):  1214 1224 1266 1270 1274 1375 1379 1384 1731 1758 1760 1761 1764 1775 1787 11577 11663 11666 12911
LI (40):  698 699 700 731 732 733 734 735 736 737 738 739 740 741 742 743 744 745 746 747 748 749 750 751 1213 1251 1258 1303 1313 1335 1342 1350 1354 1361 1436 1442 1475 1494 1572 1728
NODE_NUM = 200
FILE voter_sub_3.aig

# Subcircuit 4
SUB_ID 4
LO (20):  1436 1442 1475 1494 1849 11599 13012 13890 14268 14278 14279 14284 14287 14367 14368 14371 14388 14496 14524 14539
LI (37):  692 693 694 701 702 703 1432 1472 1478 1756 1758 1760 1761 1764 1775 1787 1842 11557 11569 11572 11577 12974 13002 13005 13880 13881 13908 13911 14004 14226 14227 14232 14236 14262 14264 14274 14356
NODE_NUM = 199
FILE voter_sub_4.aig

# Subcircuit 5
SUB_ID 5
LO (16):  1472 1478 1572 1728 1756 1802 1842 11523 11538 11539 11541 11569 11572 12974 12990 12992
LI (34):  674 675 676 680 681 682 683 684 685 686 687 688 689 690 691 695 696 697 1468 1511 1517 1547 1550 1553 1568 1589 1595 1628 1646 1725 1739 1805 1835 11565
NODE_NUM = 193
FILE voter_sub_5.aig

# Subcircuit 6
SUB_ID 6
LO (16):  1589 1595 1628 1646 1725 1805 1835 1857 1858 1859 1860 11557 13002 13005 13880 13881
LI (44):  656 657 658 659 660 661 662 663 664 665 666 667 668 669 670 671 672 673 677 678 679 776 777 1585 1625 1631 1664 1670 1700 1703 1706 1721 1802 1818 11523 11529 11533 11536 11538 11539 11541 12990 12992 12998
NODE_NUM = 198
FILE voter_sub_6.aig

# Subcircuit 7
SUB_ID 7
LO (17):  2704 2709 2712 11888 11893 12762 12766 12770 12832 12852 12855 12856 13306 13309 13930 13931 13932
LI (31):  778 1857 1860 1868 1872 1878 1920 1924 1928 2029 2033 2038 2211 2267 2686 2691 2694 10047 11168 11169 11171 11515 11517 11685 11725 11751 11754 11847 11876 11886 12843
NODE_NUM = 200
FILE voter_sub_7.aig

# Subcircuit 8
SUB_ID 8
LO (19):  1868 1872 1878 1920 1924 1928 2029 2033 2038 2211 2219 2221 2222 2225 2236 11709 11751 11754 12843
LI (42):  770 771 772 778 779 780 781 782 783 784 785 786 787 788 789 790 791 792 793 794 795 796 797 798 799 1858 1859 1867 1905 1912 1957 1967 1989 1996 2004 2008 2015 2072 2078 2111 2130 2208
NODE_NUM = 198
FILE voter_sub_8.aig

# Subcircuit 9
SUB_ID 9
LO (19):  2072 2078 2111 2130 2267 11725 12892 13972 14262 14528 14532 14533 14544 14547 14559 14568 14571 14619 14628
LI (40):  764 765 766 773 774 775 2068 2108 2114 2219 2221 2222 2225 2236 2260 11701 11704 11709 12770 12828 12832 12852 12855 12856 12872 13930 13931 13932 13962 13965 14246 14247 14284 14287 14491 14492 14496 14522 14524 14540
NODE_NUM = 197
FILE voter_sub_9.aig

# Subcircuit 10
SUB_ID 10
LO (18):  2108 2114 2208 2260 2354 2474 2680 2681 2687 2694 11701 11704 11771 11786 11787 11788 11791 12872
LI (37):  752 753 754 755 756 757 758 759 760 761 762 763 767 768 769 812 813 814 2104 2147 2153 2183 2186 2189 2204 2243 2286 2296 2337 2338 2344 2348 2442 2467 2673 2676 11697
NODE_NUM = 198
FILE voter_sub_10.aig

# Subcircuit 11
SUB_ID 11
LO (18):  2286 2296 2337 2338 2344 2348 2404 2405 2408 2424 2442 2467 11847 12828 13962 13965 14246 14247
LI (41):  800 801 806 807 808 809 810 811 815 816 817 818 819 820 821 822 823 2285 2318 2325 2354 2381 2387 2420 2438 2450 11769 11771 11777 11781 11784 11786 11787 11788 11791 11841 12794 12797 12814 13952 13953
NODE_NUM = 198
FILE voter_sub_11.aig

# Subcircuit 12
SUB_ID 12
LO (14):  2420 2438 2450 2673 2676 2686 2691 11769 11777 11841 12794 12797 13952 13953
LI (42):  802 803 804 805 824 825 826 827 828 829 830 831 832 833 834 835 2404 2405 2408 2417 2423 2424 2427 2428 2432 2474 2486 2496 2523 2530 2538 2542 2546 2647 2651 2656 2680 2681 2687 11831 11834 12785
NODE_NUM = 199
FILE voter_sub_12.aig

# Subcircuit 13
SUB_ID 13
LO (28):  2647 2651 2656 3972 4222 4339 4394 4418 4422 4424 4425 4432 4440 4441 4442 4447 4448 4449 4454 4455 4456 4461 4462 4463 11183 11831 11834 12785
LI (39):  470 471 472 836 837 838 839 840 841 842 843 844 845 846 847 2568 2575 2585 2607 2614 2622 2626 2633 2741 2747 2780 2799 2877 3033 3345 3969 4211 4216 4328 4333 4383 4388 4408 4412
NODE_NUM = 200
FILE voter_sub_13.aig

# Subcircuit 14
SUB_ID 14
LO (16):  2741 2747 2780 2799 4465 11515 13286 13746 13756 13762 13763 13768 13771 13800 14326 14341
LI (42):  467 468 469 473 474 475 2737 2777 2783 4222 4339 4394 4418 4422 4424 4425 4432 4440 4441 4442 4447 4448 4449 4454 4455 4456 4461 4462 4463 11183 11203 11206 11249 11335 11509 13154 13216 13240 13243 13255 13760 13794
NODE_NUM = 191
FILE voter_sub_14.aig

# Subcircuit 15
SUB_ID 15
LO (18):  2777 2783 2877 3033 4368 4383 4388 4408 4412 11203 11206 11215 11230 11231 11233 13228 13230 13255
LI (34):  464 465 466 476 477 478 479 480 481 482 483 484 485 486 487 506 507 508 2773 2816 2822 2852 2855 2858 2873 2894 2900 2933 2951 3030 4358 4371 4407 11199
NODE_NUM = 191
FILE voter_sub_15.aig

# Subcircuit 16
SUB_ID 16
LO (22):  2894 2900 2933 2951 4371 11249 13240 13243 13760 14356 14522 14650 14698 14701 14705 14707 14709 14713 14714 14716 14718 14719
LI (47):  500 501 502 509 510 511 2890 2930 2936 4368 11215 11225 11228 11230 11231 11233 13228 13230 13236 13756 13762 13763 14298 14320 14323 14326 14329 14334 14336 14341 14383 14506 14507 14509 14544 14547 14563 14567 14572 14615 14616 14619 14627 14628 14655 14679 14681
NODE_NUM = 193
FILE voter_sub_16.aig

# Subcircuit 17
SUB_ID 17
LO (19):  2930 2936 3030 3345 4301 4312 4314 4315 4320 4322 4358 11225 11228 11310 11311 11313 13170 13172 13236
LI (34):  488 489 490 491 492 493 494 495 496 497 498 499 503 504 505 554 555 556 2926 2969 2975 3005 3008 3011 3026 3050 3056 3089 3107 3186 3342 4304 4341 11221
NODE_NUM = 192
FILE voter_sub_17.aig

# Subcircuit 18
SUB_ID 18
LO (21):  3050 3056 3089 3107 3186 4288 4304 4328 4333 11296 11297 11299 11335 13175 13177 13216 13794 14329 14334 14336 14509
LI (45):  542 543 544 548 549 550 551 552 553 557 558 559 3046 3086 3092 3125 3131 3164 3182 4272 4274 4301 4312 4314 4315 4320 4322 11257 11293 11295 11305 11308 11310 11311 11313 13170 13172 13178 13206 13209 13768 13771 13784 13785 14341
NODE_NUM = 197
FILE voter_sub_18.aig

# Subcircuit 19
SUB_ID 19
LO (17):  3125 3131 3164 3182 3255 3342 4272 4274 11278 11293 11305 11308 13178 13206 13209 13784 13785
LI (40):  524 525 526 530 531 532 533 534 535 536 537 538 539 540 541 545 546 547 3121 3161 3167 3203 3209 3239 3242 3245 3260 3339 4235 4265 4288 11269 11272 11279 11296 11297 11299 13175 13177 13202
NODE_NUM = 200
FILE voter_sub_19.aig

# Subcircuit 20
SUB_ID 20
LO (20):  3239 3245 3339 3969 4172 4183 4185 4186 4191 4193 4205 4265 11269 11272 11478 11479 11481 13044 13046 13202
LI (35):  512 513 514 515 516 517 518 519 520 521 522 523 527 528 529 650 651 652 3235 3278 3284 3314 3317 3320 3335 3362 3368 3401 3419 3498 3654 3966 4175 4248 11265
NODE_NUM = 196
FILE voter_sub_20.aig

# Subcircuit 21
SUB_ID 21
LO (16):  3362 3368 3401 3419 3440 3446 3450 4175 11509 13154 13860 14298 14320 14323 14506 14507
LI (41):  638 639 640 644 645 646 647 648 649 653 654 655 3358 3398 3404 3437 4172 11343 11423 11425 11461 11463 11473 11476 11478 11479 11481 13044 13046 13052 13080 13083 13148 13746 13800 13822 13825 13838 13839 14314 14315
NODE_NUM = 192
FILE voter_sub_21.aig

# Subcircuit 22
SUB_ID 22
LO (18):  3437 3498 3654 4103 4211 4216 11343 11425 11427 11442 11443 11445 11463 11473 11476 13052 13068 13070
LI (38):  626 627 628 632 633 634 635 636 637 641 642 643 3433 3440 3446 3450 3473 3479 3494 3495 3515 3521 3554 3572 3651 4093 4106 4136 4143 4145 4146 4183 4185 4186 4191 4193 4205 11469
NODE_NUM = 199
FILE voter_sub_22.aig

# Subcircuit 23
SUB_ID 23
LO (16):  3515 3521 3554 3572 3651 3658 3659 3662 3678 4106 4136 11461 13080 13083 13838 13839
LI (44):  602 603 608 609 610 611 612 613 614 615 616 617 618 619 620 621 622 623 624 625 629 630 631 3511 3551 3557 3590 3596 3626 3629 3632 3647 4103 4119 11427 11433 11437 11440 11442 11443 11445 13068 13070 13076
NODE_NUM = 198
FILE voter_sub_23.aig

# Subcircuit 24
SUB_ID 24
LO (12):  3701 3702 3705 3711 3966 4093 11423 13148 13822 13825 14314 14315
LI (36):  596 597 598 599 600 604 605 606 607 3658 3659 3662 3671 3677 3678 3681 3682 3686 3707 3710 3713 3728 3807 3963 4000 4013 4086 11381 11393 11396 11403 13110 13138 13141 13816 13817
NODE_NUM = 198
FILE voter_sub_24.aig

# Subcircuit 25
SUB_ID 25
LO (14):  3707 3713 3807 3963 4000 4086 11347 11371 11374 11375 11393 11396 13110 13129
LI (36):  578 579 580 584 585 586 587 588 589 590 591 592 593 594 595 601 3701 3702 3705 3711 3746 3752 3782 3785 3788 3803 3824 3830 3863 3881 3960 3983 4049 4079 11367 11389
NODE_NUM = 199
FILE voter_sub_25.aig

# Subcircuit 26
SUB_ID 26
LO (18):  3824 3830 3863 3881 3960 4049 4079 4485 4486 4490 4498 4505 11367 11381 13138 13141 13816 13817
LI (41):  560 561 562 563 564 565 566 567 568 569 570 571 572 573 574 575 576 577 581 582 583 968 969 970 3820 3860 3866 3899 3905 3935 3938 3941 3956 4062 4484 11347 11353 11371 11374 11375 13129
NODE_NUM = 198
FILE voter_sub_26.aig

# Subcircuit 27
SUB_ID 27
LO (15):  4484 10029 10033 10034 10035 10041 10049 10255 10258 10468 12436 12441 12558 12560 12574
LI (31):  971 972 973 4483 4485 4486 4490 4498 4505 4536 4540 4544 4645 4649 4654 4827 4883 5649 5654 5655 5656 6297 6539 10010 10015 10018 10204 10205 10243 10273 10460
NODE_NUM = 198
FILE voter_sub_27.aig

# Subcircuit 28
SUB_ID 28
LO (19):  4536 4540 4544 4645 4649 4654 10273 12756 12757 13341 13402 13404 13405 13487 14147 14149 14151 14152 14178
LI (35):  974 975 976 977 978 979 980 981 982 4514 4521 4528 4573 4583 4620 4624 4631 10255 10258 11897 12431 12436 12441 12552 12553 12558 12560 12574 12602 12605 12745 13395 13396 13410 13479
NODE_NUM = 199
FILE voter_sub_28.aig

# Subcircuit 29
SUB_ID 29
LO (19):  4573 4583 4620 4624 4631 4827 4883 10243 12602 12605 13410 14226 14227 14392 14397 14415 14417 14418 14579
LI (40):  962 963 964 983 984 985 986 987 988 989 990 991 4572 4605 4612 4688 4694 4727 4745 4824 4846 4876 10219 10222 10229 12598 13402 13404 13405 14008 14142 14147 14149 14151 14152 14170 14173 14178 14215 14414
NODE_NUM = 195
FILE voter_sub_29.aig

# Subcircuit 30
SUB_ID 30
LO (17):  4688 4694 4727 4745 4824 4846 4876 4926 4927 4963 4965 5077 10086 10219 10222 10229 12598
LI (39):  8 9 10 944 945 946 947 948 949 950 951 952 953 954 955 956 957 958 959 960 961 965 966 967 4684 4724 4730 4763 4769 4799 4802 4805 4820 4859 4902 4912 4959 4962 10215
NODE_NUM = 198
FILE voter_sub_30.aig

# Subcircuit 31
SUB_ID 31
LO (15):  4902 4912 4959 4962 5649 5654 10204 10205 12552 12553 13395 13396 14170 14173 14414
LI (37):  11 12 13 14 15 16 17 18 19 4901 4926 4927 4939 4946 4963 4965 5080 5082 5088 5165 5211 5645 5647 5653 10078 10086 10104 10107 10200 12503 12515 12518 12529 13387 13390 14162 14163
NODE_NUM = 198
FILE voter_sub_31.aig

# Subcircuit 32
SUB_ID 32
LO (18):  5080 5082 5088 5165 5208 5211 5645 5647 5653 5655 5656 10058 10059 10068 10069 10104 10107 12529
LI (34):  20 21 22 23 24 25 26 27 28 29 30 31 992 993 994 4984 4991 5001 5023 5030 5038 5042 5049 5077 5106 5112 5161 5164 5196 5198 5630 5635 5638 10066
NODE_NUM = 188
FILE voter_sub_32.aig

# Subcircuit 33
SUB_ID 33
LO (18):  5106 5112 5161 5196 5198 5630 5635 5638 10066 10078 10122 10124 10148 10151 10152 12484 12515 12518
LI (36):  1 2 3 4 5 6 7 44 45 46 995 996 997 998 999 1000 5102 5146 5156 5177 5194 5208 5230 5240 5277 5281 5288 5386 5411 5612 5617 5620 10058 10059 10068 10069
NODE_NUM = 198
FILE voter_sub_33.aig

# Subcircuit 34
SUB_ID 34
LO (16):  5230 5240 5277 5281 5288 5364 5370 5374 5386 5411 10200 12503 13387 13390 14162 14163
LI (39):  32 33 34 38 39 40 41 42 43 47 48 49 50 51 52 53 54 55 5229 5262 5269 5325 5331 5361 5364 5382 5394 10122 10124 10130 10148 10151 10152 10194 12469 12472 12484 13377 13378
NODE_NUM = 192
FILE voter_sub_34.aig

# Subcircuit 35
SUB_ID 35
LO (17):  5361 5382 5394 5520 5521 5525 5533 5537 5612 5617 5620 10130 10194 12469 12472 13377 13378
LI (36):  35 36 37 56 57 58 59 60 61 62 63 64 65 66 67 68 69 70 5357 5364 5370 5374 5430 5440 5467 5474 5482 5486 5490 5519 5591 5595 5600 10184 10187 12460
NODE_NUM = 192
FILE voter_sub_35.aig

# Subcircuit 36
SUB_ID 36
LO (20):  5519 5591 5595 5600 6297 6382 6420 6535 6536 6537 10184 10187 10376 10414 10429 10430 10432 12460 12635 12637
LI (33):  71 72 73 74 75 76 77 78 79 938 939 940 5518 5520 5521 5525 5533 5537 5551 5558 5566 5570 5577 5690 5696 5729 5747 5826 5982 6294 6353 6372 6385
NODE_NUM = 197
FILE voter_sub_36.aig

# Subcircuit 37
SUB_ID 37
LO (18):  5690 5696 5729 5747 6385 10460 12745 13479 14215 14491 14492 14580 14613 14615 14616 14667 14668 14674
LI (42):  932 933 934 941 942 943 5686 5726 5732 6382 10294 10374 10376 10412 10414 10424 10427 10429 10430 10432 12635 12637 12643 12671 12674 12739 13447 13450 13463 13464 14205 14206 14392 14397 14415 14417 14418 14487 14579 14605 14608 14673
NODE_NUM = 193
FILE voter_sub_37.aig

# Subcircuit 38
SUB_ID 38
LO (16):  5726 5732 5826 5982 6313 6353 6372 10378 10393 10394 10396 10424 10427 12643 12659 12661
LI (34):  914 915 916 920 921 922 923 924 925 926 927 928 929 930 931 935 936 937 5722 5765 5771 5801 5804 5807 5822 5843 5849 5882 5900 5979 6316 6346 6355 10420
NODE_NUM = 193
FILE voter_sub_38.aig

# Subcircuit 39
SUB_ID 39
LO (16):  5843 5849 5882 5900 5979 5986 5987 5990 6006 6316 6346 10412 12671 12674 13463 13464
LI (44):  890 891 896 897 898 899 900 901 902 903 904 905 906 907 908 909 910 911 912 913 917 918 919 5839 5879 5885 5918 5924 5954 5957 5960 5975 6313 6329 10378 10384 10388 10391 10393 10394 10396 12659 12661 12667
NODE_NUM = 198
FILE voter_sub_39.aig

# Subcircuit 40
SUB_ID 40
LO (9):  6294 6539 10294 10374 12739 13447 13450 14205 14206
LI (38):  884 885 886 892 893 894 895 5986 5987 5990 5999 6005 6006 6009 6010 6014 6035 6038 6041 6056 6135 6291 6420 6439 6452 6525 6535 6536 6537 10332 10344 10347 10354 12701 12729 12732 13441 13442
NODE_NUM = 199
FILE voter_sub_40.aig

# Subcircuit 41
SUB_ID 41
LO (16):  6035 6041 6135 6291 6439 6485 6525 10298 10313 10314 10316 10344 10347 12701 12717 12719
LI (34):  866 867 868 872 873 874 875 876 877 878 879 880 881 882 883 887 888 889 6031 6074 6080 6110 6113 6116 6131 6152 6158 6191 6209 6288 6422 6488 6518 10340
NODE_NUM = 193
FILE voter_sub_41.aig

# Subcircuit 42
SUB_ID 42
LO (16):  6152 6158 6191 6209 6288 6488 6518 6547 6548 6549 6550 10332 12729 12732 13441 13442
LI (44):  200 201 848 849 850 851 852 853 854 855 856 857 858 859 860 861 862 863 864 865 869 870 871 6148 6188 6194 6227 6233 6263 6266 6269 6284 6485 6501 10298 10304 10308 10311 10313 10314 10316 12717 12719 12725
NODE_NUM = 198
FILE voter_sub_42.aig

# Subcircuit 43
SUB_ID 43
LO (12):  10010 10015 10018 10692 10695 11164 11901 12167 12171 12233 12235 12249
LI (27):  202 6547 6550 6558 6562 6568 6610 6614 6618 6719 6723 6728 6901 6957 7376 7381 7384 8023 8265 9992 9997 10000 10640 10680 10710 10802 11158
NODE_NUM = 198
FILE voter_sub_43.aig

# Subcircuit 44
SUB_ID 44
LO (21):  6558 6562 6568 6610 6614 6618 6719 6723 6728 10710 12431 13491 13559 13561 13562 13571 13574 13609 14078 14080 14095
LI (39):  202 203 204 205 206 207 208 209 210 211 212 213 214 6548 6549 6557 6595 6602 6647 6657 6694 6698 6705 10692 10695 11901 12163 12167 12171 12229 12233 12235 12249 12277 12280 12419 13549 13567 13597
NODE_NUM = 200
FILE voter_sub_44.aig

# Subcircuit 45
SUB_ID 45
LO (20):  6647 6657 6694 6698 6705 6901 6957 10680 12277 12280 13567 14142 14429 14435 14439 14440 14451 14454 14455 14600
LI (41):  194 195 196 215 216 217 218 219 220 221 222 223 6646 6679 6686 6762 6768 6801 6819 6898 6920 6950 10656 10659 10666 12273 13559 13561 13562 14012 14074 14078 14080 14083 14088 14090 14095 14126 14129 14436 14447
NODE_NUM = 200
FILE voter_sub_45.aig

# Subcircuit 46
SUB_ID 46
LO (17):  6762 6768 6801 6819 6898 6920 6950 6996 7035 7037 7047 7057 10656 10659 10666 10746 12273
LI (39):  176 177 178 179 180 181 182 183 184 185 186 187 188 189 190 191 192 193 197 198 199 236 237 238 6758 6798 6804 6837 6843 6873 6876 6879 6894 6933 6976 6986 7028 7034 10652
NODE_NUM = 198
FILE voter_sub_46.aig

# Subcircuit 47
SUB_ID 47
LO (20):  6976 6986 7028 7034 7074 7091 7092 7144 7145 7369 7376 7381 10730 10802 12229 13597 14083 14088 14090 14436
LI (40):  230 231 232 239 240 241 242 243 244 245 246 247 6975 6996 7008 7015 7035 7037 7047 7057 7071 7077 7129 7133 7157 7372 7374 7380 10736 10739 10746 10796 12195 12198 12215 13571 13574 13583 13584 14095
NODE_NUM = 198
FILE voter_sub_47.aig

# Subcircuit 48
SUB_ID 48
LO (16):  7071 7077 7129 7157 7372 7374 7380 7384 10736 10739 10796 12195 12198 12215 13583 13584
LI (33):  224 225 226 227 228 229 233 234 235 248 249 250 7067 7074 7091 7092 7107 7113 7144 7145 7176 7186 7228 7232 7236 7337 7341 7346 7369 10730 10786 10789 12186
NODE_NUM = 200
FILE voter_sub_48.aig

# Subcircuit 49
SUB_ID 49
LO (21):  7176 7186 7228 7232 7236 7337 7341 7346 7419 7436 7437 8023 8102 8103 8117 8129 8141 10612 10786 10789 12186
LI (40):  170 171 172 251 252 253 254 255 256 257 258 259 260 261 262 263 264 265 266 267 268 269 270 271 7175 7213 7220 7265 7275 7297 7304 7312 7316 7323 7416 7422 7474 7552 7708 8020
NODE_NUM = 200
FILE voter_sub_49.aig

# Subcircuit 50
SUB_ID 50
LO (14):  7416 7422 7474 8265 10640 12419 13527 13529 13549 14106 14109 14110 14111 14115
LI (33):  164 165 166 173 174 175 7412 7419 7436 7437 7452 7458 8079 8098 8102 8103 8117 8129 8141 8258 10554 10592 10604 10607 10612 12317 12345 12348 12413 13517 13520 13534 13535
NODE_NUM = 200
FILE voter_sub_50.aig

# Subcircuit 51
SUB_ID 51
LO (16):  7452 7458 7552 7708 8039 8079 8098 10558 10573 10574 10576 10604 10607 12317 12333 12335
LI (34):  146 147 148 152 153 154 155 156 157 158 159 160 161 162 163 167 168 169 7448 7491 7497 7527 7530 7533 7548 7569 7575 7608 7626 7705 8042 8072 8081 10600
NODE_NUM = 193
FILE voter_sub_51.aig

# Subcircuit 52
SUB_ID 52
LO (25):  7569 7575 7608 7626 7705 8042 8057 8059 8060 8067 10562 10592 12345 12348 13534 13535 14126 14129 14447 14605 14608 14673 14679 14681 14760
LI (64):  134 135 136 140 141 142 143 144 145 149 150 151 7565 7605 7611 7644 7650 7683 7702 8039 10558 10568 10571 10573 10574 10576 12333 12335 12341 13527 13529 14106 14109 14110 14111 14115 14122 14435 14439 14440 14443 14563 14580 14585 14588 14593 14595 14600 14613 14650 14667 14668 14669 14674 14698 14701 14705 14707 14709 14713 14714 14716 14718 14719
NODE_NUM = 200
FILE voter_sub_52.aig

# Subcircuit 53
SUB_ID 53
LO (16):  7644 7650 7683 7702 8020 8072 8258 10554 10568 10571 12341 12359 12361 12364 12365 12370
LI (33):  122 123 124 128 129 130 131 132 133 137 138 139 7640 7680 7686 7725 7731 7764 7782 7861 8017 8057 8059 8060 8067 8165 8178 8251 10512 10524 10527 10534 10562
NODE_NUM = 196
FILE voter_sub_53.aig

# Subcircuit 54
SUB_ID 54
LO (19):  7725 7731 7764 7782 7833 7835 7840 7841 7861 8165 8178 10524 10527 10534 12413 13517 13520 14122 14443
LI (42):  104 105 106 107 108 109 110 111 112 113 114 115 116 117 118 119 120 121 125 126 127 7721 7761 7767 7800 7806 7836 7839 7842 7857 8148 10520 12359 12361 12364 12365 12370 12403 12406 13511 13512 14115
NODE_NUM = 200
FILE voter_sub_54.aig

# Subcircuit 55
SUB_ID 55
LO (14):  7836 7842 8017 8229 8231 8232 8239 8251 10482 10512 12403 12406 13511 13512
LI (36):  86 87 88 92 93 94 95 96 97 98 99 100 101 102 103 7833 7835 7840 7841 7878 7884 7914 7917 7920 7935 7953 7959 7992 8011 8014 8214 8244 10488 10491 10498 12399
NODE_NUM = 192
FILE voter_sub_55.aig

# Subcircuit 56
SUB_ID 56
LO (20):  7953 7959 7992 8011 8244 8352 9992 9997 10000 10488 10491 10816 10818 10900 10902 10917 10918 10919 10922 12399
LI (36):  80 81 82 83 84 85 89 90 91 332 333 334 7949 7989 7995 8229 8231 8232 8239 8284 8294 8335 8336 8342 8346 8440 8465 8666 8671 8674 9001 9119 9974 9979 9982 10482
NODE_NUM = 197
FILE voter_sub_56.aig

# Subcircuit 57
SUB_ID 57
LO (24):  8284 8294 8335 8336 8342 8346 11158 12163 13645 13651 13652 13657 13660 13737 13738 13995 13997 13999 14001 14008 14012 14016 14044 14053
LI (40):  335 336 337 341 342 343 8283 8316 8323 8352 10816 10818 10898 10900 10902 10912 10915 10917 10918 10919 10922 10972 11152 12031 12059 12062 12079 12151 13302 13313 13337 13341 13487 13491 13609 13639 13649 13721 13984 13985
NODE_NUM = 200
FILE voter_sub_57.aig

# Subcircuit 58
SUB_ID 58
LO (16):  8316 8323 8440 8465 8558 8666 8671 8674 10912 10915 10938 10939 10940 10941 10944 12079
LI (36):  320 321 322 323 324 325 326 327 328 329 330 331 338 339 340 344 345 346 8315 8379 8385 8415 8418 8421 8436 8448 8484 8494 8540 8541 8544 8548 8645 8649 8654 10908
NODE_NUM = 192
FILE voter_sub_58.aig

# Subcircuit 59
SUB_ID 59
LO (25):  8484 8494 8540 8541 8544 8548 8641 8645 8649 8654 10953 10954 10955 10958 10972 12059 12062 13649 14074 14487 14585 14588 14593 14595 14669
LI (48):  347 348 349 350 351 352 353 354 355 356 357 358 8483 8521 8528 8558 8573 8583 8624 8625 8631 8635 10938 10939 10940 10941 10944 10962 10965 12050 13645 13651 13652 14016 14038 14041 14044 14047 14053 14060 14429 14451 14454 14455 14465 14466 14469 14600
NODE_NUM = 194
FILE voter_sub_59.aig

# Subcircuit 60
SUB_ID 60
LO (19):  8573 8583 8624 8625 8631 8635 9001 9119 10898 10962 10965 12050 12117 12120 12151 13619 13625 13626 13627
LI (35):  314 315 316 359 360 361 362 363 364 365 366 367 8572 8605 8612 8641 8706 8712 8745 8763 8842 8998 9026 9039 9112 10856 10868 10871 10878 10953 10954 10955 10958 12113 12145
NODE_NUM = 200
FILE voter_sub_60.aig

# Subcircuit 61
SUB_ID 61
LO (19):  8706 8712 8745 8763 8842 8862 8879 8880 8998 9026 9039 9066 9067 9081 10840 10868 10871 10878 12113
LI (39):  290 291 292 296 297 298 299 300 301 302 303 304 305 306 307 308 309 310 311 312 313 317 318 319 8702 8742 8748 8781 8787 8817 8820 8823 8838 8859 8865 8917 8995 9009 10864
NODE_NUM = 198
FILE voter_sub_61.aig

# Subcircuit 62
SUB_ID 62
LO (17):  8859 8865 8917 8995 9102 9112 10823 10824 10826 10856 12134 12136 12145 13639 14047 14060 14469
LI (40):  278 279 280 284 285 286 287 288 289 293 294 295 8855 8862 8879 8880 8895 8901 8934 8940 8973 8991 9066 9067 9081 9088 9105 10832 10835 10840 12117 12120 12137 13619 13625 13626 13627 13657 13660 14053
NODE_NUM = 195
FILE voter_sub_62.aig

# Subcircuit 63
SUB_ID 63
LO (18):  8934 8940 8973 8991 9088 9974 9979 9982 10832 10835 10986 11036 11039 11066 11971 11973 11987 12137
LI (36):  272 273 274 275 276 277 281 282 283 392 393 394 8930 8970 8976 9102 9138 9148 9190 9194 9198 9299 9303 9308 9481 9537 9956 9961 9964 10823 10824 10826 11024 11054 12134 12136
NODE_NUM = 197
FILE voter_sub_63.aig

# Subcircuit 64
SUB_ID 64
LO (19):  9138 9148 9190 9194 9198 9222 9226 9235 9236 9299 9303 9308 11054 12031 13721 14038 14041 14465 14466
LI (38):  395 396 397 398 399 400 401 402 403 404 405 406 407 408 409 9137 9175 9182 9227 9237 9274 9278 9285 11036 11039 11909 11967 11971 11973 11987 12015 12018 13683 13684 13711 13714 14026 14027
NODE_NUM = 200
FILE voter_sub_64.aig

# Subcircuit 65
SUB_ID 65
LO (14):  9227 9237 9274 9278 9285 9410 9426 9481 9537 11024 12015 12018 13683 13684
LI (40):  374 375 376 380 381 382 383 384 385 386 387 388 389 390 391 410 411 412 413 414 415 9222 9226 9235 9236 9259 9266 9342 9348 9378 9381 9384 9399 9478 9500 9530 11000 11003 11010 12011
NODE_NUM = 199
FILE voter_sub_65.aig

# Subcircuit 66
SUB_ID 66
LO (15):  9478 9530 9624 9956 9961 9964 11000 11003 11068 11070 11085 11086 11087 11090 12011
LI (32):  368 369 370 371 372 373 377 378 379 428 429 430 9410 9413 9426 9453 9456 9459 9474 9513 9556 9566 9607 9608 9614 9618 9712 9737 9938 9943 9946 10996
NODE_NUM = 189
FILE voter_sub_66.aig

# Subcircuit 67
SUB_ID 67
LO (19):  9556 9566 9607 9608 9614 9618 9645 9646 9649 9655 9712 9737 11152 11909 11967 13711 13714 14026 14027
LI (40):  422 423 424 425 426 431 432 433 434 435 436 437 438 439 9555 9588 9595 9624 9651 9657 9690 9708 9720 10986 11066 11068 11070 11076 11080 11083 11085 11086 11087 11090 11140 11933 11936 11953 13701 13702
NODE_NUM = 198
FILE voter_sub_67.aig

# Subcircuit 68
SUB_ID 68
LO (14):  9651 9657 9690 9708 9720 9938 9943 9946 11076 11140 11933 11936 13701 13702
LI (38):  416 417 418 419 420 421 427 440 441 442 443 444 445 446 447 448 449 450 451 9645 9646 9649 9655 9687 9693 9756 9766 9793 9800 9808 9812 9816 9917 9921 9926 11130 11133 11924
NODE_NUM = 198
FILE voter_sub_68.aig

# Subcircuit 69
SUB_ID 69
LO (22):  9917 9921 9926 11130 11133 11168 11169 11279 11876 11897 11924 13311 13327 14004 14274 14383 14540 14563 14567 14572 14627 14655
LI (62):  452 453 454 455 456 457 458 459 460 461 462 463 1001 3255 9838 9845 9855 9877 9884 9892 9896 9903 10032 10033 10034 10049 10468 11164 11278 11874 11883 11885 13306 13309 13332 13737 13896 13898 13899 13902 13903 13995 13997 13999 14001 14002 14268 14273 14278 14279 14367 14368 14371 14388 14528 14532 14533 14536 14539 14559 14568 14571
NODE_NUM = 182
FILE voter_sub_69.aig

