# Subcircuit 0
SUB_ID 0
LO (28):  30 35 37 48 104 126 130 147 150 154 156 169 179 181 188 192 194 204 210 212 215 220 225 228 229 231 247 256
LI (9):  1 2 5 6 7 8 20 28 32
NODE_NUM = 50
FILE int2float_sub_0.aig

# Subcircuit 1
SUB_ID 1
LO (25):  20 28 32 46 57 59 68 79 83 89 93 102 112 118 125 133 135 163 199 232 242 252 254 262 274
LI (9):  2 3 4 5 7 9 10 48 53
NODE_NUM = 43
FILE int2float_sub_1.aig

# Subcircuit 2
SUB_ID 2
LO (6):  53 78 146 166 198 271
LI (23):  4 5 6 7 8 9 10 11 30 35 38 42 46 61 70 89 92 96 107 112 118 139 163
NODE_NUM = 49
FILE int2float_sub_2.aig

# Subcircuit 3
SUB_ID 3
LO (8):  38 61 70 92 96 107 139 209
LI (36):  1 2 3 4 5 6 7 8 9 10 11 37 57 59 68 79 83 89 90 93 102 104 125 126 130 135 137 147 151 159 166 173 176 189 195 208
NODE_NUM = 50
FILE int2float_sub_3.aig

# Subcircuit 4
SUB_ID 4
LO (9):  151 159 173 189 195 208 219 227 273
LI (29):  3 4 5 6 7 8 9 10 11 130 150 154 156 169 179 181 188 194 198 199 204 207 210 212 215 225 260 262 272
NODE_NUM = 36
FILE int2float_sub_4.aig

# Subcircuit 5
SUB_ID 5
LO (4):  251 260 272 278
LI (30):  1 3 4 5 6 8 9 10 11 53 133 169 192 204 220 227 228 229 231 232 235 242 247 249 252 254 256 258 271 274
NODE_NUM = 32
FILE int2float_sub_5.aig

