# Subcircuit 0
SUB_ID 0
LO (42):  260 262 263 511 554 555 556 557 558 559 560 561 562 563 564 565 566 567 568 569 570 573 574 579 800 803 805 807 809 811 813 815 819 820 825 953 959 966 967 972 1049 1059
LI (49):  2 3 84 86 87 88 89 90 91 92 93 94 95 96 97 98 99 100 101 102 103 104 105 106 107 108 109 110 111 112 113 114 115 116 117 118 119 120 121 122 123 124 125 126 128 141 144 506 508
NODE_NUM = 198
FILE priority_sub_0.aig

# Subcircuit 1
SUB_ID 1
LO (6):  141 144 759 821 831 834
LI (72):  121 125 126 127 128 512 513 514 515 516 517 518 519 520 521 522 523 524 525 526 527 528 529 530 531 532 533 534 535 536 537 538 539 540 541 542 543 544 545 546 547 548 549 550 551 552 553 554 555 556 557 558 559 560 561 562 563 564 565 566 567 568 569 570 573 574 579 811 813 815 820 825
NODE_NUM = 200
FILE priority_sub_1.aig

# Subcircuit 2
SUB_ID 2
LO (40):  380 382 383 534 535 536 537 538 539 540 541 542 543 544 545 546 547 548 549 550 551 552 780 783 785 787 789 791 793 795 797 799 933 937 941 945 1032 1046 1080 1094
LI (44):  44 46 47 48 49 50 51 52 53 54 55 56 57 58 59 60 61 62 63 64 65 66 67 68 69 70 71 72 73 74 75 76 77 78 79 80 81 82 83 84 85 260 263 265
NODE_NUM = 199
FILE priority_sub_2.aig

# Subcircuit 3
SUB_ID 3
LO (40):  265 506 508 513 514 515 516 517 518 519 520 521 522 523 524 525 526 527 528 529 530 531 532 761 763 765 767 769 771 773 775 777 779 880 884 913 917 921 925 1016
LI (48):  4 5 6 7 8 9 10 11 12 13 14 15 16 17 18 19 20 21 22 23 24 25 26 27 28 29 30 31 32 33 34 35 36 37 38 39 40 41 42 43 44 45 85 262 380 383 385 879
NODE_NUM = 191
FILE priority_sub_3.aig

# Subcircuit 4
SUB_ID 4
LO (11):  385 512 533 553 879 909 1008 1077 1105 1106 1114
LI (100):  1 2 3 4 33 34 35 36 37 38 39 40 41 42 43 44 45 46 65 66 67 68 69 70 71 80 81 82 83 84 85 86 382 761 763 765 767 769 771 773 775 777 779 780 783 785 787 789 791 793 795 797 799 800 803 805 807 809 819 821 831 834 843 846 873 876 880 884 913 917 921 925 933 937 941 945 953 959 966 967 972 975 978 990 993 1016 1032 1046 1049 1059 1060 1065 1068 1071 1080 1093 1094 1102 1103 1113
NODE_NUM = 190
FILE priority_sub_4.aig

