# Subcircuit 0
SUB_ID 0
LO (13):  905 907 1213 1216 1789 2473 2501 2508 2528 2538 2566 2576 2603
LI (56):  257 258 261 262 265 266 273 274 281 384 385 386 389 390 393 394 401 402 512 812 813 814 815 816 817 818 819 820 821 822 823 824 825 826 830 834 837 848 851 862 865 868 871 874 877 888 891 894 897 900 903 1196 1197 1201 1210 1212
NODE_NUM = 98
FILE max_sub_0.aig

# Subcircuit 1
SUB_ID 1
LO (4):  690 696 698 1196
LI (69):  352 353 354 355 356 357 358 359 360 365 366 367 368 369 370 371 372 373 374 375 376 480 481 482 483 484 485 486 487 488 493 494 495 496 497 498 499 500 501 502 503 504 649 666 678 697 1113 1114 1115 1122 1123 1125 1126 1128 1140 1150 1151 1153 1158 1159 1160 1167 1168 1170 1171 1173 1177 1185 1195
NODE_NUM = 100
FILE max_sub_1.aig

# Subcircuit 2
SUB_ID 2
LO (5):  697 745 1026 1027 1113
LI (66):  324 325 326 327 328 333 334 335 336 337 338 339 340 341 342 343 344 349 350 351 452 453 454 455 456 461 462 463 464 465 466 467 468 469 470 471 472 477 478 479 690 696 698 701 707 724 736 744 1025 1036 1038 1050 1060 1061 1063 1068 1069 1070 1077 1078 1080 1081 1083 1095 1105 1106
NODE_NUM = 99
FILE max_sub_2.aig

# Subcircuit 3
SUB_ID 3
LO (5):  744 807 926 1025 1036
LI (70):  287 288 289 297 298 299 300 301 302 303 304 313 314 315 316 317 318 319 320 322 323 415 416 417 425 426 427 428 429 430 431 432 441 442 443 444 445 446 447 448 450 451 745 754 755 758 760 766 772 783 784 789 795 801 927 943 944 966 967 969 970 991 1012 1013 1015 1023 1024 1026 1027 1029
NODE_NUM = 100
FILE max_sub_3.aig

# Subcircuit 4
SUB_ID 4
LO (39):  812 813 814 815 816 817 818 819 820 821 822 823 824 825 826 830 834 837 848 851 862 865 868 871 874 877 888 891 894 897 900 903 927 943 966 980 991 993 1003
LI (81):  259 260 263 264 267 268 269 270 271 272 275 276 277 278 279 280 282 283 284 285 286 289 290 291 292 293 294 295 296 305 312 387 388 391 392 395 396 397 398 399 400 403 404 405 406 407 408 409 410 411 412 413 414 417 418 419 420 421 422 423 424 433 440 807 905 907 912 915 918 921 926 936 941 942 950 962 979 983 989 990 1002
NODE_NUM = 98
FILE max_sub_4.aig

# Subcircuit 5
SUB_ID 5
LO (18):  979 983 989 1002 1012 1023 1029 1050 1060 1095 1105 1140 1150 1185 1195 1197 1199 1210
LI (70):  305 306 307 308 309 310 311 321 329 330 331 332 345 346 347 348 361 362 363 364 377 378 379 380 381 383 433 434 435 436 437 438 439 449 457 458 459 460 473 474 475 476 489 490 491 492 505 506 507 508 509 511 980 988 993 1003 1049 1057 1058 1094 1102 1103 1139 1147 1148 1184 1192 1193 1201 1206
NODE_NUM = 100
FILE max_sub_5.aig

# Subcircuit 6
SUB_ID 6
LO (22):  1201 1206 1787 1790 1792 1795 1799 1802 1808 1823 1826 1828 1834 1835 1841 1848 1850 1856 3028 3029 3040 3094
LI (45):  113 114 115 116 117 118 119 120 128 241 242 243 244 245 246 247 248 256 382 510 1199 1222 1731 1732 1733 1740 1741 1743 1744 1746 1758 1768 1770 1774 1776 1783 1784 1789 1798 1805 1812 1820 1831 1838 1845
NODE_NUM = 99
FILE max_sub_6.aig

# Subcircuit 7
SUB_ID 7
LO (2):  1644 1731
LI (66):  81 85 86 87 88 93 94 95 96 97 98 99 100 101 102 103 104 109 110 111 112 209 213 214 215 216 221 222 223 224 225 226 227 228 229 230 231 232 237 238 239 240 1239 1251 1268 1280 1643 1654 1656 1668 1678 1679 1681 1686 1687 1688 1695 1696 1698 1699 1701 1713 1723 1724 1726 1730
NODE_NUM = 100
FILE max_sub_7.aig

# Subcircuit 8
SUB_ID 8
LO (3):  1323 1643 1654
LI (68):  58 59 60 63 64 66 67 68 69 70 71 72 77 78 79 80 81 82 83 84 186 187 188 191 192 194 195 196 197 198 199 200 205 206 207 208 209 210 211 212 1297 1309 1324 1327 1328 1331 1333 1339 1345 1586 1588 1596 1597 1598 1602 1605 1606 1609 1611 1623 1633 1634 1636 1641 1642 1644 1650 1651
NODE_NUM = 100
FILE max_sub_8.aig

# Subcircuit 9
SUB_ID 9
LO (7):  1324 1339 1345 1388 1467 1586 1588
LI (71):  21 22 23 24 25 26 27 28 29 30 31 32 33 41 42 43 44 45 46 47 48 57 61 62 149 150 151 152 153 154 155 156 157 158 159 160 161 169 170 171 172 173 174 175 176 185 189 190 1323 1356 1357 1362 1368 1374 1468 1471 1474 1485 1488 1491 1494 1497 1500 1516 1517 1539 1540 1542 1543 1564 1585
NODE_NUM = 100
FILE max_sub_9.aig

# Subcircuit 10
SUB_ID 10
LO (3):  1468 1516 1539
LI (66):  1 2 3 4 5 6 7 8 9 10 11 12 13 14 15 16 17 18 19 20 37 38 39 40 129 130 131 132 133 134 135 136 137 138 139 140 141 142 143 144 145 146 147 148 165 166 167 168 1388 1405 1408 1419 1422 1433 1436 1439 1442 1445 1448 1459 1462 1467 1509 1515 1523 1535
NODE_NUM = 99
FILE max_sub_10.aig

# Subcircuit 11
SUB_ID 11
LO (12):  1515 1535 1564 1585 1596 1602 1623 1633 1668 1678 1713 1723
LI (67):  33 34 35 36 49 50 51 52 53 54 55 56 65 73 74 75 76 89 90 91 92 105 106 107 108 161 162 163 164 177 178 179 180 181 182 183 184 193 201 202 203 204 217 218 219 220 233 234 235 236 1514 1556 1561 1562 1563 1575 1581 1582 1622 1630 1631 1667 1675 1676 1712 1720 1721
NODE_NUM = 99
FILE max_sub_11.aig

# Subcircuit 12
SUB_ID 12
LO (23):  1758 1768 1770 1774 1783 1798 1805 1812 1820 1831 2511 3120 3121 3124 3127 3136 3139 3460 3472 3475 3478 3481 3507
LI (63):  121 122 123 124 125 126 127 249 250 251 252 253 254 255 373 374 375 376 497 501 502 503 504 1213 1216 1757 1765 1766 1774 1790 1799 1826 1828 1830 1834 1850 1857 2460 2463 2470 2473 2476 2481 2489 2493 2496 2501 2508 3027 3028 3029 3032 3040 3075 3085 3111 3119 3121 3471 3474 3477 3480 3506
NODE_NUM = 98
FILE max_sub_12.aig

# Subcircuit 13
SUB_ID 13
LO (16):  1830 1838 1845 1857 1901 3027 3032 3433 3448 3451 3454 3457 3463 3466 3469 3506
LI (56):  104 109 110 111 112 232 237 238 239 240 360 365 366 367 368 369 370 371 372 486 488 493 494 495 496 498 499 500 1213 1792 1835 1850 1856 1863 1870 1877 1878 1881 1888 1889 1892 1899 1917 1925 1928 2968 2970 3006 3016 3017 3018 3019 3024 3121 3465 3468
NODE_NUM = 100
FILE max_sub_13.aig

# Subcircuit 14
SUB_ID 14
LO (17):  1917 1925 1928 1965 1992 1994 2951 2968 2970 3409 3412 3415 3418 3421 3424 3427 3430
LI (56):  97 98 99 100 101 102 103 224 225 226 227 228 229 230 231 353 354 355 356 357 358 359 481 482 483 484 485 487 1213 1792 1901 1906 1913 1914 1924 1935 1942 1949 1950 1951 1957 1958 1960 1964 1982 1990 1993 2950 2955 2956 2957 2959 2960 2963 2969 3121
NODE_NUM = 100
FILE max_sub_14.aig

# Subcircuit 15
SUB_ID 15
LO (14):  1960 1964 1982 1990 1993 2950 2955 3376 3379 3382 3385 3400 3403 3406
LI (56):  85 86 88 93 94 95 96 213 214 215 216 221 222 223 341 342 343 344 349 350 351 352 469 470 471 472 477 478 479 480 1213 1792 1965 1971 1978 1979 1989 1992 1994 2000 2007 2014 2015 2018 2024 2025 2026 2029 2899 2900 2901 2937 2947 2949 2951 3121
NODE_NUM = 100
FILE max_sub_15.aig

# Subcircuit 16
SUB_ID 16
LO (10):  2024 2085 2899 3352 3355 3361 3364 3367 3370 3373
LI (56):  77 78 80 81 82 83 84 87 205 206 208 209 210 211 212 333 334 336 337 338 339 340 461 462 463 464 465 466 467 468 1213 1792 2036 2043 2050 2051 2052 2058 2059 2065 2072 2079 2080 2083 2091 2094 2879 2880 2881 2886 2887 2888 2890 2891 2894 3121
NODE_NUM = 100
FILE max_sub_16.aig

# Subcircuit 17
SUB_ID 17
LO (12):  2091 2094 2149 2879 3314 3322 3325 3328 3331 3334 3337 3358
LI (53):  67 68 69 70 71 72 79 195 196 197 198 199 200 207 323 324 325 326 327 328 335 449 451 452 453 454 455 456 1213 1792 2085 2090 2101 2108 2115 2116 2119 2126 2127 2130 2137 2144 2145 2148 2819 2826 2827 2830 2831 2832 2868 2878 3121
NODE_NUM = 98
FILE max_sub_17.aig

# Subcircuit 18
SUB_ID 18
LO (12):  2148 2208 2819 2826 3292 3295 3298 3301 3308 3313 3316 3319
LI (57):  57 58 59 60 64 65 66 185 186 187 188 192 193 194 313 314 315 316 320 321 322 441 442 443 444 447 448 450 1213 1792 2149 2159 2166 2173 2180 2187 2194 2195 2198 2199 2201 2202 2204 2207 2212 2228 2234 2236 2808 2809 2810 2817 2818 2823 2825 3121 3314
NODE_NUM = 100
FILE max_sub_18.aig

# Subcircuit 19
SUB_ID 19
LO (14):  2207 2212 2228 2234 2236 2266 2808 3247 3250 3253 3265 3304 3307 3310
LI (56):  42 43 44 48 61 62 63 169 170 171 172 176 189 190 191 298 299 300 304 317 318 319 426 427 428 432 445 446 1213 1792 2208 2219 2226 2227 2233 2243 2250 2257 2264 2272 2275 2276 2278 2281 2289 2305 2311 2313 2714 2715 2716 2717 2786 2807 3121 3308
NODE_NUM = 99
FILE max_sub_19.aig

# Subcircuit 20
SUB_ID 20
LO (16):  2272 2289 2305 2311 2313 2338 2714 2715 3209 3214 3217 3220 3244 3256 3259 3262
LI (54):  31 32 33 41 45 46 47 159 160 161 173 174 175 287 288 289 297 301 302 303 414 415 416 417 425 429 430 431 1213 1792 2266 2271 2288 2296 2303 2304 2310 2320 2327 2334 2337 2629 2632 2635 2666 2689 2691 2693 2698 2700 2701 2703 2705 3121
NODE_NUM = 98
FILE max_sub_20.aig

# Subcircuit 21
SUB_ID 21
LO (12):  2337 2381 2629 3187 3190 3193 3196 3199 3202 3205 3208 3211
LI (48):  23 24 27 28 29 30 150 151 152 155 156 157 158 278 279 280 283 284 285 286 406 407 408 411 412 413 1213 1792 2338 2348 2355 2362 2369 2376 2383 2588 2591 2594 2600 2604 2610 2614 2617 2620 2623 2626 3121 3209
NODE_NUM = 100
FILE max_sub_21.aig

# Subcircuit 22
SUB_ID 22
LO (12):  2383 2429 2588 3158 3163 3166 3169 3172 3175 3178 3181 3184
LI (47):  14 15 16 19 20 21 22 142 143 144 147 148 149 270 271 272 275 276 277 397 398 399 400 403 404 405 1213 1792 2381 2390 2397 2404 2411 2418 2425 2428 2550 2553 2556 2562 2566 2572 2576 2579 2582 2585 3121
NODE_NUM = 97
FILE max_sub_22.aig

# Subcircuit 23
SUB_ID 23
LO (18):  2428 2460 2463 2470 2476 2481 2485 2496 2550 3128 3133 3142 3145 3148 3151 3154 3157 3160
LI (50):  1 2 4 5 6 7 8 11 12 13 129 130 132 133 134 135 136 139 140 141 260 264 267 268 269 387 388 392 395 396 1213 1792 2429 2439 2446 2453 2469 2484 2511 2515 2518 2524 2528 2534 2538 2541 2544 2547 3121 3158
NODE_NUM = 99
FILE max_sub_23.aig

# Subcircuit 24
SUB_ID 24
LO (26):  2484 2489 2493 2515 2524 2534 2562 2572 2600 2604 2610 2614 2666 2676 2689 2693 2698 2700 2705 3130 3223 3227 3232 3235 3238 3241
LI (59):  3 9 10 17 18 25 26 34 37 38 39 40 131 137 138 145 146 153 154 162 165 166 167 168 259 263 282 290 293 294 295 296 391 409 410 418 420 421 422 423 424 1213 1792 2485 2603 2641 2645 2648 2656 2663 2664 2665 2672 2675 2688 2696 2697 3121 3128
NODE_NUM = 100
FILE max_sub_24.aig

# Subcircuit 25
SUB_ID 25
LO (14):  2675 2688 2701 2703 2786 2807 3226 3229 3268 3271 3280 3283 3286 3289
LI (56):  35 36 49 53 54 55 56 163 164 177 181 182 183 184 291 292 305 309 310 311 312 419 433 434 437 438 439 440 1213 1792 2676 2683 2686 2729 2736 2743 2744 2751 2758 2759 2760 2761 2763 2767 2783 2784 2788 2789 2791 2793 2800 2803 2804 2805 3121 3227
NODE_NUM = 100
FILE max_sub_25.aig

# Subcircuit 26
SUB_ID 26
LO (18):  2763 2767 2783 2789 2791 2868 2878 2916 2937 2947 3274 3277 3340 3343 3346 3349 3392 3397
LI (53):  50 51 52 73 74 75 76 92 178 179 180 201 202 203 204 220 306 307 308 329 330 331 332 348 435 436 457 458 459 460 475 476 1213 1792 2774 2778 2781 2843 2850 2851 2858 2865 2866 2867 2872 2875 2876 2912 2915 2920 2936 2945 3121
NODE_NUM = 98
FILE max_sub_26.aig

# Subcircuit 27
SUB_ID 27
LO (16):  2915 2920 2936 2945 3006 3016 3075 3085 3388 3391 3394 3436 3439 3442 3445 3493
LI (55):  89 90 91 105 106 107 108 217 218 219 233 234 235 236 252 345 346 347 361 362 363 364 380 473 474 489 490 491 492 508 1213 1792 2916 2927 2934 2935 2941 2944 2981 2988 2989 2996 3003 3004 3005 3010 3013 3014 3049 3050 3058 3074 3083 3121 3392
NODE_NUM = 100
FILE max_sub_27.aig

# Subcircuit 28
SUB_ID 28
LO (19):  3049 3058 3074 3083 3111 3119 3465 3468 3471 3474 3477 3480 3484 3487 3490 3496 3499 3502 3504
LI (50):  121 122 123 124 125 126 127 249 250 251 253 254 255 377 378 379 381 382 383 505 506 507 509 510 511 1213 1787 1789 1792 1795 1802 1808 1823 1841 1848 3057 3065 3069 3072 3082 3092 3094 3100 3107 3108 3109 3114 3117 3120 3121
NODE_NUM = 86
FILE max_sub_28.aig

