# Subcircuit 0
SUB_ID 0
LO (12):  1082 1737 1852 1853 1854 2715 11601 11603 11618 11619 11620 11623
LI (16):  716 717 718 1007 1014 1024 1065 1066 1072 1076 1170 1195 1396 1401 1404 1731
NODE_NUM = 100
FILE voter_sub_0.aig

# Subcircuit 1
SUB_ID 1
LO (17):  1014 1024 1065 1066 1072 1076 11627 11630 11865 11866 11891 12762 12766 12896 12900 12926 12935
LI (25):  719 720 721 725 726 727 1013 1046 1053 1082 11169 11171 11515 11517 11519 11599 11601 11603 11617 11618 11619 11620 11623 11673 11853
NODE_NUM = 100
FILE voter_sub_1.aig

# Subcircuit 2
SUB_ID 2
LO (12):  1046 1053 1170 1195 11617 12944 12947 12954 13892 13902 13903 13904
LI (19):  710 711 712 722 723 724 1045 1109 1115 1148 1166 1178 11609 11627 11630 12900 12924 12926 12935
NODE_NUM = 98
FILE voter_sub_2.aig

# Subcircuit 3
SUB_ID 3
LO (15):  1109 1115 1148 1166 1178 1238 1239 1283 1284 1286 1389 11609 11640 11642 11645
LI (21):  704 705 706 707 708 709 713 714 715 728 729 730 1105 1145 1151 1214 1224 1270 1271 1274 1279
NODE_NUM = 95
FILE voter_sub_3.aig

# Subcircuit 4
SUB_ID 4
LO (17):  1214 1224 1270 1271 1274 1279 1396 1401 11673 12924 13896 13898 13899 13908 13911 13912 14273
LI (27):  731 732 733 737 738 739 1213 1238 1239 1251 1258 1283 1284 1286 1392 1394 1400 11640 11642 11645 11663 11666 12911 12944 12947 13892 13904
NODE_NUM = 100
FILE voter_sub_4.aig

# Subcircuit 5
SUB_ID 5
LO (9):  1251 1258 1392 1394 1400 1404 11663 11666 12911
LI (16):  734 735 736 740 741 742 743 744 745 1250 1303 1313 1350 1354 1361 1389
NODE_NUM = 99
FILE voter_sub_5.aig

# Subcircuit 6
SUB_ID 6
LO (12):  1350 1354 1361 1731 1762 1766 1767 1773 1775 1787 11577 12965
LI (18):  698 699 700 746 747 748 749 750 751 1328 1335 1342 1436 1442 1475 1493 1572 1728
NODE_NUM = 89
FILE voter_sub_6.aig

# Subcircuit 7
SUB_ID 7
LO (15):  1436 1442 1475 1493 4472 10047 11171 11517 11519 11521 11559 11574 11575 11579 11885
LI (28):  692 693 694 701 702 703 1432 1472 1478 1737 1756 1762 1766 1767 1773 1775 1787 1842 1852 1853 1854 2718 2720 2726 3976 4465 10043 10046
NODE_NUM = 98
FILE voter_sub_7.aig

# Subcircuit 8
SUB_ID 8
LO (10):  1472 1478 1572 1756 11599 12958 12960 12963 12964 12974
LI (18):  686 687 688 695 696 697 1468 1511 1517 1550 1568 1739 11521 11557 11559 11565 11583 11586
NODE_NUM = 97
FILE voter_sub_8.aig

# Subcircuit 9
SUB_ID 9
LO (14):  1511 1517 1550 1568 1728 1739 1798 1802 1803 1809 1811 11541 11565 12989
LI (20):  674 675 676 680 681 682 683 684 685 689 690 691 1507 1547 1553 1589 1595 1628 1646 1725
NODE_NUM = 100
FILE voter_sub_9.aig

# Subcircuit 10
SUB_ID 10
LO (13):  1589 1595 1628 1646 1842 11557 13002 13005 13009 13869 13880 13881 13882
LI (21):  668 669 670 677 678 679 1585 1625 1631 1798 1802 1803 1809 1811 1835 11533 11536 11541 12982 12989 12998
NODE_NUM = 98
FILE voter_sub_10.aig

# Subcircuit 11
SUB_ID 11
LO (10):  1625 1631 1703 1709 1713 1725 1835 11533 11536 12998
LI (20):  656 657 658 662 663 664 665 666 667 671 672 673 1621 1664 1670 1700 1703 1721 1818 11529
NODE_NUM = 97
FILE voter_sub_11.aig

# Subcircuit 12
SUB_ID 12
LO (14):  1700 1721 1818 1942 2050 2055 2058 2215 11529 11727 11728 11729 11730 11733
LI (19):  659 660 661 776 777 778 1696 1703 1709 1713 1868 1878 1924 1925 1928 1932 2029 2033 2038
NODE_NUM = 96
FILE voter_sub_12.aig

# Subcircuit 13
SUB_ID 13
LO (15):  1868 1878 1924 1925 1928 1932 11853 12770 12832 12852 12855 12856 13930 13931 13932
LI (22):  779 780 781 785 786 787 1867 1905 1912 1942 11687 11689 11725 11727 11728 11729 11730 11733 11751 11754 11847 12843
NODE_NUM = 95
FILE voter_sub_13.aig

# Subcircuit 14
SUB_ID 14
LO (10):  1905 1912 1983 2000 2029 2033 2038 11751 11754 12843
LI (18):  782 783 784 788 789 790 791 792 793 797 798 799 1904 1957 1967 2004 2008 2015
NODE_NUM = 97
FILE voter_sub_14.aig

# Subcircuit 15
SUB_ID 15
LO (15):  2004 2008 2015 2217 2223 2227 2228 2234 2236 2270 2271 2272 2697 11709 12863
LI (18):  770 771 772 794 795 796 1983 1988 2000 2050 2055 2058 2072 2078 2111 2129 2208 2215
NODE_NUM = 87
FILE voter_sub_15.aig

# Subcircuit 16
SUB_ID 16
LO (14):  2072 2078 2111 2129 2718 2720 2726 11687 11689 11725 12858 12861 12862 12867
LI (27):  764 765 766 773 774 775 2068 2108 2114 2217 2223 2227 2228 2234 2236 2260 2270 2271 2272 2700 2702 2708 2716 11701 11704 11709 12863
NODE_NUM = 100
FILE voter_sub_16.aig

# Subcircuit 17
SUB_ID 17
LO (15):  2108 2114 2208 2260 11701 11704 12876 12879 12889 13919 13921 13924 13934 13935 13936
LI (20):  758 759 760 767 768 769 2104 2147 2153 2186 2204 2243 11697 12828 12832 12856 12858 12861 12862 12867
NODE_NUM = 98
FILE voter_sub_17.aig

# Subcircuit 18
SUB_ID 18
LO (15):  2147 2153 2186 2204 2243 2306 2350 2352 2357 2362 2367 11697 11786 11788 11791
LI (21):  752 753 754 755 756 757 761 762 763 812 813 814 2143 2183 2189 2286 2296 2337 2338 2344 2349
NODE_NUM = 95
FILE voter_sub_18.aig

# Subcircuit 19
SUB_ID 19
LO (15):  2286 2296 2337 2338 2344 2349 2700 2702 2708 11769 11795 11798 11805 12800 12809
LI (24):  815 816 817 821 822 823 2285 2306 2318 2325 2350 2352 2357 2362 2443 2467 2682 2684 2690 2698 11785 11786 11788 11791
NODE_NUM = 91
FILE voter_sub_19.aig

# Subcircuit 20
SUB_ID 20
LO (21):  2318 2325 2443 2464 2467 2682 2684 2690 2698 2716 3976 10032 10036 10042 11772 11773 11775 11874 11879 12811 12813
LI (21):  806 807 808 818 819 820 2317 2367 2381 2387 2420 2438 2450 2668 2673 2676 2697 2715 3972 10035 10041
NODE_NUM = 96
FILE voter_sub_20.aig

# Subcircuit 21
SUB_ID 21
LO (17):  2381 2387 2420 2438 2450 11785 12828 13950 13956 13957 13962 13965 13975 14233 14235 14238 14247
LI (26):  800 801 802 809 810 811 2377 2417 2423 2464 11772 11773 11775 11795 11798 12774 12794 12797 12800 12809 12811 12813 13918 13922 13944 13954
NODE_NUM = 100
FILE voter_sub_21.aig

# Subcircuit 22
SUB_ID 22
LO (10):  2417 2423 2668 2673 2676 11807 11817 11820 11821 12790
LI (15):  803 804 805 824 825 826 2413 2486 2496 2538 2542 2546 2647 2651 2656
NODE_NUM = 96
FILE voter_sub_22.aig

# Subcircuit 23
SUB_ID 23
LO (13):  2486 2496 2538 2542 2546 2643 2647 2651 2656 11822 11823 11824 11827
LI (21):  827 828 829 830 831 832 833 834 835 836 837 838 2485 2523 2530 2575 2585 2626 2627 2633 2637
NODE_NUM = 96
FILE voter_sub_23.aig

# Subcircuit 24
SUB_ID 24
LO (17):  2575 2585 2626 2627 2633 2637 11847 12774 12794 12797 13954 14242 14246 14258 14261 14262 14533
LI (28):  839 840 841 845 846 847 2574 2607 2614 2643 11769 11805 11807 11817 11820 11821 11822 11823 11824 11827 12790 13950 13956 13957 14238 14241 14247 14254
NODE_NUM = 98
FILE voter_sub_24.aig

# Subcircuit 25
SUB_ID 25
LO (24):  2607 2614 3972 4222 4339 4394 4418 4422 4424 4425 4432 4440 4441 4442 4447 4448 4449 4454 4455 4456 4461 4462 4463 11183
LI (23):  470 471 472 842 843 844 2606 2741 2747 2780 2799 2877 3033 3345 3969 4211 4216 4328 4333 4383 4388 4408 4412
NODE_NUM = 99
FILE voter_sub_25.aig

# Subcircuit 26
SUB_ID 26
LO (13):  2741 2747 2780 2799 4465 11173 11175 11177 11189 11192 11213 13246 13260
LI (31):  467 468 469 473 474 475 2737 2777 2783 4222 4339 4394 4418 4422 4424 4425 4432 4440 4441 4442 4447 4448 4449 4454 4455 4456 4461 4462 4463 11183 11207
NODE_NUM = 94
FILE voter_sub_26.aig

# Subcircuit 27
SUB_ID 27
LO (13):  2777 2783 2877 4408 4412 11207 13264 13267 13274 13752 13762 13763 13764
LI (19):  464 465 466 482 483 484 2773 2816 2822 2855 2873 4407 11189 11192 11199 13220 13244 13246 13260
NODE_NUM = 97
FILE voter_sub_27.aig

# Subcircuit 28
SUB_ID 28
LO (14):  2816 2822 2855 2873 3033 4364 4368 4369 4375 4377 4407 11199 11233 13227
LI (20):  476 477 478 479 480 481 485 486 487 506 507 508 2812 2852 2858 2894 2900 2933 2951 3030
NODE_NUM = 100
FILE voter_sub_28.aig

# Subcircuit 29
SUB_ID 29
LO (17):  2894 2900 2933 2951 4383 4388 11230 11235 11239 11242 11512 13025 13027 13158 13220 13222 13230
LI (22):  500 501 502 509 510 511 2890 2930 2936 4358 4364 4368 4369 4375 4377 11175 11177 11213 11229 11233 11335 11509
NODE_NUM = 98
FILE voter_sub_29.aig

# Subcircuit 30
SUB_ID 30
LO (11):  2930 2936 3030 4358 11229 13244 13755 13756 13758 13759 13760
LI (20):  494 495 496 503 504 505 2926 2969 2975 3008 3026 4341 11221 11239 11242 13222 13231 13264 13267 13752
NODE_NUM = 94
FILE voter_sub_30.aig

# Subcircuit 31
SUB_ID 31
LO (14):  2969 2975 3008 3026 3345 4293 4295 4296 4299 4310 4322 4341 11221 11313
LI (21):  488 489 490 491 492 493 497 498 499 554 555 556 2965 3005 3011 3050 3056 3089 3108 3186 3342
NODE_NUM = 94
FILE voter_sub_31.aig

# Subcircuit 32
SUB_ID 32
LO (12):  3050 3056 3089 3108 4328 4333 11257 11319 11322 11329 13164 13173
LI (19):  548 549 550 557 558 559 3046 3086 3092 4272 4291 4293 4295 4296 4299 4310 4322 11309 11313
NODE_NUM = 99
FILE voter_sub_32.aig

# Subcircuit 33
SUB_ID 33
LO (12):  3086 3092 3186 4291 11309 13182 13185 13216 13774 13780 13781 13782
LI (19):  542 543 544 551 552 553 3082 3125 3131 3164 3182 4274 11301 11319 11322 13162 13164 13173 13210
NODE_NUM = 98
FILE voter_sub_33.aig

# Subcircuit 34
SUB_ID 34
LO (14):  3125 3131 3164 3182 3342 4228 4232 4233 4239 4241 4274 11277 11301 13193
LI (20):  530 531 532 536 537 538 539 540 541 545 546 547 3121 3161 3167 3203 3209 3242 3260 3339
NODE_NUM = 100
FILE voter_sub_34.aig

# Subcircuit 35
SUB_ID 35
LO (11):  3203 3209 3242 3260 4272 11335 13162 13188 13191 13192 13197
LI (21):  524 525 526 533 534 535 3199 3239 3245 4228 4232 4233 4239 4241 4265 11257 11269 11272 11277 11329 13193
NODE_NUM = 92
FILE voter_sub_35.aig

# Subcircuit 36
SUB_ID 36
LO (14):  3239 3245 3339 4265 11269 11272 13210 13778 13784 13785 13790 13793 13794 14335
LI (21):  518 519 520 527 528 529 3235 3278 3284 3317 3335 4248 11265 13182 13185 13188 13191 13192 13197 13774 13782
NODE_NUM = 98
FILE voter_sub_36.aig

# Subcircuit 37
SUB_ID 37
LO (15):  3278 3284 3317 3335 3969 4164 4166 4167 4170 4181 4193 4205 4248 11265 11481
LI (22):  512 513 514 515 516 517 521 522 523 650 651 652 3274 3314 3320 3362 3368 3401 3420 3498 3654 3966
NODE_NUM = 98
FILE voter_sub_37.aig

# Subcircuit 38
SUB_ID 38
LO (13):  3362 3368 3401 3420 4172 4211 4216 11343 11425 11463 11478 11479 11483
LI (19):  644 645 646 653 654 655 3358 3398 3404 4093 4143 4162 4164 4166 4167 4170 4181 4193 4205
NODE_NUM = 91
FILE voter_sub_38.aig

# Subcircuit 39
SUB_ID 39
LO (12):  3398 3404 3498 4162 11473 11476 11506 13029 13031 13036 13038 13052
LI (18):  638 639 640 647 648 649 3394 3437 3443 3476 3494 4145 11423 11425 11461 11463 11469 11491
NODE_NUM = 97
FILE voter_sub_39.aig

# Subcircuit 40
SUB_ID 40
LO (14):  3437 3443 3476 3494 3654 4099 4103 4104 4110 4112 4145 11445 11469 13067
LI (20):  626 627 628 632 633 634 635 636 637 641 642 643 3433 3473 3479 3515 3521 3554 3572 3651
NODE_NUM = 100
FILE voter_sub_40.aig

# Subcircuit 41
SUB_ID 41
LO (13):  3515 3521 3554 3572 4143 11461 13080 13083 13087 13827 13838 13839 13840
LI (21):  620 621 622 629 630 631 3511 3551 3557 4099 4103 4104 4110 4112 4136 11437 11440 11445 13060 13067 13076
NODE_NUM = 98
FILE voter_sub_41.aig

# Subcircuit 42
SUB_ID 42
LO (10):  3551 3557 3629 3635 3639 3651 4136 11437 11440 13076
LI (20):  608 609 610 614 615 616 617 618 619 623 624 625 3547 3590 3596 3626 3629 3647 4119 11433
NODE_NUM = 97
FILE voter_sub_42.aig

# Subcircuit 43
SUB_ID 43
LO (16):  3626 3647 3966 4010 4021 4023 4024 4029 4031 4119 11398 11399 11401 11433 13102 13104
LI (17):  602 603 604 611 612 613 3622 3629 3635 3639 3671 3677 3710 3728 3807 3963 4013
NODE_NUM = 95
FILE voter_sub_43.aig

# Subcircuit 44
SUB_ID 44
LO (15):  3671 3677 3710 3728 4013 11423 13114 13117 13151 13801 13803 13806 13812 13813 13814
LI (23):  596 597 598 605 606 607 3667 3707 3713 4010 11345 11381 11383 11393 11396 11398 11399 11401 13090 13102 13104 13110 13142
NODE_NUM = 97
FILE voter_sub_44.aig

# Subcircuit 45
SUB_ID 45
LO (11):  3707 3713 3750 3751 3807 4093 11345 11383 11393 11396 13110
LI (22):  590 591 592 593 594 595 599 600 601 3703 3746 3752 3785 3803 3983 4021 4023 4024 4029 4031 4086 11389
NODE_NUM = 100
FILE voter_sub_45.aig

# Subcircuit 46
SUB_ID 46
LO (13):  3752 3785 3803 3963 3983 4042 4046 4047 4053 4055 11365 11389 13125
LI (18):  578 579 580 584 585 586 587 588 589 3750 3751 3782 3788 3824 3830 3863 3881 3960
NODE_NUM = 91
FILE voter_sub_46.aig

# Subcircuit 47
SUB_ID 47
LO (12):  3824 3830 3863 3881 4086 11381 13142 13809 13810 13816 13817 13818
LI (23):  572 573 574 581 582 583 3820 3860 3866 4042 4046 4047 4053 4055 4079 11357 11360 11365 13114 13117 13125 13134 13806
NODE_NUM = 98
FILE voter_sub_47.aig

# Subcircuit 48
SUB_ID 48
LO (10):  3860 3866 3938 3944 3948 3960 4079 11357 11360 13134
LI (20):  560 561 562 566 567 568 569 570 571 575 576 577 3856 3899 3905 3935 3938 3956 4062 11353
NODE_NUM = 97
FILE voter_sub_48.aig

# Subcircuit 49
SUB_ID 49
LO (14):  3935 3956 4062 4558 4666 4671 4674 4831 10245 10246 10247 10248 10251 11353
LI (19):  563 564 565 968 969 970 3931 3938 3944 3948 4484 4494 4540 4541 4544 4548 4645 4649 4654
NODE_NUM = 96
FILE voter_sub_49.aig

# Subcircuit 50
SUB_ID 50
LO (16):  4484 4494 4540 4541 4544 4548 10255 10258 11167 11894 11896 12436 12441 12558 12560 12574
LI (24):  971 972 973 977 978 979 4483 4521 4528 4558 10051 10053 10204 10205 10207 10243 10245 10246 10247 10248 10251 10273 10460 11164
NODE_NUM = 98
FILE voter_sub_50.aig

# Subcircuit 51
SUB_ID 51
LO (13):  4521 4528 4645 4649 4654 10273 12578 12581 12609 13397 13404 13405 13406
LI (17):  974 975 976 980 981 982 4520 4573 4583 4620 4624 4631 10255 10258 12560 12574 12606
NODE_NUM = 98
FILE voter_sub_51.aig

# Subcircuit 52
SUB_ID 52
LO (16):  4573 4583 4620 4624 4631 4833 4835 4837 4838 4841 4852 4886 4887 4888 5660 10227
LI (24):  962 963 964 983 984 985 986 987 988 989 990 991 4572 4605 4612 4666 4671 4674 4688 4694 4727 4746 4824 4831
NODE_NUM = 97
FILE voter_sub_52.aig

# Subcircuit 53
SUB_ID 53
LO (18):  4688 4694 4727 4746 4843 10029 10041 10043 10046 10049 10051 10053 10207 10209 10224 10225 10229 11881
LI (29):  956 957 958 965 966 967 4684 4724 4730 4833 4835 4837 4838 4841 4852 4876 4886 4887 4888 5663 5665 5671 6298 6539 10025 10027 10036 10040 10042
NODE_NUM = 99
FILE voter_sub_53.aig

# Subcircuit 54
SUB_ID 54
LO (11):  4724 4730 4824 4876 10243 12602 12605 12606 13408 13409 13410
LI (17):  950 951 952 959 960 961 4720 4763 4769 4802 4820 4859 10209 10215 10233 10236 12593
NODE_NUM = 99
FILE voter_sub_54.aig

# Subcircuit 55
SUB_ID 55
LO (15):  4763 4769 4802 4820 4859 4926 4927 4971 4972 4974 5077 10081 10083 10086 10215
LI (21):  8 9 10 944 945 946 947 948 949 953 954 955 4759 4799 4805 4902 4912 4958 4959 4962 4967
NODE_NUM = 95
FILE voter_sub_55.aig

# Subcircuit 56
SUB_ID 56
LO (18):  4902 4912 4958 4959 4962 4967 5663 5665 5671 10055 10057 10090 10093 10112 10113 10114 12520 12534
LI (27):  11 12 13 17 18 19 4901 4926 4927 4939 4946 4971 4972 4974 5080 5082 5088 5165 5211 5645 5647 5653 5661 10081 10083 10086 10108
NODE_NUM = 97
FILE voter_sub_56.aig

# Subcircuit 57
SUB_ID 57
LO (18):  4939 4946 5059 5080 5082 5088 5165 5645 5647 5653 5661 5673 5675 5676 10095 10096 10097 10100
LI (19):  14 15 16 20 21 22 4938 4991 5001 5042 5043 5049 5053 5077 5164 5630 5635 5638 5660
NODE_NUM = 96
FILE voter_sub_57.aig

# Subcircuit 58
SUB_ID 58
LO (18):  4991 5001 5042 5043 5049 5053 10108 12544 12617 12618 12619 13351 13355 13356 13357 13359 13360 13363
LI (24):  23 24 25 29 30 31 4990 5023 5030 5059 10090 10093 10095 10096 10097 10100 12441 12445 12503 12508 12518 12520 12534 12612
NODE_NUM = 96
FILE voter_sub_58.aig

# Subcircuit 59
SUB_ID 59
LO (11):  5023 5030 5164 5211 10204 10205 12445 12508 12515 12518 13362
LI (23):  26 27 28 992 993 994 5022 5106 5112 5161 5196 5198 10055 10057 10064 10066 10112 10113 10114 10200 12514 13359 13360
NODE_NUM = 99
FILE voter_sub_59.aig

# Subcircuit 60
SUB_ID 60
LO (13):  5106 5112 5161 5196 5198 5231 5232 5236 5244 5248 10064 10066 12514
LI (22):  1 2 3 4 5 6 7 44 45 46 995 996 997 998 999 1000 5102 5146 5156 5177 5194 5230
NODE_NUM = 91
FILE voter_sub_60.aig

# Subcircuit 61
SUB_ID 61
LO (10):  5230 5630 5635 5638 10122 10124 10148 10151 10152 12484
LI (17):  47 48 49 5229 5231 5232 5236 5244 5248 5277 5281 5288 5386 5411 5612 5617 5620
NODE_NUM = 99
FILE voter_sub_61.aig

# Subcircuit 62
SUB_ID 62
LO (9):  5277 5281 5288 5386 5411 10134 10137 10138 12489
LI (18):  38 39 40 50 51 52 53 54 55 5255 5262 5269 5325 5331 5364 5382 5394 10130
NODE_NUM = 98
FILE voter_sub_62.aig

# Subcircuit 63
SUB_ID 63
LO (15):  5325 5331 5364 5382 5394 5454 5455 5499 5500 5502 5605 10130 10161 10163 10166
LI (21):  32 33 34 35 36 37 41 42 43 56 57 58 5321 5361 5367 5430 5440 5486 5487 5490 5495
NODE_NUM = 95
FILE voter_sub_63.aig

# Subcircuit 64
SUB_ID 64
LO (16):  5430 5440 5486 5487 5490 5495 5612 5617 10200 12449 12469 12472 12473 13377 13378 13379
LI (25):  59 60 61 65 66 67 5429 5454 5455 5467 5474 5499 5500 5502 5608 5610 5616 10122 10158 10161 10163 10166 10184 10187 12460
NODE_NUM = 97
FILE voter_sub_64.aig

# Subcircuit 65
SUB_ID 65
LO (9):  5467 5474 5608 5610 5616 5620 10184 10187 12460
LI (16):  62 63 64 68 69 70 71 72 73 5466 5519 5529 5566 5570 5577 5605
NODE_NUM = 99
FILE voter_sub_65.aig

# Subcircuit 66
SUB_ID 66
LO (15):  5566 5570 5577 6297 6298 6378 6382 6383 6389 6391 6403 6415 10019 10432 12634
LI (20):  74 75 76 77 78 79 938 939 940 5544 5551 5558 5676 5690 5696 5729 5747 5826 5982 6294
NODE_NUM = 95
FILE voter_sub_66.aig

# Subcircuit 67
SUB_ID 67
LO (14):  5690 5696 5729 5747 6539 10294 10376 10429 10434 10438 10441 10448 12629 12637
LI (21):  932 933 934 941 942 943 5686 5726 5732 6353 6372 6378 6382 6383 6389 6391 6403 6415 6532 10428 10432
NODE_NUM = 100
FILE voter_sub_67.aig

# Subcircuit 68
SUB_ID 68
LO (12):  5726 5732 5826 6372 10428 12647 12650 12681 13453 13459 13460 13461
LI (19):  926 927 928 935 936 937 5722 5765 5771 5804 5822 6355 10420 10438 10441 12627 12629 12638 12675
NODE_NUM = 98
FILE voter_sub_68.aig

# Subcircuit 69
SUB_ID 69
LO (14):  5765 5771 5804 5822 5982 6309 6313 6314 6320 6322 6355 10396 10420 12658
LI (20):  914 915 916 920 921 922 923 924 925 929 930 931 5761 5801 5807 5843 5849 5882 5900 5979
NODE_NUM = 100
FILE voter_sub_69.aig

# Subcircuit 70
SUB_ID 70
LO (14):  5843 5849 5882 5900 6353 10393 10398 10460 12623 12627 12653 12656 12657 12661
LI (22):  908 909 910 917 918 919 5839 5879 5885 6309 6313 6314 6320 6322 6346 10294 10374 10376 10388 10391 10396 10448
NODE_NUM = 99
FILE voter_sub_70.aig

# Subcircuit 71
SUB_ID 71
LO (14):  5879 5885 5979 6346 10388 10391 12675 13457 13463 13464 13469 13472 13473 14200
LI (21):  902 903 904 911 912 913 5875 5918 5924 5957 5975 6329 10384 12647 12650 12653 12656 12657 12662 13453 13461
NODE_NUM = 98
FILE voter_sub_71.aig

# Subcircuit 72
SUB_ID 72
LO (14):  5918 5924 5957 5975 6294 6329 6441 6443 6444 6447 6458 6470 10352 10384
LI (21):  890 891 892 896 897 898 899 900 901 905 906 907 5914 5954 5960 5999 6005 6038 6057 6135 6291
NODE_NUM = 94
FILE voter_sub_72.aig

# Subcircuit 73
SUB_ID 73
LO (11):  5999 6005 6038 6057 6532 10296 10358 10361 10368 12687 12696
LI (19):  884 885 886 893 894 895 5995 6035 6041 6439 6441 6443 6444 6447 6458 6470 6525 10348 10352
NODE_NUM = 100
FILE voter_sub_73.aig

# Subcircuit 74
SUB_ID 74
LO (12):  6035 6041 6135 6439 10348 12705 12708 12739 13431 13437 13438 13439
LI (19):  878 879 880 887 888 889 6031 6074 6080 6113 6131 6422 10340 10358 10361 12685 12687 12696 12733
NODE_NUM = 98
FILE voter_sub_74.aig

# Subcircuit 75
SUB_ID 75
LO (14):  6074 6080 6113 6131 6291 6422 6481 6485 6486 6492 6494 10316 10340 12716
LI (20):  866 867 868 872 873 874 875 876 877 881 882 883 6070 6110 6116 6152 6158 6191 6209 6288
NODE_NUM = 100
FILE voter_sub_75.aig

# Subcircuit 76
SUB_ID 76
LO (11):  6152 6158 6191 6209 6525 10374 12685 12711 12714 12715 12720
LI (21):  860 861 862 869 870 871 6148 6188 6194 6481 6485 6486 6492 6494 6518 10296 10308 10311 10316 10368 12716
NODE_NUM = 92
FILE voter_sub_76.aig

# Subcircuit 77
SUB_ID 77
LO (14):  6188 6194 6288 6518 10308 10311 12733 13435 13441 13442 13447 13450 13451 14206
LI (21):  854 855 856 863 864 865 6184 6227 6233 6266 6284 6501 10304 12705 12708 12711 12714 12715 12720 13431 13439
NODE_NUM = 98
FILE voter_sub_77.aig

# Subcircuit 78
SUB_ID 78
LO (15):  6227 6233 6266 6284 6501 6582 6583 6627 6628 6630 6733 10304 10683 10685 10688
LI (21):  200 201 202 848 849 850 851 852 853 857 858 859 6223 6263 6269 6558 6568 6614 6615 6618 6623
NODE_NUM = 95
FILE voter_sub_78.aig

# Subcircuit 79
SUB_ID 79
LO (19):  6558 6568 6614 6615 6618 6623 6632 10025 10027 10040 10470 10472 10642 10644 10682 10684 10686 12246 12248
LI (30):  203 204 205 209 210 211 6557 6582 6583 6595 6602 6627 6628 6630 6736 6738 6744 6902 6957 7390 7392 7398 8024 8265 10006 10008 10014 10023 10683 10685
NODE_NUM = 98
FILE voter_sub_79.aig

# Subcircuit 80
SUB_ID 80
LO (19):  6595 6602 6715 6736 6738 6744 6902 7390 7392 7398 8024 10004 10005 10011 10018 10697 10698 10699 10702
LI (21):  206 207 208 212 213 214 6594 6647 6657 6698 6699 6705 6709 6733 6901 7376 7381 7384 8023 9997 10000
NODE_NUM = 100
FILE voter_sub_80.aig

# Subcircuit 81
SUB_ID 81
LO (14):  6647 6657 6698 6699 6705 6709 11164 11901 12167 12171 12233 12235 12237 12244
LI (25):  215 216 217 221 222 223 6646 6679 6686 6715 10470 10472 10640 10642 10644 10680 10682 10695 10696 10697 10698 10699 10702 10802 11158
NODE_NUM = 100
FILE voter_sub_81.aig

# Subcircuit 82
SUB_ID 82
LO (9):  6679 6686 6901 6957 10670 10673 10680 12259 12268
LI (16):  194 195 196 218 219 220 6678 6762 6768 6801 6819 6898 6920 6950 10660 10666
NODE_NUM = 99
FILE voter_sub_82.aig

# Subcircuit 83
SUB_ID 83
LO (13):  6762 6768 6801 6819 6898 6920 6941 6943 6947 6948 10650 10666 12269
LI (19):  182 183 184 188 189 190 191 192 193 197 198 199 6758 6798 6804 6837 6843 6876 6894
NODE_NUM = 96
FILE voter_sub_83.aig

# Subcircuit 84
SUB_ID 84
LO (15):  6837 6843 6876 6894 6950 10660 12277 12280 12425 13495 13553 13555 13565 13566 13567
LI (25):  176 177 178 185 186 187 6833 6873 6879 6941 6943 6947 6948 10650 10670 10673 12167 12171 12229 12233 12257 12259 12268 12269 12419
NODE_NUM = 100
FILE voter_sub_84.aig

# Subcircuit 85
SUB_ID 85
LO (12):  6873 6879 7044 7376 7381 7384 10724 10726 10741 10742 10743 10746
LI (18):  179 180 181 236 237 238 6869 6976 6986 7027 7028 7034 7038 7132 7157 7358 7363 7366
NODE_NUM = 97
FILE voter_sub_85.aig

# Subcircuit 86
SUB_ID 86
LO (14):  6976 6986 7027 7028 7034 7038 10802 12229 13577 13580 13581 13587 13588 13589
LI (22):  239 240 241 245 246 247 6975 7008 7015 7044 10724 10726 10736 10739 10741 10742 10743 10746 10796 12195 12198 12215
NODE_NUM = 98
FILE voter_sub_86.aig

# Subcircuit 87
SUB_ID 87
LO (10):  7008 7015 7110 7116 7120 7132 7157 10736 10739 12215
LI (20):  224 225 226 230 231 232 233 234 235 242 243 244 7007 7071 7077 7107 7110 7128 7140 10732
NODE_NUM = 97
FILE voter_sub_87.aig

# Subcircuit 88
SUB_ID 88
LO (13):  7107 7128 7140 7250 7358 7363 7366 10732 10762 10763 10764 10765 10768
LI (19):  227 228 229 248 249 250 7103 7110 7116 7120 7176 7186 7232 7233 7236 7240 7337 7341 7346
NODE_NUM = 95
FILE voter_sub_88.aig

# Subcircuit 89
SUB_ID 89
LO (18):  7176 7186 7232 7233 7236 7240 10796 12195 12198 13583 13584 13593 13596 13606 14075 14077 14080 14089
LI (25):  251 252 253 257 258 259 7175 7213 7220 7250 10762 10763 10764 10765 10768 10786 10789 12186 13549 13553 13575 13577 13580 13581 13589
NODE_NUM = 96
FILE voter_sub_89.aig

# Subcircuit 90
SUB_ID 90
LO (10):  7213 7220 7291 7308 7337 7341 7346 10786 10789 12186
LI (18):  254 255 256 260 261 262 263 264 265 269 270 271 7212 7265 7275 7312 7316 7323
NODE_NUM = 97
FILE voter_sub_90.aig

# Subcircuit 91
SUB_ID 91
LO (16):  7312 7316 7323 8023 8108 8119 8121 8122 8127 8129 8141 10609 10610 10612 12309 12311
LI (17):  170 171 172 266 267 268 7291 7296 7308 7416 7422 7455 7473 7552 7708 8020 8111
NODE_NUM = 98
FILE voter_sub_91.aig

# Subcircuit 92
SUB_ID 92
LO (14):  7416 7422 7455 7473 8111 10640 12297 12301 12321 12324 12325 13529 13530 13531
LI (23):  164 165 166 173 174 175 7412 7452 7458 8108 10474 10554 10556 10592 10594 10604 10607 10609 10610 10612 12309 12311 12317
NODE_NUM = 94
FILE voter_sub_92.aig

# Subcircuit 93
SUB_ID 93
LO (13):  7452 7458 7552 8095 8265 10474 10556 10594 10595 10596 10598 12314 12316
LI (20):  158 159 160 167 168 169 7448 7491 7497 7530 7548 8079 8081 8119 8121 8122 8127 8129 8141 8258
NODE_NUM = 95
FILE voter_sub_93.aig

# Subcircuit 94
SUB_ID 94
LO (15):  7491 7497 7530 7548 7708 8031 8033 8034 8037 8048 8081 10576 10604 10607 12317
LI (26):  146 147 148 152 153 154 155 156 157 161 162 163 7487 7527 7533 7569 7575 7608 7627 7705 8095 10595 10596 10598 12314 12316
NODE_NUM = 99
FILE voter_sub_94.aig

# Subcircuit 95
SUB_ID 95
LO (10):  7569 7575 7608 7627 8079 10592 12327 12330 12331 12336
LI (18):  140 141 142 149 150 151 7565 7605 7611 8031 8033 8034 8037 8048 8072 10568 10571 10576
NODE_NUM = 92
FILE voter_sub_95.aig

# Subcircuit 96
SUB_ID 96
LO (15):  7605 7611 7705 8072 10568 10571 12345 12348 12416 13496 13498 13523 13533 13534 13535
LI (20):  134 135 136 143 144 145 7601 7644 7650 7683 7701 8055 10564 12301 12325 12327 12330 12331 12336 12413
NODE_NUM = 98
FILE voter_sub_96.aig

# Subcircuit 97
SUB_ID 97
LO (14):  7644 7650 7683 7701 8020 8055 8167 8169 8170 8173 8184 8196 10532 10564
LI (21):  122 123 124 128 129 130 131 132 133 137 138 139 7640 7680 7686 7725 7731 7764 7783 7861 8017
NODE_NUM = 94
FILE voter_sub_97.aig

# Subcircuit 98
SUB_ID 98
LO (11):  7725 7731 7764 7783 8258 10476 10538 10541 10548 12361 12370
LI (19):  116 117 118 125 126 127 7721 7761 7767 8165 8167 8169 8170 8173 8184 8196 8251 10528 10532
NODE_NUM = 100
FILE voter_sub_98.aig

# Subcircuit 99
SUB_ID 99
LO (12):  7761 7767 7861 8165 10528 12379 12413 13501 13502 13507 13508 13509
LI (20):  110 111 112 119 120 121 7757 7800 7806 7839 7857 8148 10520 10538 10541 12359 12361 12370 12406 12407
NODE_NUM = 99
FILE voter_sub_99.aig

# Subcircuit 100
SUB_ID 100
LO (14):  7800 7806 7839 7857 8017 8148 8207 8211 8212 8218 8220 10496 10520 12390
LI (20):  98 99 100 104 105 106 107 108 109 113 114 115 7796 7836 7842 7878 7884 7917 7935 8014
NODE_NUM = 100
FILE voter_sub_100.aig

# Subcircuit 101
SUB_ID 101
LO (11):  7878 7884 7917 7935 8251 10554 12359 12385 12388 12389 12394
LI (21):  92 93 94 101 102 103 7874 7914 7920 8207 8211 8212 8218 8220 8244 10476 10488 10491 10496 10548 12390
NODE_NUM = 92
FILE voter_sub_101.aig

# Subcircuit 102
SUB_ID 102
LO (15):  7914 7920 8014 8244 10488 10491 12406 12407 13505 13511 13512 13517 13520 13521 14121
LI (21):  86 87 88 95 96 97 7910 7953 7959 7992 8010 8227 10484 12379 12385 12388 12389 12394 13501 13502 13509
NODE_NUM = 97
FILE voter_sub_102.aig

# Subcircuit 103
SUB_ID 103
LO (15):  7953 7959 7992 8010 8227 8304 8348 8350 8355 8360 8365 10484 10917 10919 10922
LI (21):  80 81 82 83 84 85 89 90 91 332 333 334 7949 7989 7995 8284 8294 8335 8336 8342 8347
NODE_NUM = 95
FILE voter_sub_103.aig

# Subcircuit 104
SUB_ID 104
LO (18):  8284 8294 8335 8336 8342 8347 9997 10006 10008 10014 10816 10818 10900 10902 10926 10929 10930 12074
LI (30):  335 336 337 341 342 343 8283 8304 8316 8323 8348 8350 8355 8360 8441 8465 8680 8682 8688 9002 9119 9988 9990 9996 10004 10005 10011 10917 10919 10922
NODE_NUM = 100
FILE voter_sub_104.aig

# Subcircuit 105
SUB_ID 105
LO (18):  8316 8323 8441 8462 8465 8680 8682 8688 9002 9988 9990 9996 10000 10903 10904 10906 12076 12078
LI (20):  326 327 328 338 339 340 8315 8365 8379 8385 8418 8436 8448 8666 8671 8674 9001 9974 9979 9982
NODE_NUM = 96
FILE voter_sub_105.aig

# Subcircuit 106
SUB_ID 106
LO (13):  8379 8385 8418 8436 8448 11158 11905 12035 12039 12065 12068 12069 12079
LI (25):  320 321 322 329 330 331 8375 8415 8421 8462 10816 10818 10898 10900 10902 10903 10904 10906 10926 10929 10930 10972 11152 12076 12078
NODE_NUM = 91
FILE voter_sub_106.aig

# Subcircuit 107
SUB_ID 107
LO (10):  8415 8421 8666 8671 8674 10938 10948 10951 10952 12055
LI (15):  323 324 325 344 345 346 8411 8484 8494 8536 8540 8544 8645 8649 8654
NODE_NUM = 96
FILE voter_sub_107.aig

# Subcircuit 108
SUB_ID 108
LO (13):  8484 8494 8536 8540 8544 8641 8645 8649 8654 10953 10954 10955 10958
LI (21):  347 348 349 350 351 352 353 354 355 356 357 358 8483 8521 8528 8573 8583 8624 8625 8631 8635
NODE_NUM = 96
FILE voter_sub_108.aig

# Subcircuit 109
SUB_ID 109
LO (17):  8573 8583 8624 8625 8631 8635 10972 12059 12062 12160 13610 13612 13617 13641 13647 13648 13649
LI (24):  359 360 361 365 366 367 8572 8605 8612 8641 10938 10948 10951 10952 10953 10954 10955 10958 12031 12035 12039 12055 12087 12151
NODE_NUM = 97
FILE voter_sub_109.aig

# Subcircuit 110
SUB_ID 110
LO (12):  8605 8612 9001 9036 9119 10820 10858 10873 10874 10876 12105 12107
LI (16):  314 315 316 362 363 364 8604 8706 8712 8745 8763 8842 8998 9026 9039 9112
NODE_NUM = 98
FILE voter_sub_110.aig

# Subcircuit 111
SUB_ID 111
LO (13):  8706 8712 8745 8763 9039 10898 12151 13619 13622 13623 13625 13626 13627
LI (23):  308 309 310 317 318 319 8702 8742 8748 9036 10820 10856 10858 10868 10871 10873 10874 10876 12105 12107 12113 12141 12144
NODE_NUM = 97
FILE voter_sub_111.aig

# Subcircuit 112
SUB_ID 112
LO (10):  8742 8748 8820 8826 8830 8842 9026 10868 10871 12113
LI (20):  296 297 298 302 303 304 305 306 307 311 312 313 8738 8781 8787 8817 8820 8838 9009 10864
NODE_NUM = 97
FILE voter_sub_112.aig

# Subcircuit 113
SUB_ID 113
LO (13):  8817 8838 8998 9009 9072 9112 10822 10837 10838 10840 10864 12129 12131
LI (17):  290 291 292 299 300 301 8813 8820 8826 8830 8859 8865 8898 8916 8995 9075 9105
NODE_NUM = 96
FILE voter_sub_113.aig

# Subcircuit 114
SUB_ID 114
LO (16):  8859 8865 8898 8916 9075 10856 12141 12144 13629 13630 13635 13638 13727 14016 14044 14059
LI (27):  284 285 286 293 294 295 8855 8895 8901 9072 10822 10832 10835 10837 10838 10840 12129 12131 12137 13613 13617 13619 13622 13623 13627 13661 13721
NODE_NUM = 100
FILE voter_sub_114.aig

# Subcircuit 115
SUB_ID 115
LO (10):  8895 8901 8973 8979 8983 8995 9105 10832 10835 12137
LI (20):  272 273 274 278 279 280 281 282 283 287 288 289 8891 8934 8940 8970 8973 8991 9088 10828
NODE_NUM = 97
FILE voter_sub_115.aig

# Subcircuit 116
SUB_ID 116
LO (14):  8970 8991 9088 9212 9320 9325 9328 9485 10828 11026 11027 11028 11029 11032
LI (19):  275 276 277 392 393 394 8966 8973 8979 8983 9138 9148 9194 9195 9198 9202 9299 9303 9308
NODE_NUM = 96
FILE voter_sub_116.aig

# Subcircuit 117
SUB_ID 117
LO (15):  9138 9148 9194 9195 9198 9202 11152 11909 11971 11991 11994 11995 13679 13680 13681
LI (22):  395 396 397 401 402 403 9137 9175 9182 9212 10986 10988 11024 11026 11027 11028 11029 11032 11050 11053 11146 11982
NODE_NUM = 95
FILE voter_sub_117.aig

# Subcircuit 118
SUB_ID 118
LO (10):  9175 9182 9253 9270 9299 9303 9308 11050 11053 11982
LI (18):  398 399 400 404 405 406 407 408 409 413 414 415 9174 9227 9237 9274 9278 9285
NODE_NUM = 97
FILE voter_sub_118.aig

# Subcircuit 119
SUB_ID 119
LO (15):  9274 9278 9285 9487 9493 9497 9498 9504 9506 9540 9541 9542 9967 11008 12002
LI (18):  386 387 388 410 411 412 9253 9258 9270 9320 9325 9328 9342 9348 9381 9399 9478 9485
NODE_NUM = 87
FILE voter_sub_119.aig

# Subcircuit 120
SUB_ID 120
LO (13):  9342 9348 9381 9399 9974 9979 10986 10988 11024 11997 12000 12001 12006
LI (26):  380 381 382 389 390 391 9338 9378 9384 9487 9493 9497 9498 9504 9506 9530 9540 9541 9542 9970 9972 9978 11000 11003 11008 12002
NODE_NUM = 92
FILE voter_sub_120.aig

# Subcircuit 121
SUB_ID 121
LO (15):  9378 9384 9478 9530 11000 11003 12015 12018 12028 13668 13670 13673 13683 13684 13685
LI (20):  374 375 376 383 384 385 9374 9417 9423 9456 9474 9513 10996 11967 11971 11995 11997 12000 12001 12006
NODE_NUM = 98
FILE voter_sub_121.aig

# Subcircuit 122
SUB_ID 122
LO (15):  9417 9423 9456 9474 9513 9576 9620 9622 9627 9632 9637 10996 11085 11087 11090
LI (21):  368 369 370 371 372 373 377 378 379 428 429 430 9413 9453 9459 9556 9566 9607 9608 9614 9619
NODE_NUM = 95
FILE voter_sub_122.aig

# Subcircuit 123
SUB_ID 123
LO (15):  9556 9566 9607 9608 9614 9619 9970 9972 9978 11068 11094 11097 11104 11939 11948
LI (24):  431 432 433 437 438 439 9555 9576 9588 9595 9620 9622 9627 9632 9713 9737 9952 9954 9960 9968 11084 11085 11087 11090
NODE_NUM = 91
FILE voter_sub_123.aig

# Subcircuit 124
SUB_ID 124
LO (13):  9588 9595 9713 9737 9952 9954 9960 9968 9982 11084 11942 11943 11953
LI (21):  422 423 424 434 435 436 9587 9637 9651 9657 9690 9708 9720 9938 9943 9946 9967 11076 11094 11097 11939
NODE_NUM = 98
FILE voter_sub_124.aig

# Subcircuit 125
SUB_ID 125
LO (15):  9651 9657 9690 9708 9720 9780 9781 9825 9826 9828 9931 11076 11107 11109 11112
LI (21):  416 417 418 419 420 421 425 426 427 440 441 442 9647 9687 9693 9756 9766 9812 9813 9816 9821
NODE_NUM = 95
FILE voter_sub_125.aig

# Subcircuit 126
SUB_ID 126
LO (16):  9756 9766 9812 9813 9816 9821 9938 9943 11146 11913 11933 11936 11937 13701 13702 13703
LI (25):  443 444 445 449 450 451 9755 9780 9781 9793 9800 9825 9826 9828 9934 9936 9942 11068 11104 11107 11109 11112 11130 11133 11924
NODE_NUM = 97
FILE voter_sub_126.aig

# Subcircuit 127
SUB_ID 127
LO (9):  9793 9800 9934 9936 9942 9946 11130 11133 11924
LI (16):  446 447 448 452 453 454 455 456 457 9792 9845 9855 9892 9896 9903 9931
NODE_NUM = 99
FILE voter_sub_127.aig

# Subcircuit 128
SUB_ID 128
LO (11):  9892 9896 9903 10023 10035 13332 13995 13997 13999 14369 14380
LI (27):  458 459 460 461 462 463 1001 5673 5675 6297 9870 9877 9884 10018 10019 10032 11871 11874 11878 11883 11885 11887 13297 13298 13990 13991 14368
NODE_NUM = 93
FILE voter_sub_128.aig

# Subcircuit 129
SUB_ID 129
LO (16):  10158 12503 13990 13991 14004 14008 14147 14149 14151 14152 14154 14157 14158 14162 14163 14164
LI (26):  10124 10138 10152 12449 12469 12472 12473 12478 12492 12495 13337 13341 13346 13351 13355 13366 13368 13377 13379 13380 13382 13418 13479 13733 13984 14159
NODE_NUM = 97
FILE voter_sub_129.aig

# Subcircuit 130
SUB_ID 130
LO (20):  10233 10236 10695 10696 12257 12593 13575 14084 14094 14095 14100 14103 14368 14370 14371 14388 14392 14429 14431 14440
LI (34):  4843 6632 10224 10225 10227 10229 10683 10684 10686 10688 12235 12237 12250 12251 12277 12280 13555 13560 13562 13567 13593 13596 14004 14008 14012 14074 14078 14080 14090 14092 14130 14222 14362 14369
NODE_NUM = 100
FILE voter_sub_130.aig

# Subcircuit 131
SUB_ID 131
LO (17):  11169 11491 11871 11878 13060 13297 13298 13337 13984 14232 14298 14300 14303 14304 14308 14309 14310
LI (31):  4172 10047 10049 11167 11473 11476 11478 11479 11481 11483 11865 11866 11891 13038 13052 13080 13083 13296 13333 13336 13742 13746 13800 13804 13822 13825 13828 13838 13839 13840 13978
NODE_NUM = 96
FILE voter_sub_131.aig

# Subcircuit 132
SUB_ID 132
LO (14):  11509 11515 11583 11586 12982 13918 14362 14496 14524 14527 14528 14538 14539 14540
LI (32):  1766 11173 11343 11506 11512 11574 11575 11577 11579 12960 12963 12964 12967 12974 13002 13005 13868 13870 13880 13881 13882 13908 13911 13912 14232 14236 14258 14261 14262 14272 14273 14356
NODE_NUM = 94
FILE voter_sub_132.aig

# Subcircuit 133
SUB_ID 133
LO (14):  11883 11967 13296 13333 13336 13341 13721 14074 14457 14460 14461 14465 14466 14467
LI (31):  4472 10029 10049 11879 11881 11894 11896 11913 11933 11936 11937 11939 11942 11943 11948 11953 12755 13292 13338 13340 13671 13689 13692 13701 13702 13703 14016 14032 14033 14064 14067
NODE_NUM = 96
FILE voter_sub_133.aig

# Subcircuit 134
SUB_ID 134
LO (15):  12031 12087 13661 14064 14067 14471 14472 14563 14567 14572 14576 14585 14587 14594 14655
LI (31):  11909 12028 12059 12062 12065 12068 12069 12074 12079 13635 13638 13641 13647 13648 13649 14044 14058 14059 14370 14374 14388 14392 14425 14429 14454 14455 14457 14460 14461 14467 14554
NODE_NUM = 99
FILE voter_sub_134.aig

# Subcircuit 135
SUB_ID 135
LO (26):  12250 12251 12419 12478 12492 12495 12612 12638 12662 12755 13338 13340 13346 13380 13382 13479 13560 13562 13733 14012 14092 14159 14222 14397 14403 14419
LI (51):  10134 10137 10148 10151 10393 10398 10429 10434 10688 11901 11905 12160 12244 12246 12248 12297 12416 12425 12436 12484 12489 12558 12609 12617 12618 12619 12623 12634 12637 12658 12661 12681 12739 12752 13378 13476 13565 13566 13730 14009 14011 14147 14185 14188 14190 14194 14210 14213 14400 14402 14418
NODE_NUM = 100
FILE voter_sub_135.aig

# Subcircuit 136
SUB_ID 136
LO (16):  12967 13090 13231 13292 13742 13746 13800 13804 13868 13978 14236 14356 14498 14501 14502 14512
LI (47):  11173 11230 11235 11343 11574 11579 12762 12766 12770 12889 12896 12954 12958 12965 13009 13018 13025 13027 13029 13031 13036 13087 13151 13158 13216 13227 13230 13274 13280 13283 13286 13743 13745 13797 13801 13803 13975 14233 14235 14298 14320 14323 14325 14329 14345 14348 14511
NODE_NUM = 100
FILE voter_sub_136.aig

# Subcircuit 137
SUB_ID 137
LO (20):  13366 13368 14185 14188 14418 14425 14580 14613 14650 14653 14657 14663 14665 14666 14667 14668 14674 14691 14693 14699
LI (29):  12515 12544 13356 13357 13362 13363 14149 14151 14152 14154 14157 14158 14162 14163 14164 14179 14383 14397 14403 14419 14563 14567 14572 14576 14605 14608 14643 14655 14673
NODE_NUM = 89
FILE voter_sub_137.aig

# Subcircuit 138
SUB_ID 138
LO (18):  13418 13476 13549 14130 14179 14190 14454 14455 14605 14608 14673 14698 14701 14702 14719 14721 14725 14738
LI (42):  12297 12558 12578 12581 12602 12605 13397 13401 13406 13410 13416 13451 13473 13496 13498 13546 14100 14103 14105 14109 14125 14128 14176 14431 14439 14441 14444 14446 14580 14585 14587 14593 14594 14596 14613 14667 14668 14674 14688 14691 14693 14699
NODE_NUM = 93
FILE voter_sub_138.aig

# Subcircuit 139
SUB_ID 139
LO (29):  13546 13613 13671 13689 13692 13730 13797 14009 14011 14032 14033 14105 14109 14125 14128 14325 14329 14345 14348 14444 14446 14511 14513 14518 14521 14551 14596 14618 14634
LI (49):  11905 11909 11991 11994 12015 12018 12321 12324 12345 12348 13495 13517 13520 13521 13523 13531 13535 13606 13610 13612 13668 13670 13673 13681 13685 13727 13752 13755 13756 13760 13764 13790 13793 13794 14031 14113 14120 14121 14334 14335 14340 14440 14443 14498 14501 14502 14508 14512 14548
NODE_NUM = 99
FILE voter_sub_139.aig

# Subcircuit 140
SUB_ID 140
LO (19):  13822 13825 13828 13870 13922 13944 14031 14058 14078 14090 14241 14254 14320 14323 14439 14508 14548 14643 14688
LI (70):  12770 12852 12855 12876 12879 12958 13036 13495 13581 13583 13584 13587 13588 13623 13625 13626 13629 13630 13679 13680 13683 13684 13806 13809 13810 13814 13818 13827 13869 13919 13921 13924 13932 13936 13962 13965 14075 14077 14084 14089 14242 14246 14247 14251 14300 14303 14304 14308 14309 14310 14314 14437 14502 14512 14513 14518 14521 14524 14527 14528 14529 14533 14540 14619 14622 14625 14627 14629 14634 14683
NODE_NUM = 100
FILE voter_sub_140.aig

# Subcircuit 141
SUB_ID 141
LO (21):  14113 14120 14176 14194 14210 14213 14251 14272 14314 14334 14340 14374 14383 14400 14402 14437 14441 14554 14593 14619 14625
LI (80):  13332 13404 13405 13408 13409 13435 13437 13438 13441 13442 13447 13450 13457 13459 13460 13463 13464 13469 13472 13505 13507 13508 13511 13512 13529 13530 13533 13534 13756 13758 13759 13762 13763 13778 13780 13781 13784 13785 13810 13812 13813 13816 13817 13896 13898 13899 13902 13903 13930 13931 13934 13935 13995 13997 13999 14089 14094 14095 14200 14206 14207 14208 14209 14370 14371 14380 14399 14439 14440 14461 14465 14466 14471 14472 14496 14533 14538 14539 14551 14618
NODE_NUM = 75
FILE voter_sub_141.aig

# Subcircuit 142
SUB_ID 142
LO (1):  14760
LI (20):  14563 14650 14653 14657 14663 14665 14666 14698 14701 14702 14705 14719 14721 14725 14728 14738 14739 14741 14750 14752
NODE_NUM = 46
FILE voter_sub_142.aig

