# Subcircuit 0
SUB_ID 0
LO (61):  86 90 93 103 113 118 122 126 135 145 147 149 154 157 159 175 189 199 203 258 262 269 273 276 277 638 818 834 855 909 921 1075 1203 2376 2382 2384 2395 2399 2408 2413 2415 2425 2461 2462 2467 2469 2621 2738 2741 2742 2907 2913 2915 3111 3178 3182 3187 3238 4299 4645 4647
LI (22):  1 2 3 4 5 6 7 8 9 10 11 12 13 14 15 16 17 18 19 20 21 23
NODE_NUM = 195
FILE sin_sub_0.aig

# Subcircuit 1
SUB_ID 1
LO (149):  105 106 107 108 110 114 115 116 119 121 123 127 128 129 131 132 133 134 136 137 138 139 140 141 142 143 146 148 150 151 152 153 155 156 177 178 187 188 191 192 193 196 198 201 207 208 209 211 213 214 215 222 223 224 227 228 229 278 279 280 295 296 307 309 310 311 323 325 326 327 330 344 345 346 347 348 350 351 352 353 354 355 372 380 382 383 395 397 406 407 408 409 411 413 414 424 425 432 447 448 449 450 452 465 466 469 483 496 500 502 503 531 541 555 561 562 591 592 599 616 640 646 647 660 667 695 704 733 735 739 756 765 787 788 922 948 969 983 1016 2033 2039 2141 2644 2744 2868 3507 4034 4366 5095
LI (15):  22 23 86 90 97 103 113 118 122 126 135 145 147 149 154
NODE_NUM = 182
FILE sin_sub_1.aig

# Subcircuit 2
SUB_ID 2
LO (54):  97 158 164 173 195 241 253 306 339 371 457 464 516 578 630 710 718 742 751 781 807 809 812 813 819 821 840 842 852 877 904 905 1079 1080 1081 1082 1144 1192 1250 1299 1395 1451 1464 1465 1473 1908 1909 2050 2068 2155 2200 3585 5460 5465
LI (106):  22 23 93 106 108 110 114 116 119 123 128 129 132 136 137 138 139 140 141 142 143 146 148 150 152 153 155 156 157 160 178 185 186 187 188 190 192 193 200 201 202 204 206 208 210 213 228 238 242 286 294 295 296 297 301 305 308 313 322 323 324 336 341 344 356 364 372 373 375 383 412 446 447 454 455 456 460 470 499 511 577 581 627 638 639 688 701 704 705 718 732 738 740 759 774 778 802 818 828 829 834 835 839 4027 5459 5463
NODE_NUM = 200
FILE sin_sub_2.aig

# Subcircuit 3
SUB_ID 3
LO (45):  160 286 627 929 942 966 1001 1004 1005 1007 1009 1027 1038 1040 1041 1042 1044 1046 1134 1137 1147 1158 1161 1176 1178 1195 1257 1258 1289 1304 1336 1337 1372 1377 1905 1924 1934 2179 2196 2324 2343 2678 2771 2773 5439
LI (46):  110 123 156 158 159 174 186 214 220 229 258 262 269 278 279 282 325 328 331 372 376 383 395 530 556 626 807 818 852 909 915 918 921 927 937 959 981 982 999 1021 1067 1090 1113 1116 1146 1151
NODE_NUM = 188
FILE sin_sub_3.aig

# Subcircuit 4
SUB_ID 4
LO (32):  174 185 427 446 577 774 828 829 835 839 1090 1307 1310 1314 1315 1388 1431 1511 1559 1564 1570 1592 1608 1612 1625 1626 1797 1876 1882 1886 1890 1894
LI (62):  107 141 159 184 191 200 220 309 340 356 357 372 373 374 394 405 411 423 425 426 435 576 638 765 769 818 827 834 855 909 1076 1087 1189 1196 1199 1204 1242 1252 1263 1291 1299 1304 1326 1334 1362 1372 1377 1403 1406 1415 1448 1452 1459 1462 1470 1474 1486 1496 1512 1541 1544 1545
NODE_NUM = 199
FILE sin_sub_4.aig

# Subcircuit 5
SUB_ID 5
LO (58):  176 184 301 359 364 460 490 511 543 553 576 583 590 614 626 642 658 688 786 802 827 869 888 891 894 895 897 899 915 918 931 932 934 937 974 981 999 1067 1076 1113 1116 1151 1212 1223 1235 1272 1273 1657 1712 1713 1738 2051 2774 2826 3141 3508 4039 5246
LI (108):  110 114 123 128 132 134 138 141 151 152 153 158 175 178 180 183 186 187 196 198 200 205 209 212 213 220 223 273 278 279 296 297 299 302 308 309 325 327 341 343 347 348 350 352 355 356 357 372 376 383 413 414 416 424 426 431 447 448 456 458 479 480 486 503 510 516 529 530 539 541 542 554 555 571 581 582 590 591 597 598 604 620 638 640 650 665 676 684 687 751 784 800 818 834 855 863 864 879 914 948 969 973 995 1075 1105 1209 1214 1232
NODE_NUM = 191
FILE sin_sub_5.aig

# Subcircuit 6
SUB_ID 6
LO (57):  179 181 183 212 231 294 299 341 416 423 435 486 510 529 542 554 563 571 582 597 650 677 681 683 684 720 732 769 778 796 798 800 857 863 879 927 953 959 1209 1214 1968 2001 2010 2032 2062 2129 2133 2148 2290 2291 2863 2867 3581 3600 4000 4874 4962
LI (130):  106 108 116 132 133 139 140 141 142 146 148 155 158 159 174 176 177 178 180 186 187 188 190 192 197 198 200 205 206 207 209 210 211 213 215 219 220 221 222 223 227 228 229 230 278 279 280 287 288 295 296 297 298 302 306 308 309 313 324 325 326 333 340 344 347 351 353 357 372 373 374 375 376 377 382 395 396 397 406 408 411 412 413 414 415 425 432 433 447 448 450 455 456 465 479 480 482 483 485 496 498 501 502 503 541 560 562 566 570 581 591 594 649 676 718 719 725 790 799 878 922 947 948 956 1990 2000 2003 2016 2031 2057
NODE_NUM = 197
FILE sin_sub_6.aig

# Subcircuit 7
SUB_ID 7
LO (27):  180 2705 2711 2794 2847 2866 2897 2899 2902 2905 2937 2954 3099 3103 3194 3215 3241 3388 3404 3431 3470 3493 3503 3616 3662 3773 3774
LI (43):  114 121 157 174 258 273 277 405 425 426 464 591 2366 2368 2375 2376 2386 2500 2603 2641 2642 2661 2699 2715 2742 2787 2788 2842 2844 2862 2864 2872 2891 2907 2913 2915 2946 2963 2965 2976 2980 2987 3082
NODE_NUM = 191
FILE sin_sub_7.aig

# Subcircuit 8
SUB_ID 8
LO (22):  186 405 2016 2057 2231 2366 2368 2374 2375 2386 2506 2603 2642 2715 2946 2963 2965 2976 2980 3082 3386 3471
LI (72):  115 116 155 157 198 220 258 273 277 305 345 402 406 425 464 561 799 2011 2049 2052 2138 2166 2223 2234 2266 2361 2362 2376 2382 2384 2504 2508 2521 2525 2533 2593 2738 2742 2907 2913 2915 2991 2993 3004 3008 3015 3053 3072 3073 3111 3178 3182 3187 3234 3237 3238 3239 3241 3242 3244 3248 3251 3252 3258 3261 3264 3266 3275 3324 3325 3329 3343
NODE_NUM = 200
FILE sin_sub_8.aig

# Subcircuit 9
SUB_ID 9
LO (27):  190 784 1971 1979 1990 2003 2049 2361 2362 2661 2787 2788 3177 3208 3520 3533 3552 3696 3697 3710 3729 3730 3731 3765 3851 3906 4478
LI (80):  105 128 137 140 142 146 188 189 198 213 253 286 296 301 307 328 342 354 357 374 382 383 395 412 413 415 425 431 448 454 465 479 503 531 555 583 659 778 787 922 948 983 1968 1970 1989 2033 2041 2145 2273 2282 2288 2303 2307 2360 2653 2738 2755 2786 3099 3103 3111 3122 3174 3178 3182 3183 3186 3187 3189 3202 3215 3218 3222 3420 3506 3517 3559 3611 3684 3693
NODE_NUM = 183
FILE sin_sub_9.aig

# Subcircuit 10
SUB_ID 10
LO (31):  197 238 379 394 639 738 864 994 995 2041 2109 2116 2273 2282 2842 2844 3122 3143 3517 3693 4031 4162 4280 4389 4504 4611 4617 4618 4629 4712 4713
LI (109):  105 108 114 116 128 132 140 146 148 153 155 175 179 187 188 196 198 208 214 220 224 228 236 280 286 295 297 298 302 305 308 309 313 323 325 327 330 345 352 353 354 374 375 376 377 378 387 395 406 408 413 447 479 562 581 582 590 597 614 720 733 737 787 870 969 989 1021 2035 2038 2039 2071 2100 2104 2109 2114 2272 2288 2290 2647 2806 2808 2841 3112 3142 3148 3507 3512 3595 3599 3687 3871 3874 3875 3999 4002 4003 4027 4147 4148 4264 4265 4266 4377 4378 4492 4493 4585 4587 4621
NODE_NUM = 198
FILE sin_sub_10.aig

# Subcircuit 11
SUB_ID 11
LO (29):  200 236 333 336 387 2035 2288 3754 3757 3760 3871 3874 3875 3897 3903 3999 4051 4053 4147 4148 4264 4265 4266 4282 4355 4362 4459 4461 4510
LI (70):  107 134 152 174 196 198 199 202 208 213 214 221 234 273 278 325 326 327 329 330 331 356 376 380 386 413 431 447 674 701 719 759 947 1214 1223 2153 2287 2738 2742 2907 2915 3111 3142 3178 3182 3187 3585 3696 3697 3710 3729 3730 3731 3742 3765 3846 3851 3894 3906 3991 4048 4063 4120 4124 4139 4165 4240 4242 4244 4348
NODE_NUM = 193
FILE sin_sub_11.aig

# Subcircuit 12
SUB_ID 12
LO (27):  202 234 598 1970 2011 2303 2306 2307 2862 3174 3186 3202 3217 3218 3506 3684 3742 3846 3991 4063 4120 4240 4340 4377 4378 4391 4392
LI (86):  121 123 128 143 146 150 155 174 175 177 178 188 196 201 205 206 232 258 273 277 281 296 307 324 340 373 396 531 532 553 710 732 733 759 787 982 1214 2102 2290 2291 2292 2376 2382 2384 2742 2907 2913 2915 3111 3140 3142 3160 3181 3198 3208 3488 3489 3493 3503 3533 3616 3618 3678 3738 3739 3827 3828 3916 3920 3964 3969 3972 3973 3975 4066 4068 4112 4187 4232 4282 4328 4330 4332 4355 4362 4375
NODE_NUM = 200
FILE sin_sub_12.aig

# Subcircuit 13
SUB_ID 13
LO (33):  204 232 282 305 530 556 560 674 676 705 759 878 989 1989 2104 2166 2872 3595 3599 3611 4492 4493 4816 4899 4986 5050 5114 5120 5121 5125 5138 5184 5185
LI (114):  108 119 121 136 137 138 139 140 141 148 151 158 173 187 190 196 202 203 205 207 213 220 222 224 227 229 231 241 279 280 281 288 295 297 302 308 309 310 323 324 325 327 331 341 342 343 345 346 347 354 375 382 394 395 405 406 409 412 414 415 455 456 458 465 479 499 555 591 660 671 733 757 787 796 871 877 974 982 983 1980 1981 2103 2145 2153 2155 2806 2867 2868 3142 3160 3507 3552 3579 3592 3600 3884 4002 4027 4476 4480 4709 4717 4782 4791 4792 4812 4887 4888 4961 4962 5038 5039 5094 5102
NODE_NUM = 196
FILE sin_sub_13.aig

# Subcircuit 14
SUB_ID 14
LO (22):  205 498 3140 3181 3183 3198 3222 3420 3489 3916 4165 4232 4328 4476 4585 4630 4676 4677 4699 4730 4732 4907
LI (64):  131 174 175 213 277 344 372 407 818 834 2408 2413 2415 2425 2462 2469 2738 2742 2897 2899 2905 3111 3135 3178 3182 3187 3194 3389 3394 3401 3404 3410 4164 4197 4215 4219 4311 4314 4316 4340 4391 4392 4405 4406 4429 4430 4431 4433 4434 4466 4514 4528 4539 4543 4551 4552 4553 4555 4556 4558 4632 4637 4650 4668
NODE_NUM = 193
FILE sin_sub_14.aig

# Subcircuit 15
SUB_ID 15
LO (40):  206 210 230 329 396 402 431 433 458 470 532 539 594 665 671 947 1980 2272 2747 3148 3160 3592 3738 4375 4791 4887 4888 5038 5039 5102 5294 5333 5355 5378 5391 5394 5400 5410 5419 5420
LI (118):  106 114 116 121 123 128 131 132 136 137 138 141 148 150 151 153 156 158 159 160 177 180 192 196 198 199 204 208 220 221 222 223 224 227 229 279 280 287 308 309 310 323 324 327 328 331 340 354 356 357 372 374 395 397 398 408 412 413 414 423 432 455 466 469 479 480 483 498 503 531 555 581 592 658 659 660 667 718 774 796 869 922 942 945 948 969 1971 1979 2035 2049 2077 2100 2290 2653 2746 3146 3507 3589 3735 4027 4037 4366 4873 4875 5030 5032 5095 5237 5244 5249 5278 5290 5318 5319 5336 5364 5389 5403
NODE_NUM = 200
FILE sin_sub_15.aig

# Subcircuit 16
SUB_ID 16
LO (52):  220 221 455 619 620 2071 2077 2138 2234 2237 2240 2244 2248 2266 2404 2433 2446 2478 2489 2500 2504 2508 2520 2521 2523 2533 2536 2537 2549 2562 2577 2580 2618 2619 2638 3432 3434 3443 3456 3626 3629 3634 3647 3787 3788 3794 3894 3928 3938 4086 4208 4285
LI (53):  107 127 140 141 153 175 185 192 195 198 199 207 211 277 280 281 324 342 346 355 372 406 426 581 591 616 719 818 834 1961 1962 2001 2032 2066 2067 2068 2080 2092 2121 2129 2133 2251 2382 2396 2401 2408 2413 2415 2425 2462 2468 2469 3892
NODE_NUM = 200
FILE sin_sub_16.aig

# Subcircuit 17
SUB_ID 17
LO (25):  281 1242 1452 1474 1961 1962 2000 2031 2066 2067 2092 2102 2103 2121 2223 2251 2358 2360 2396 2400 2401 2468 2558 2560 3018
LI (84):  115 139 203 214 258 276 331 371 427 447 542 818 1075 1238 1307 1310 1388 1431 1451 1473 1511 1559 1564 1617 1624 1625 1626 1627 1635 1641 1645 1650 1682 1685 1690 1691 1692 1693 1701 1719 1722 1738 1745 1746 1747 1748 1757 1758 1759 1767 1775 1776 1777 1778 1787 1788 1789 1790 1793 1794 1795 1798 1802 1810 1843 1872 1876 1882 1886 1890 1894 1955 1957 2063 2120 2216 2219 2357 2384 2395 2399 2467 2549 2551
NODE_NUM = 198
FILE sin_sub_17.aig

# Subcircuit 18
SUB_ID 18
LO (62):  287 288 297 298 302 308 313 324 331 340 342 343 356 374 386 426 454 479 499 501 566 581 604 659 701 757 799 871 973 982 1238 2063 2114 2153 2292 2647 2653 2806 3135 3510 3559 3579 3735 3739 3884 3892 4037 4048 4480 4875 5237 5243 5244 5249 5290 5364 5389 5403 5438 5450 5459 5463
LI (128):  105 106 107 108 119 123 127 129 131 133 136 139 140 142 143 150 151 155 156 157 160 175 176 177 178 179 180 186 187 189 191 192 199 201 203 207 208 209 211 212 221 222 223 228 238 278 296 307 311 313 325 327 330 345 347 373 375 377 382 383 406 407 408 411 412 413 415 448 452 465 469 490 500 503 539 563 583 599 695 704 719 720 733 742 756 765 798 870 877 922 931 953 1021 1236 2010 2049 2062 2149 2646 2648 2804 3124 3131 3146 3508 3552 3555 3557 3585 3878 3887 4027 4034 4039 4478 4874 5178 5182 5215 5225 5239 5248 5380 5413 5417 5425 5434 5439
NODE_NUM = 200
FILE sin_sub_18.aig

# Subcircuit 19
SUB_ID 19
LO (54):  328 357 373 375 376 377 378 412 415 456 480 649 719 737 740 790 870 914 1021 1087 1105 1146 1232 1291 1415 1470 1541 1544 1645 1955 1957 2120 2145 2216 2219 2287 2357 2646 2699 2755 2786 2841 2891 3124 3142 3687 3887 5032 5336 5413 5417 5423 5425 5434
LI (106):  105 106 110 115 119 121 123 127 136 140 153 159 174 175 189 199 201 203 214 227 280 295 327 383 407 424 449 450 555 626 646 647 733 735 739 788 789 809 813 819 821 840 855 904 905 909 921 922 994 1016 1019 1021 1027 1080 1081 1082 1103 1104 1144 1145 1269 1278 1289 1326 1464 1465 1512 1519 1520 1521 1536 1899 1900 1907 1908 1909 1924 1951 2117 2141 2180 2183 2207 2209 2286 2327 2351 2358 2644 2692 2753 2781 2783 2832 2837 2867 2883 2884 3141 3886 5031 5391 5394 5410 5419 5420
NODE_NUM = 198
FILE sin_sub_19.aig

# Subcircuit 20
SUB_ID 20
LO (48):  1189 1196 1199 1204 1236 1252 1263 1269 1278 1326 1334 1338 1403 1406 1448 1462 1482 1512 1519 1520 1521 1595 1617 1624 1650 1682 1685 1719 1722 1767 1775 1788 1789 1793 1810 1843 1872 1899 1900 1951 2207 2209 2334 2692 2781 2783 2837 2884
LI (86):  258 273 310 578 626 630 819 821 842 855 897 899 909 1007 1038 1041 1042 1044 1046 1075 1079 1082 1134 1137 1158 1161 1176 1178 1192 1195 1203 1235 1250 1251 1257 1258 1272 1273 1324 1332 1333 1395 1438 1439 1440 1513 1514 1570 1571 1572 1574 1588 1602 1604 1608 1612 1618 1619 1659 1664 1670 1671 1705 1706 1708 1712 1713 1718 1765 1772 1773 1934 1947 2206 2667 2670 2675 2676 2683 2685 2759 2760 2761 2762 2777 2834
NODE_NUM = 200
FILE sin_sub_20.aig

# Subcircuit 21
SUB_ID 21
LO (65):  1362 1438 1439 1440 1459 1486 1496 1513 1514 1536 1571 1572 1574 1588 1602 1604 1618 1619 1627 1635 1641 1659 1664 1670 1671 1690 1691 1692 1693 1701 1705 1706 1708 1745 1746 1747 1748 1757 1758 1759 1772 1776 1777 1778 1787 1790 1794 1795 1798 1802 1907 1947 2052 2080 2100 2117 2149 2180 2183 2206 2286 2327 2351 2667 2670
LI (94):  116 151 179 211 224 258 262 269 273 280 306 339 346 446 531 555 626 638 642 660 809 812 813 819 821 840 842 855 888 891 894 895 897 899 909 921 932 966 1001 1004 1005 1007 1009 1075 1079 1082 1147 1203 1314 1315 1336 1337 1338 1347 1348 1349 1357 1358 1359 1436 1457 1482 1484 1485 1534 1535 1586 1587 1592 1595 1633 1657 1699 1743 1744 1797 1905 2039 2050 2051 2116 2148 2179 2196 2200 2203 2324 2332 2333 2334 2345 2346 2348 2665
NODE_NUM = 196
FILE sin_sub_21.aig

# Subcircuit 22
SUB_ID 22
LO (20):  2332 2333 2345 2525 2551 2593 2641 2761 2762 2987 2991 3015 3488 3678 3827 3964 3969 4075 4090 4093
LI (62):  258 277 638 834 1001 1005 1038 1042 2237 2240 2244 2248 2251 2343 2344 2376 2384 2400 2433 2462 2478 2489 2523 2536 2537 2560 2562 2573 2576 2577 2580 2589 2618 2619 2621 2623 2638 3431 3432 3433 3434 3443 3461 3480 3626 3630 3634 3654 3672 3783 3787 3788 3790 3794 3811 3928 3931 3932 3934 3938 3956 4089
NODE_NUM = 198
FILE sin_sub_22.aig

# Subcircuit 23
SUB_ID 23
LO (39):  2623 2648 2675 2683 2685 2746 2753 2777 2808 2832 2834 2864 2883 2993 3004 3008 3053 3072 3073 3112 3131 3146 3234 3237 3264 3275 3324 3343 3433 3630 3790 4543 4733 4782 4818 4838 4853 4870 4935
LI (105):  116 208 211 273 339 346 379 394 395 407 424 460 583 599 626 638 658 660 677 704 781 834 863 929 934 983 1004 1005 1009 1040 1041 1042 1044 1046 1223 2237 2240 2244 2248 2251 2404 2433 2446 2461 2467 2489 2520 2558 2678 2681 2738 2741 2742 2744 2747 2771 2773 2774 2821 2824 2826 2847 2863 2907 2913 2915 3018 3030 3032 3041 3054 3057 3071 3143 3178 3232 3235 3276 3277 3281 3282 3284 3285 3288 3289 3293 3296 3299 3304 3306 3307 3309 3315 3318 3629 4541 4719 4720 4729 4730 4732 4734 4749 4766 4835
NODE_NUM = 196
FILE sin_sub_23.aig

# Subcircuit 24
SUB_ID 24
LO (66):  3232 3235 3239 3242 3244 3248 3251 3252 3258 3261 3266 3276 3277 3282 3285 3288 3289 3293 3296 3299 3306 3307 3309 3325 3329 3389 3394 3401 3410 3461 3480 3512 3555 3557 3589 3654 3672 3783 3811 3828 3878 3886 3920 3931 3956 4066 4089 4112 4197 4199 4201 4219 4288 4314 4332 4405 4556 4644 4668 4766 4920 5077 5151 5153 5318 5319
LI (97):  1 132 134 150 188 213 258 277 340 341 353 406 408 416 426 427 457 530 619 681 683 818 834 2039 2050 2231 2237 2240 2244 2248 2251 2291 2368 2374 2382 2384 2404 2408 2413 2415 2425 2433 2446 2462 2489 2506 2520 2705 2711 2738 2794 2847 2866 2899 2907 2937 2954 3111 3177 3178 3182 3187 3238 3386 3388 3456 3457 3470 3471 3510 3533 3581 3585 3647 3649 3650 3662 3773 3774 3804 3949 4075 4084 4086 4093 4097 4395 4396 4398 4658 4659 4757 4758 4760 5297 5299 5317
NODE_NUM = 200
FILE sin_sub_24.aig

# Subcircuit 25
SUB_ID 25
LO (25):  3932 3934 3973 3975 4002 4003 4027 4084 4124 4215 4298 4311 4406 4835 4961 5030 5056 5094 5178 5182 5188 5215 5239 5278 5317
LI (66):  23 24 281 352 447 532 834 2231 2234 2368 2462 2467 2469 2621 2907 2915 3177 3520 3710 4000 4122 4200 4201 4202 4208 4285 4288 4289 4291 4308 4820 4824 4831 4902 4903 4905 4915 4916 4919 4920 4922 4924 4948 4949 4950 4994 4995 5020 5071 5074 5075 5078 5079 5114 5121 5138 5150 5151 5153 5184 5185 5192 5206 5270 5307 5311
NODE_NUM = 199
FILE sin_sub_25.aig

# Subcircuit 26
SUB_ID 26
LO (52):  4122 4164 4187 4200 4202 4242 4289 4291 4308 4330 4348 4395 4396 4398 4429 4430 4431 4433 4434 4466 4514 4528 4539 4541 4632 4637 4658 4709 4716 4717 4719 4720 4729 4739 4757 4758 4812 4823 4840 4922 4937 4991 4995 5020 5071 5074 5150 5192 5206 5270 5307 5311
LI (69):  164 258 273 277 352 583 818 834 2231 2368 2376 2384 2408 2415 2462 2467 2469 2621 2705 2738 2794 2847 2913 2937 3177 3186 3217 3520 3697 3710 3754 3897 3903 4053 4090 4199 4298 4299 4412 4413 4417 4459 4461 4510 4518 4520 4522 4611 4618 4629 4630 4636 4676 4677 4679 4681 4699 4712 4713 4722 4724 5016 5054 5056 5070 5144 5260 5266 5267
NODE_NUM = 197
FILE sin_sub_26.aig

# Subcircuit 27
SUB_ID 27
LO (40):  4518 4520 4555 4558 4587 4621 4636 4650 4659 4679 4722 4734 4749 4760 4792 4820 4824 4831 4873 4902 4903 4905 4915 4948 4949 4950 4994 5016 5031 5054 5070 5075 5078 5079 5225 5248 5260 5266 5297 5380
LI (75):  129 181 222 258 277 296 305 326 351 359 457 466 483 543 677 786 818 834 857 863 864 922 982 1212 1971 2050 2109 2155 2273 2306 2382 2408 2413 2425 2462 2467 2621 2899 2902 3181 3186 3208 3217 3507 3520 3697 3754 3757 3760 3897 3903 4051 4478 4644 4645 4647 4733 4739 4818 4823 4838 4840 4844 4853 4860 4862 4870 4907 4935 4937 4947 4991 5077 5125 5246
NODE_NUM = 128
FILE sin_sub_27.aig

