# Subcircuit 0
SUB_ID 0
LO (9):  724 726 740 1399 1486 1488 1573 1663 1750
LI (94):  2 3 4 130 131 388 392 396 400 404 408 412 416 420 424 428 432 436 440 444 448 452 456 460 464 468 472 476 480 484 488 492 496 500 504 508 512 516 520 524 528 532 536 540 544 548 552 556 560 564 568 572 576 580 584 588 592 596 600 604 608 612 616 620 624 628 632 636 640 644 648 652 656 660 664 668 672 676 680 684 688 692 696 700 704 708 712 716 720 723 727 731 735 739
NODE_NUM = 100
FILE arbiter_sub_0.aig

# Subcircuit 1
SUB_ID 1
LO (6):  388 392 1400 1578 1837 12224
LI (96):  4 5 6 131 132 403 1064 1068 1072 1076 1080 1084 1088 1092 1096 1100 1104 1108 1112 1116 1120 1124 1128 1132 1136 1140 1144 1148 1152 1156 1160 1164 1168 1172 1176 1180 1184 1188 1192 1196 1200 1204 1208 1212 1216 1220 1224 1228 1232 1236 1240 1244 1248 1252 1256 1260 1264 1268 1272 1276 1280 1284 1288 1292 1296 1300 1304 1308 1312 1316 1320 1324 1328 1332 1336 1340 1344 1348 1352 1356 1360 1364 1368 1372 1376 1380 1384 1388 1392 1396 1399 12176 12179 12181 12190 12223
NODE_NUM = 97
FILE arbiter_sub_1.aig

# Subcircuit 2
SUB_ID 2
LO (10):  395 396 399 735 1064 1068 1070 1580 1667 1753
LI (92):  6 7 8 133 134 135 734 739 743 747 751 755 759 763 767 771 775 779 783 787 791 795 799 803 807 811 815 819 823 827 831 835 839 843 847 851 855 859 863 867 871 875 879 883 887 891 895 899 903 907 911 915 919 923 927 931 935 939 943 947 951 955 959 963 967 971 975 979 983 987 991 995 999 1003 1007 1011 1015 1019 1023 1027 1031 1035 1039 1043 1047 1051 1055 1059 1574 1576 1579 1665
NODE_NUM = 100
FILE arbiter_sub_2.aig

# Subcircuit 3
SUB_ID 3
LO (5):  400 1490 1927 2185 2443
LI (92):  9 399 404 408 412 416 420 424 428 432 436 440 444 448 452 456 460 464 468 472 476 480 484 488 492 496 500 504 508 512 516 520 524 528 532 536 540 544 548 552 556 560 564 568 572 576 580 584 588 592 596 600 604 608 612 616 620 624 628 632 636 640 644 648 652 656 660 664 668 672 676 680 684 688 692 696 700 704 708 712 716 720 1401 1484 1486 1489 1924 1926 2180 2184 2436 2442
NODE_NUM = 97
FILE arbiter_sub_3.aig

# Subcircuit 4
SUB_ID 4
LO (10):  404 741 743 920 1071 1072 1075 1799 1840 1926
LI (52):  9 10 136 137 403 740 742 747 751 755 759 763 767 771 775 779 783 787 791 795 799 803 807 811 815 819 823 827 831 835 839 843 847 851 855 859 863 867 871 875 879 883 887 891 895 899 903 907 911 915 919 1070
NODE_NUM = 100
FILE arbiter_sub_4.aig

# Subcircuit 5
SUB_ID 5
LO (8):  403 408 739 1078 1080 1586 1754 1845
LI (95):  10 11 12 137 138 408 412 416 420 424 428 432 436 440 444 448 452 456 460 464 468 472 476 480 484 488 492 496 500 504 508 512 516 520 524 528 532 536 540 544 548 552 556 560 564 568 572 576 580 584 588 592 596 600 604 608 612 616 620 624 628 632 636 640 644 648 652 656 660 664 668 672 676 680 684 688 692 696 700 704 708 712 716 720 731 738 1079 1084 1088 1092 1484 1486 1582 1750 1753
NODE_NUM = 100
FILE arbiter_sub_5.aig

# Subcircuit 6
SUB_ID 6
LO (11):  411 412 415 416 751 1079 1084 1086 2099 2184 2270
LI (92):  12 13 14 15 139 140 141 750 755 759 763 767 771 775 779 783 787 791 795 799 803 807 811 815 819 823 827 831 835 839 843 847 851 855 859 863 867 871 875 879 883 887 891 895 899 903 907 911 915 919 923 927 931 935 939 943 947 951 955 959 963 967 971 975 979 983 987 991 995 999 1003 1007 1011 1015 1019 1023 1027 1031 1035 1039 1043 1047 1051 1055 1059 1068 1072 1076 1574 1576 1837 2098
NODE_NUM = 100
FILE arbiter_sub_6.aig

# Subcircuit 7
SUB_ID 7
LO (10):  420 757 759 1088 1092 2013 2104 2272 2356 2442
LI (95):  15 16 17 142 143 415 419 424 428 432 436 440 444 448 452 456 460 464 468 472 476 480 484 488 492 496 500 504 508 512 516 520 524 528 532 536 540 544 548 552 556 560 564 568 572 576 580 584 588 592 596 600 604 608 612 616 620 624 628 632 636 640 644 648 652 656 660 664 668 672 676 680 684 688 692 696 700 704 708 712 716 720 731 735 739 758 1086 1096 1100 1104 1484 1486 1750 1929 2012
NODE_NUM = 100
FILE arbiter_sub_7.aig

# Subcircuit 8
SUB_ID 8
LO (9):  419 424 755 1094 1096 1589 2271 2360 12181
LI (95):  16 17 18 143 144 424 428 432 435 436 440 444 448 452 456 460 464 468 472 476 480 484 488 492 496 500 504 508 512 516 520 524 528 532 536 540 544 548 552 556 560 564 568 572 576 580 584 588 592 596 600 604 608 612 616 620 624 628 632 636 640 644 648 652 656 660 664 668 672 676 680 684 688 692 696 700 704 708 712 716 720 731 735 739 743 747 754 1095 1100 1104 1484 1486 1586 1750 2270
NODE_NUM = 99
FILE arbiter_sub_8.aig

# Subcircuit 9
SUB_ID 9
LO (9):  428 765 767 1095 1100 1924 2279 2535 2700
LI (91):  18 19 20 145 146 392 396 427 766 771 775 779 783 787 1104 1108 1112 1116 1120 1124 1128 1132 1136 1140 1144 1148 1152 1156 1160 1164 1168 1172 1176 1180 1184 1188 1192 1196 1200 1204 1208 1212 1216 1220 1224 1228 1232 1236 1240 1244 1248 1252 1256 1260 1264 1268 1272 1276 1280 1284 1288 1292 1296 1300 1304 1308 1312 1316 1320 1324 1328 1332 1336 1340 1344 1348 1352 1356 1360 1364 1368 1372 1376 1380 1384 1388 1392 1396 1663 1846 2273
NODE_NUM = 99
FILE arbiter_sub_9.aig

# Subcircuit 10
SUB_ID 10
LO (8):  427 432 763 1102 1104 2273 2529 2622
LI (98):  19 20 21 146 147 432 436 440 444 448 452 456 460 464 468 472 476 480 484 488 492 496 500 504 508 512 516 520 524 528 532 536 540 544 548 552 556 560 564 568 572 576 580 584 588 592 596 600 604 608 612 616 620 624 628 632 636 640 644 648 652 656 660 664 668 672 676 680 684 688 692 696 700 704 708 712 716 720 731 735 739 743 747 751 755 762 1103 1108 1112 1116 1120 1124 1128 1484 1486 1750 2272 2528
NODE_NUM = 100
FILE arbiter_sub_10.aig

# Subcircuit 11
SUB_ID 11
LO (8):  436 773 775 1103 1108 1665 2788 2958
LI (82):  21 22 23 148 149 392 435 774 1112 1116 1120 1124 1128 1132 1136 1140 1144 1148 1152 1156 1160 1164 1168 1172 1176 1180 1184 1188 1192 1196 1200 1204 1208 1212 1216 1220 1224 1228 1232 1236 1240 1244 1248 1252 1256 1260 1264 1268 1272 1276 1280 1284 1288 1292 1296 1300 1304 1308 1312 1316 1320 1324 1328 1332 1336 1340 1344 1348 1352 1356 1360 1364 1368 1372 1376 1380 1384 1388 1392 1396 1589 1663
NODE_NUM = 85
FILE arbiter_sub_11.aig

# Subcircuit 12
SUB_ID 12
LO (8):  435 440 771 1110 1112 2109 2787 2877
LI (95):  22 23 24 149 150 440 444 448 452 456 460 464 468 472 476 480 484 488 492 496 500 504 508 512 516 520 524 528 532 536 540 544 548 552 556 560 564 568 572 576 580 584 588 592 596 600 604 608 612 616 620 624 628 632 636 640 644 648 652 656 660 664 668 672 676 680 684 688 692 696 700 704 708 712 716 720 731 735 739 743 747 751 755 759 763 770 1111 1116 1120 1124 1484 1486 1750 2105 2786
NODE_NUM = 100
FILE arbiter_sub_12.aig

# Subcircuit 13
SUB_ID 13
LO (9):  444 781 783 1111 1116 2436 2797 3053 3216
LI (89):  24 25 26 151 152 392 396 443 782 787 791 795 799 803 807 811 1120 1124 1128 1132 1136 1140 1144 1148 1152 1156 1160 1164 1168 1172 1176 1180 1184 1188 1192 1196 1200 1204 1208 1212 1216 1220 1224 1228 1232 1236 1240 1244 1248 1252 1256 1260 1264 1268 1272 1276 1280 1284 1288 1292 1296 1300 1304 1308 1312 1316 1320 1324 1328 1332 1336 1340 1344 1348 1352 1356 1360 1364 1368 1372 1376 1380 1384 1388 1392 1396 1663 2362 2789
NODE_NUM = 99
FILE arbiter_sub_13.aig

# Subcircuit 14
SUB_ID 14
LO (8):  443 448 779 1118 1120 2789 3045 3138
LI (98):  25 26 27 152 153 448 452 456 460 464 468 472 476 480 484 488 492 496 500 504 508 512 516 520 524 528 532 536 540 544 548 552 556 560 564 568 572 576 580 584 588 592 596 600 604 608 612 616 620 624 628 632 636 640 644 648 652 656 660 664 668 672 676 680 684 688 692 696 700 704 708 712 716 720 731 735 739 743 747 751 755 759 763 767 771 778 1119 1124 1128 1132 1136 1140 1144 1484 1486 1750 2788 3044
NODE_NUM = 100
FILE arbiter_sub_14.aig

# Subcircuit 15
SUB_ID 15
LO (8):  452 789 791 1119 1124 2324 3348 3474
LI (52):  27 28 29 154 155 451 790 795 799 803 807 811 815 819 823 827 831 835 839 843 847 851 855 859 863 867 871 875 879 883 887 891 895 899 903 907 911 915 919 923 927 931 935 939 943 947 951 955 959 963 967 2279
NODE_NUM = 99
FILE arbiter_sub_15.aig

# Subcircuit 16
SUB_ID 16
LO (9):  451 456 787 1126 1128 2112 3303 3392 12179
LI (96):  28 29 30 155 156 456 460 464 467 468 472 476 480 484 488 492 496 500 504 508 512 516 520 524 528 532 536 540 544 548 552 556 560 564 568 572 576 580 584 588 592 596 600 604 608 612 616 620 624 628 632 636 640 644 648 652 656 660 664 668 672 676 680 684 688 692 696 700 704 708 712 716 720 731 735 739 743 747 751 755 759 763 767 771 775 779 786 1127 1132 1136 1484 1486 1750 2109 3302 12178
NODE_NUM = 100
FILE arbiter_sub_16.aig

# Subcircuit 17
SUB_ID 17
LO (8):  460 797 799 1127 1132 2582 3606 3732
LI (52):  30 31 32 157 158 459 798 803 807 811 815 819 823 827 831 835 839 843 847 851 855 859 863 867 871 875 879 883 887 891 895 899 903 907 911 915 919 923 927 931 935 939 943 947 951 955 959 963 967 971 975 2537
NODE_NUM = 99
FILE arbiter_sub_17.aig

# Subcircuit 18
SUB_ID 18
LO (9):  459 464 795 1134 1136 2537 2626 3561 3650
LI (95):  31 32 33 158 159 464 468 472 476 480 484 488 492 496 500 504 508 512 516 520 524 528 532 536 540 544 548 552 556 560 564 568 572 576 580 584 588 592 596 600 604 608 612 616 620 624 628 632 636 640 644 648 652 656 660 664 668 672 676 680 684 688 692 696 700 704 708 712 716 720 731 735 739 743 747 751 755 759 763 767 771 775 779 783 787 794 1135 1140 1144 1484 1486 1750 2536 2623 3560
NODE_NUM = 99
FILE arbiter_sub_18.aig

# Subcircuit 19
SUB_ID 19
LO (8):  468 805 807 1135 1140 2180 3820 3990
LI (75):  33 34 35 160 161 392 396 467 806 1144 1148 1152 1156 1160 1164 1168 1172 1176 1180 1184 1188 1192 1196 1200 1204 1208 1212 1216 1220 1224 1228 1232 1236 1240 1244 1248 1252 1256 1260 1264 1268 1272 1276 1280 1284 1288 1292 1296 1300 1304 1308 1312 1316 1320 1324 1328 1332 1336 1340 1344 1348 1352 1356 1360 1364 1368 1372 1376 1380 1384 1388 1392 1396 1663 2112
NODE_NUM = 78
FILE arbiter_sub_19.aig

# Subcircuit 20
SUB_ID 20
LO (8):  467 472 803 1142 1144 2885 3819 3909
LI (95):  34 35 36 161 162 472 476 480 484 488 492 496 500 504 508 512 516 520 524 528 532 536 540 544 548 552 556 560 564 568 572 576 580 584 588 592 596 600 604 608 612 616 620 624 628 632 636 640 644 648 652 656 660 664 668 672 676 680 684 688 692 696 700 704 708 712 716 720 731 735 739 743 747 751 755 759 763 767 771 775 779 783 787 791 795 802 1143 1148 1152 1156 1484 1486 1750 2881 3818
NODE_NUM = 100
FILE arbiter_sub_20.aig

# Subcircuit 21
SUB_ID 21
LO (9):  476 813 815 1143 1148 2701 2805 4085 4248
LI (89):  36 37 38 163 164 392 396 400 404 408 412 416 420 424 475 814 819 823 827 831 835 839 843 1152 1156 1160 1164 1168 1172 1176 1180 1184 1188 1192 1196 1200 1204 1208 1212 1216 1220 1224 1228 1232 1236 1240 1244 1248 1252 1256 1260 1264 1268 1272 1276 1280 1284 1288 1292 1296 1300 1304 1308 1312 1316 1320 1324 1328 1332 1336 1340 1344 1348 1352 1356 1360 1364 1368 1372 1376 1380 1384 1388 1392 1396 1663 2626 2700 2797
NODE_NUM = 99
FILE arbiter_sub_21.aig

# Subcircuit 22
SUB_ID 22
LO (8):  475 480 811 1150 1152 3143 4077 4167
LI (95):  37 38 39 164 165 480 484 488 492 496 500 504 508 512 516 520 524 528 532 536 540 544 548 552 556 560 564 568 572 576 580 584 588 592 596 600 604 608 612 616 620 624 628 632 636 640 644 648 652 656 660 664 668 672 676 680 684 688 692 696 700 704 708 712 716 720 731 735 739 743 747 751 755 759 763 767 771 775 779 783 787 791 795 799 803 810 1151 1156 1160 1164 1484 1486 1750 3139 4076
NODE_NUM = 100
FILE arbiter_sub_22.aig

# Subcircuit 23
SUB_ID 23
LO (8):  484 821 823 1151 1156 3100 4380 4506
LI (52):  39 40 41 166 167 483 822 827 831 835 839 843 847 851 855 859 863 867 871 875 879 883 887 891 895 899 903 907 911 915 919 923 927 931 935 939 943 947 951 955 959 963 967 971 975 979 983 987 991 995 999 3055
NODE_NUM = 99
FILE arbiter_sub_23.aig

# Subcircuit 24
SUB_ID 24
LO (9):  483 488 819 1158 1160 2888 4335 4424 12178
LI (95):  40 41 42 167 168 488 492 496 499 500 504 508 512 516 520 524 528 532 536 540 544 548 552 556 560 564 568 572 576 580 584 588 592 596 600 604 608 612 616 620 624 628 632 636 640 644 648 652 656 660 664 668 672 676 680 684 688 692 696 700 704 708 712 716 720 731 735 739 743 747 751 755 759 763 767 771 775 779 783 787 791 795 799 803 807 811 818 1159 1164 1168 1484 1486 1750 2885 4334
NODE_NUM = 99
FILE arbiter_sub_24.aig

# Subcircuit 25
SUB_ID 25
LO (8):  492 829 831 1159 1164 3475 4594 4764
LI (83):  42 43 44 169 170 392 396 400 404 408 412 416 420 424 428 432 436 440 444 448 491 830 1168 1172 1176 1180 1184 1188 1192 1196 1200 1204 1208 1212 1216 1220 1224 1228 1232 1236 1240 1244 1248 1252 1256 1260 1264 1268 1272 1276 1280 1284 1288 1292 1296 1300 1304 1308 1312 1316 1320 1324 1328 1332 1336 1340 1344 1348 1352 1356 1360 1364 1368 1372 1376 1380 1384 1388 1392 1396 1663 3398 3474
NODE_NUM = 86
FILE arbiter_sub_25.aig

# Subcircuit 26
SUB_ID 26
LO (8):  491 496 827 1166 1168 3147 4593 4683
LI (95):  43 44 45 170 171 496 500 504 508 512 516 520 524 528 532 536 540 544 548 552 556 560 564 568 572 576 580 584 588 592 596 600 604 608 612 616 620 624 628 632 636 640 644 648 652 656 660 664 668 672 676 680 684 688 692 696 700 704 708 712 716 720 731 735 739 743 747 751 755 759 763 767 771 775 779 783 787 791 795 799 803 807 811 815 819 826 1167 1172 1176 1180 1484 1486 1750 3143 4592
NODE_NUM = 100
FILE arbiter_sub_26.aig

# Subcircuit 27
SUB_ID 27
LO (8):  500 837 839 1167 1172 2959 4852 5022
LI (77):  45 46 47 172 173 392 396 400 404 408 412 416 420 424 428 432 499 838 1176 1180 1184 1188 1192 1196 1200 1204 1208 1212 1216 1220 1224 1228 1232 1236 1240 1244 1248 1252 1256 1260 1264 1268 1272 1276 1280 1284 1288 1292 1296 1300 1304 1308 1312 1316 1320 1324 1328 1332 1336 1340 1344 1348 1352 1356 1360 1364 1368 1372 1376 1380 1384 1388 1392 1396 1663 2888 2958
NODE_NUM = 80
FILE arbiter_sub_27.aig

# Subcircuit 28
SUB_ID 28
LO (8):  499 504 835 1174 1176 3661 4851 4941
LI (95):  46 47 48 173 174 504 508 512 516 520 524 528 532 536 540 544 548 552 556 560 564 568 572 576 580 584 588 592 596 600 604 608 612 616 620 624 628 632 636 640 644 648 652 656 660 664 668 672 676 680 684 688 692 696 700 704 708 712 716 720 731 735 739 743 747 751 755 759 763 767 771 775 779 783 787 791 795 799 803 807 811 815 819 823 827 834 1175 1180 1184 1188 1484 1486 1750 3657 4850
NODE_NUM = 100
FILE arbiter_sub_28.aig

# Subcircuit 29
SUB_ID 29
LO (8):  508 845 847 1175 1180 2850 5154 5280
LI (52):  48 49 50 175 176 507 846 851 855 859 863 867 871 875 879 883 887 891 895 899 903 907 911 915 919 923 927 931 935 939 943 947 951 955 959 963 967 971 975 979 983 987 991 995 999 1003 1007 1011 1015 1019 1023 2805
NODE_NUM = 99
FILE arbiter_sub_29.aig

# Subcircuit 30
SUB_ID 30
LO (8):  507 512 843 1182 1184 3151 5109 5199
LI (95):  49 50 51 176 177 512 516 520 524 528 532 536 540 544 548 552 556 560 564 568 572 576 580 584 588 592 596 600 604 608 612 616 620 624 628 632 636 640 644 648 652 656 660 664 668 672 676 680 684 688 692 696 700 704 708 712 716 720 731 735 739 743 747 751 755 759 763 767 771 775 779 783 787 791 795 799 803 807 811 815 819 823 827 831 835 842 1183 1188 1192 1196 1484 1486 1750 3147 5108
NODE_NUM = 100
FILE arbiter_sub_30.aig

# Subcircuit 31
SUB_ID 31
LO (8):  516 853 855 1183 1188 3876 5412 5538
LI (52):  51 52 53 178 179 515 854 859 863 867 871 875 879 883 887 891 895 899 903 907 911 915 919 923 927 931 935 939 943 947 951 955 959 963 967 971 975 979 983 987 991 995 999 1003 1007 1011 1015 1019 1023 1027 1031 3831
NODE_NUM = 99
FILE arbiter_sub_31.aig

# Subcircuit 32
SUB_ID 32
LO (9):  515 520 851 1190 1192 3663 5367 5455 12190
LI (96):  52 53 54 179 180 520 524 528 531 532 536 540 544 548 552 556 560 564 568 572 576 580 584 588 592 596 600 604 608 612 616 620 624 628 632 636 640 644 648 652 656 660 664 668 672 676 680 684 688 692 696 700 704 708 712 716 720 731 735 739 743 747 751 755 759 763 767 771 775 779 783 787 791 795 799 803 807 811 815 819 823 827 831 835 839 843 850 1191 1196 1484 1486 1750 3661 5366 12186 12188
NODE_NUM = 99
FILE arbiter_sub_32.aig

# Subcircuit 33
SUB_ID 33
LO (9):  524 861 863 1191 1196 3991 4098 5634 5796
LI (88):  54 55 56 181 182 392 396 400 404 408 412 416 420 424 428 432 436 440 444 448 452 456 460 464 523 862 867 871 875 879 883 887 891 895 1200 1204 1208 1212 1216 1220 1224 1228 1232 1236 1240 1244 1248 1252 1256 1260 1264 1268 1272 1276 1280 1284 1288 1292 1296 1300 1304 1308 1312 1316 1320 1324 1328 1332 1336 1340 1344 1348 1352 1356 1360 1364 1368 1372 1376 1380 1384 1388 1392 1396 1663 3918 3990 4089
NODE_NUM = 99
FILE arbiter_sub_33.aig

# Subcircuit 34
SUB_ID 34
LO (8):  523 528 859 1198 1200 3155 5625 5715
LI (95):  55 56 57 182 183 528 532 536 540 544 548 552 556 560 564 568 572 576 580 584 588 592 596 600 604 608 612 616 620 624 628 632 636 640 644 648 652 656 660 664 668 672 676 680 684 688 692 696 700 704 708 712 716 720 731 735 739 743 747 751 755 759 763 767 771 775 779 783 787 791 795 799 803 807 811 815 819 823 827 831 835 839 843 847 851 858 1199 1204 1208 1212 1484 1486 1750 3151 5624
NODE_NUM = 100
FILE arbiter_sub_34.aig

# Subcircuit 35
SUB_ID 35
LO (8):  532 869 871 1199 1204 3733 5884 6054
LI (75):  57 58 59 184 185 392 396 400 404 408 412 416 420 424 428 432 436 440 444 448 452 456 531 870 1208 1212 1216 1220 1224 1228 1232 1236 1240 1244 1248 1252 1256 1260 1264 1268 1272 1276 1280 1284 1288 1292 1296 1300 1304 1308 1312 1316 1320 1324 1328 1332 1336 1340 1344 1348 1352 1356 1360 1364 1368 1372 1376 1380 1384 1388 1392 1396 1663 3664 3732
NODE_NUM = 78
FILE arbiter_sub_35.aig

# Subcircuit 36
SUB_ID 36
LO (8):  531 536 867 1206 1208 4181 5883 5973
LI (95):  58 59 60 185 186 536 540 544 548 552 556 560 564 568 572 576 580 584 588 592 596 600 604 608 612 616 620 624 628 632 636 640 644 648 652 656 660 664 668 672 676 680 684 688 692 696 700 704 708 712 716 720 731 735 739 743 747 751 755 759 763 767 771 775 779 783 787 791 795 799 803 807 811 815 819 823 827 831 835 839 843 847 851 855 859 866 1207 1212 1216 1220 1484 1486 1750 4177 5882
NODE_NUM = 100
FILE arbiter_sub_36.aig

# Subcircuit 37
SUB_ID 37
LO (9):  540 877 879 1207 1212 4507 4614 6150 6312
LI (88):  60 61 62 187 188 392 396 400 404 408 412 416 420 424 428 432 436 440 444 448 452 456 460 464 468 472 476 480 539 878 883 887 891 895 899 903 907 911 1216 1220 1224 1228 1232 1236 1240 1244 1248 1252 1256 1260 1264 1268 1272 1276 1280 1284 1288 1292 1296 1300 1304 1308 1312 1316 1320 1324 1328 1332 1336 1340 1344 1348 1352 1356 1360 1364 1368 1372 1376 1380 1384 1388 1392 1396 1663 4434 4506 4605
NODE_NUM = 99
FILE arbiter_sub_37.aig

# Subcircuit 38
SUB_ID 38
LO (8):  539 544 875 1214 1216 3159 6141 6231
LI (95):  61 62 63 188 189 544 548 552 556 560 564 568 572 576 580 584 588 592 596 600 604 608 612 616 620 624 628 632 636 640 644 648 652 656 660 664 668 672 676 680 684 688 692 696 700 704 708 712 716 720 731 735 739 743 747 751 755 759 763 767 771 775 779 783 787 791 795 799 803 807 811 815 819 823 827 831 835 839 843 847 851 855 859 863 867 874 1215 1220 1224 1228 1484 1486 1750 3155 6140
NODE_NUM = 100
FILE arbiter_sub_38.aig

# Subcircuit 39
SUB_ID 39
LO (9):  548 885 887 1215 1220 4765 4872 6408 6570
LI (88):  63 64 65 190 191 392 396 400 404 408 412 416 420 424 428 432 436 440 444 448 452 456 460 464 468 472 476 480 484 488 547 886 891 895 899 903 907 911 915 919 1224 1228 1232 1236 1240 1244 1248 1252 1256 1260 1264 1268 1272 1276 1280 1284 1288 1292 1296 1300 1304 1308 1312 1316 1320 1324 1328 1332 1336 1340 1344 1348 1352 1356 1360 1364 1368 1372 1376 1380 1384 1388 1392 1396 1663 4692 4764 4863
NODE_NUM = 99
FILE arbiter_sub_39.aig

# Subcircuit 40
SUB_ID 40
LO (9):  547 552 883 1222 1224 4184 6399 6488 12188
LI (95):  64 65 66 191 192 552 556 560 563 564 568 572 576 580 584 588 592 596 600 604 608 612 616 620 624 628 632 636 640 644 648 652 656 660 664 668 672 676 680 684 688 692 696 700 704 708 712 716 720 731 735 739 743 747 751 755 759 763 767 771 775 779 783 787 791 795 799 803 807 811 815 819 823 827 831 835 839 843 847 851 855 859 863 867 871 875 882 1223 1228 1232 1484 1486 1750 4181 6398
NODE_NUM = 99
FILE arbiter_sub_40.aig

# Subcircuit 41
SUB_ID 41
LO (8):  556 893 895 1223 1228 5023 6658 6828
LI (79):  66 67 68 193 194 392 396 400 404 408 412 416 420 424 428 432 436 440 444 448 452 456 460 464 468 472 476 480 484 488 492 496 555 894 1232 1236 1240 1244 1248 1252 1256 1260 1264 1268 1272 1276 1280 1284 1288 1292 1296 1300 1304 1308 1312 1316 1320 1324 1328 1332 1336 1340 1344 1348 1352 1356 1360 1364 1368 1372 1376 1380 1384 1388 1392 1396 1663 4950 5022
NODE_NUM = 82
FILE arbiter_sub_41.aig

# Subcircuit 42
SUB_ID 42
LO (8):  555 560 891 1230 1232 3163 6657 6747
LI (95):  67 68 69 194 195 560 564 568 572 576 580 584 588 592 596 600 604 608 612 616 620 624 628 632 636 640 644 648 652 656 660 664 668 672 676 680 684 688 692 696 700 704 708 712 716 720 731 735 739 743 747 751 755 759 763 767 771 775 779 783 787 791 795 799 803 807 811 815 819 823 827 831 835 839 843 847 851 855 859 863 867 871 875 879 883 890 1231 1236 1240 1244 1484 1486 1750 3159 6656
NODE_NUM = 100
FILE arbiter_sub_42.aig

# Subcircuit 43
SUB_ID 43
LO (8):  564 901 903 1231 1236 4144 6960 7086
LI (52):  69 70 71 196 197 563 902 907 911 915 919 923 927 931 935 939 943 947 951 955 959 963 967 971 975 979 983 987 991 995 999 1003 1007 1011 1015 1019 1023 1027 1031 1035 1039 1043 1047 1051 1055 1059 1068 1072 1574 1576 1837 4099
NODE_NUM = 99
FILE arbiter_sub_43.aig

# Subcircuit 44
SUB_ID 44
LO (9):  563 568 899 1238 1240 4099 4188 6915 7004
LI (95):  70 71 72 197 198 568 572 576 580 584 588 592 596 600 604 608 612 616 620 624 628 632 636 640 644 648 652 656 660 664 668 672 676 680 684 688 692 696 700 704 708 712 716 720 731 735 739 743 747 751 755 759 763 767 771 775 779 783 787 791 795 799 803 807 811 815 819 823 827 831 835 839 843 847 851 855 859 863 867 871 875 879 883 887 891 898 1239 1244 1248 1484 1486 1750 4098 4185 6914
NODE_NUM = 99
FILE arbiter_sub_44.aig

# Subcircuit 45
SUB_ID 45
LO (8):  572 909 911 1239 1244 5281 7174 7344
LI (77):  72 73 74 199 200 392 396 400 404 408 412 416 420 424 428 432 436 440 444 448 452 456 460 464 468 472 476 480 484 488 492 496 500 504 571 910 1248 1252 1256 1260 1264 1268 1272 1276 1280 1284 1288 1292 1296 1300 1304 1308 1312 1316 1320 1324 1328 1332 1336 1340 1344 1348 1352 1356 1360 1364 1368 1372 1376 1380 1384 1388 1392 1396 1663 5210 5280
NODE_NUM = 80
FILE arbiter_sub_45.aig

# Subcircuit 46
SUB_ID 46
LO (8):  571 576 907 1246 1248 3167 7173 7263
LI (95):  73 74 75 200 201 576 580 584 588 592 596 600 604 608 612 616 620 624 628 632 636 640 644 648 652 656 660 664 668 672 676 680 684 688 692 696 700 704 708 712 716 720 731 735 739 743 747 751 755 759 763 767 771 775 779 783 787 791 795 799 803 807 811 815 819 823 827 831 835 839 843 847 851 855 859 863 867 871 875 879 883 887 891 895 899 906 1247 1252 1256 1260 1484 1486 1750 3163 7172
NODE_NUM = 100
FILE arbiter_sub_46.aig

# Subcircuit 47
SUB_ID 47
LO (9):  580 917 919 1247 1252 4249 4630 7446 7602
LI (82):  75 76 77 202 203 392 396 400 404 408 412 416 420 424 428 432 436 440 444 448 452 456 460 464 468 472 579 918 923 927 931 935 939 943 947 951 955 959 963 967 971 975 1256 1260 1264 1268 1272 1276 1280 1284 1288 1292 1296 1300 1304 1308 1312 1316 1320 1324 1328 1332 1336 1340 1344 1348 1352 1356 1360 1364 1368 1372 1376 1380 1384 1388 1392 1396 1663 4188 4248 4615
NODE_NUM = 99
FILE arbiter_sub_47.aig

# Subcircuit 48
SUB_ID 48
LO (10):  579 584 915 1254 1256 4615 5471 7431 7519 12186
LI (96):  76 77 78 203 204 584 588 592 595 596 600 604 608 612 616 620 624 628 632 636 640 644 648 652 656 660 664 668 672 676 680 684 688 692 696 700 704 708 712 716 720 731 735 739 743 747 751 755 759 763 767 771 775 779 783 787 791 795 799 803 807 811 815 819 823 827 831 835 839 843 847 851 855 859 863 867 871 875 879 883 887 891 895 899 903 907 914 1255 1260 1484 1486 1750 4614 5469 7430 12185
NODE_NUM = 99
FILE arbiter_sub_48.aig

# Subcircuit 49
SUB_ID 49
LO (8):  588 925 927 1063 1255 1260 7723 7860
LI (42):  78 79 80 205 206 587 924 926 931 935 939 943 947 951 955 959 963 967 971 975 979 983 987 991 995 999 1003 1007 1011 1015 1019 1023 1027 1031 1035 1039 1043 1047 1051 1055 1059 1062
NODE_NUM = 78
FILE arbiter_sub_49.aig

# Subcircuit 50
SUB_ID 50
LO (9):  587 592 923 924 1262 1264 1805 7689 7776
LI (98):  79 80 81 206 207 592 596 600 604 608 612 616 620 624 628 632 636 640 644 648 652 656 660 664 668 672 676 680 684 688 692 696 700 704 708 712 716 720 731 735 739 743 747 751 755 759 763 767 771 775 779 783 787 791 795 799 803 807 811 815 819 823 827 831 835 839 843 847 851 855 859 863 867 871 875 879 883 887 891 895 899 903 907 911 915 920 922 927 931 935 939 943 1263 1484 1486 1750 1799 7688
NODE_NUM = 100
FILE arbiter_sub_50.aig

# Subcircuit 51
SUB_ID 51
LO (9):  596 933 935 1263 1268 3217 4896 7968 8118
LI (76):  81 82 83 208 209 392 396 400 404 408 412 416 420 424 428 432 436 440 595 934 939 943 947 951 955 959 963 967 971 975 979 983 987 991 995 999 1003 1007 1011 1015 1272 1276 1280 1284 1288 1292 1296 1300 1304 1308 1312 1316 1320 1324 1328 1332 1336 1340 1344 1348 1352 1356 1360 1364 1368 1372 1376 1380 1384 1388 1392 1396 1663 3168 3216 4875
NODE_NUM = 99
FILE arbiter_sub_51.aig

# Subcircuit 52
SUB_ID 52
LO (9):  595 600 931 1270 1272 4875 5476 7947 8036
LI (95):  82 83 84 209 210 600 604 608 612 616 620 624 628 632 636 640 644 648 652 656 660 664 668 672 676 680 684 688 692 696 700 704 708 712 716 720 731 735 739 743 747 751 755 759 763 767 771 775 779 783 787 791 795 799 803 807 811 815 819 823 827 831 835 839 843 847 851 855 859 863 867 871 875 879 883 887 891 895 899 903 907 911 915 919 923 930 1271 1276 1280 1484 1486 1750 4874 5473 7946
NODE_NUM = 99
FILE arbiter_sub_52.aig

# Subcircuit 53
SUB_ID 53
LO (8):  604 941 943 1271 1276 5690 8250 8376
LI (52):  84 85 86 211 212 603 942 947 951 955 959 963 967 971 975 979 983 987 991 995 999 1003 1007 1011 1015 1019 1023 1027 1031 1035 1039 1043 1047 1051 1055 1059 1068 1072 1076 1080 1084 1088 1092 1096 1100 1104 1108 1112 1574 1576 1837 5645
NODE_NUM = 99
FILE arbiter_sub_53.aig

# Subcircuit 54
SUB_ID 54
LO (9):  603 608 939 1278 1280 5645 5734 8205 8294
LI (95):  85 86 87 212 213 608 612 616 620 624 628 632 636 640 644 648 652 656 660 664 668 672 676 680 684 688 692 696 700 704 708 712 716 720 731 735 739 743 747 751 755 759 763 767 771 775 779 783 787 791 795 799 803 807 811 815 819 823 827 831 835 839 843 847 851 855 859 863 867 871 875 879 883 887 891 895 899 903 907 911 915 919 923 927 931 938 1279 1284 1288 1484 1486 1750 5644 5731 8204
NODE_NUM = 99
FILE arbiter_sub_54.aig

# Subcircuit 55
SUB_ID 55
LO (9):  612 949 951 1279 1284 1841 5502 8495 8634
LI (66):  87 88 89 214 215 611 950 955 959 963 967 971 975 979 983 987 991 995 999 1003 1007 1011 1015 1019 1023 1027 1031 1035 1039 1043 1047 1051 1055 1059 1068 1288 1292 1296 1300 1304 1308 1312 1316 1320 1324 1328 1332 1336 1340 1344 1348 1352 1356 1360 1364 1368 1372 1376 1380 1384 1574 1576 1806 1837 1840 5476
NODE_NUM = 100
FILE arbiter_sub_55.aig

# Subcircuit 56
SUB_ID 56
LO (10):  611 616 947 1286 1288 1806 5907 8463 8550 12185
LI (98):  88 89 90 215 216 616 620 624 627 628 632 636 640 644 648 652 656 660 664 668 672 676 680 684 688 692 696 700 704 708 712 716 720 731 735 739 743 747 751 755 759 763 767 771 775 779 783 787 791 795 799 803 807 811 815 819 823 827 831 835 839 843 847 851 855 859 863 867 871 875 879 883 887 891 895 899 903 907 911 915 919 923 927 931 935 939 946 951 955 959 963 1287 1484 1486 1750 1805 5902 8462
NODE_NUM = 100
FILE arbiter_sub_56.aig

# Subcircuit 57
SUB_ID 57
LO (8):  620 957 959 1287 1292 5797 8722 8892
LI (69):  90 91 92 217 218 392 396 400 404 408 412 416 420 424 428 432 436 440 444 448 452 456 460 464 468 472 476 480 484 488 492 496 500 504 508 512 516 520 619 958 1296 1300 1304 1308 1312 1316 1320 1324 1328 1332 1336 1340 1344 1348 1352 1356 1360 1364 1368 1372 1376 1380 1384 1388 1392 1396 1663 5734 5796
NODE_NUM = 72
FILE arbiter_sub_57.aig

# Subcircuit 58
SUB_ID 58
LO (8):  619 624 955 1294 1296 5995 8721 8811
LI (95):  91 92 93 218 219 624 628 632 636 640 644 648 652 656 660 664 668 672 676 680 684 688 692 696 700 704 708 712 716 720 731 735 739 743 747 751 755 759 763 767 771 775 779 783 787 791 795 799 803 807 811 815 819 823 827 831 835 839 843 847 851 855 859 863 867 871 875 879 883 887 891 895 899 903 907 911 915 919 923 927 931 935 939 943 947 954 1295 1300 1304 1308 1484 1486 1750 5991 8720
NODE_NUM = 100
FILE arbiter_sub_58.aig

# Subcircuit 59
SUB_ID 59
LO (8):  628 965 967 1295 1300 5952 9024 9150
LI (52):  93 94 95 220 221 627 966 971 975 979 983 987 991 995 999 1003 1007 1011 1015 1019 1023 1027 1031 1035 1039 1043 1047 1051 1055 1059 1068 1072 1076 1080 1084 1088 1092 1096 1100 1104 1108 1112 1116 1120 1124 1128 1132 1136 1574 1576 1837 5907
NODE_NUM = 99
FILE arbiter_sub_59.aig

# Subcircuit 60
SUB_ID 60
LO (8):  627 632 963 1302 1304 6169 8979 9066
LI (98):  94 95 96 221 222 632 636 640 644 648 652 656 660 664 668 672 676 680 684 688 692 696 700 704 708 712 716 720 731 735 739 743 747 751 755 759 763 767 771 775 779 783 787 791 795 799 803 807 811 815 819 823 827 831 835 839 843 847 851 855 859 863 867 871 875 879 883 887 891 895 899 903 907 911 915 919 923 927 931 935 939 943 947 951 955 962 967 971 975 979 983 987 1303 1484 1486 1750 6162 8978
NODE_NUM = 100
FILE arbiter_sub_60.aig

# Subcircuit 61
SUB_ID 61
LO (9):  636 973 975 1303 1308 2357 3379 9267 9408
LI (39):  96 97 98 223 224 635 974 979 983 987 991 995 999 1003 1007 1011 1015 1019 1023 1027 1031 1035 1039 1043 1047 1051 1055 1059 1068 1072 1076 1080 1084 1574 1576 1837 2325 2356 3349
NODE_NUM = 100
FILE arbiter_sub_61.aig

# Subcircuit 62
SUB_ID 62
LO (10):  635 640 971 1310 1312 2325 3349 5998 9237 9326
LI (96):  97 98 99 224 225 640 644 648 652 656 660 664 668 672 676 680 684 688 692 696 700 704 708 712 716 720 731 735 739 743 747 751 755 759 763 767 771 775 779 783 787 791 795 799 803 807 811 815 819 823 827 831 835 839 843 847 851 855 859 863 867 871 875 879 883 887 891 895 899 903 907 911 915 919 923 927 931 935 939 943 947 951 955 959 963 970 1311 1316 1320 1484 1486 1750 2324 3348 5995 9236
NODE_NUM = 100
FILE arbiter_sub_62.aig

# Subcircuit 63
SUB_ID 63
LO (9):  644 981 983 1311 1316 2615 3637 9525 9666
LI (39):  99 100 101 226 227 643 982 987 991 995 999 1003 1007 1011 1015 1019 1023 1027 1031 1035 1039 1043 1047 1051 1055 1059 1068 1072 1076 1080 1084 1088 1092 1574 1576 1837 2583 2614 3607
NODE_NUM = 100
FILE arbiter_sub_63.aig

# Subcircuit 64
SUB_ID 64
LO (11):  643 648 979 1318 1320 2583 3607 4631 9495 9582 12176
LI (98):  100 101 102 227 228 648 652 656 659 660 664 668 672 676 680 684 688 692 696 700 704 708 712 716 720 731 735 739 743 747 751 755 759 763 767 771 775 779 783 787 791 795 799 803 807 811 815 819 823 827 831 835 839 843 847 851 855 859 863 867 871 875 879 883 887 891 895 899 903 907 911 915 919 923 927 931 935 939 943 947 951 955 959 963 967 971 978 1319 1484 1486 1750 2582 3606 4630 9494 12164 12166 12175
NODE_NUM = 100
FILE arbiter_sub_64.aig

# Subcircuit 65
SUB_ID 65
LO (9):  652 989 991 1319 1324 4679 6000 9797 9924
LI (54):  102 103 104 229 230 651 990 995 999 1003 1007 1011 1015 1019 1023 1027 1031 1035 1039 1043 1047 1051 1055 1059 1068 1072 1076 1080 1084 1088 1092 1096 1100 1104 1108 1112 1116 1120 1124 1128 1132 1136 1140 1144 1148 1152 1156 1328 1574 1576 1837 4633 4678 5998
NODE_NUM = 100
FILE arbiter_sub_65.aig

# Subcircuit 66
SUB_ID 66
LO (9):  651 656 987 1326 1328 4633 6258 9753 9842
LI (95):  103 104 105 230 231 656 660 664 668 672 676 680 684 688 692 696 700 704 708 712 716 720 731 735 739 743 747 751 755 759 763 767 771 775 779 783 787 791 795 799 803 807 811 815 819 823 827 831 835 839 843 847 851 855 859 863 867 871 875 879 883 887 891 895 899 903 907 911 915 919 923 927 931 935 939 943 947 951 955 959 963 967 971 975 979 986 1327 1332 1336 1484 1486 1750 4632 6255 9752
NODE_NUM = 99
FILE arbiter_sub_66.aig

# Subcircuit 67
SUB_ID 67
LO (9):  660 997 999 1327 1332 6055 6189 10029 10182
LI (79):  105 106 107 232 233 392 396 400 404 408 412 416 420 424 428 432 436 440 444 448 452 456 460 464 468 472 476 480 484 488 492 496 500 504 508 512 516 520 524 528 659 998 1003 1007 1011 1015 1019 1023 1027 1031 1035 1039 1043 1047 1051 1055 1059 1336 1340 1344 1348 1352 1356 1360 1364 1368 1372 1376 1380 1384 1388 1392 1396 1574 1576 1663 6000 6054 6171
NODE_NUM = 99
FILE arbiter_sub_67.aig

# Subcircuit 68
SUB_ID 68
LO (9):  659 664 995 1334 1336 6171 6432 10011 10098
LI (98):  106 107 108 233 234 664 668 672 676 680 684 688 692 696 700 704 708 712 716 720 731 735 739 743 747 751 755 759 763 767 771 775 779 783 787 791 795 799 803 807 811 815 819 823 827 831 835 839 843 847 851 855 859 863 867 871 875 879 883 887 891 895 899 903 907 911 915 919 923 927 931 935 939 943 947 951 955 959 963 967 971 975 979 983 987 994 999 1003 1007 1011 1015 1335 1484 1486 1750 6170 6426 10010
NODE_NUM = 100
FILE arbiter_sub_68.aig

# Subcircuit 69
SUB_ID 69
LO (9):  668 1005 1007 1335 1340 3131 4412 10300 10440
LI (40):  108 109 110 235 236 667 1006 1011 1015 1019 1023 1027 1031 1035 1039 1043 1047 1051 1055 1059 1068 1072 1076 1080 1084 1088 1092 1096 1100 1104 1108 1112 1116 1120 1574 1576 1837 3101 3130 4381
NODE_NUM = 100
FILE arbiter_sub_69.aig

# Subcircuit 70
SUB_ID 70
LO (10):  667 672 1003 1342 1344 3101 4381 6262 10269 10358
LI (96):  109 110 111 236 237 672 676 680 684 688 692 696 700 704 708 712 716 720 731 735 739 743 747 751 755 759 763 767 771 775 779 783 787 791 795 799 803 807 811 815 819 823 827 831 835 839 843 847 851 855 859 863 867 871 875 879 883 887 891 895 899 903 907 911 915 919 923 927 931 935 939 943 947 951 955 959 963 967 971 975 979 983 987 991 995 1002 1343 1348 1352 1484 1486 1750 3100 4380 6259 10268
NODE_NUM = 100
FILE arbiter_sub_70.aig

# Subcircuit 71
SUB_ID 71
LO (9):  676 1013 1015 1343 1348 6571 6705 10545 10698
LI (79):  111 112 113 238 239 392 396 400 404 408 412 416 420 424 428 432 436 440 444 448 452 456 460 464 468 472 476 480 484 488 492 496 500 504 508 512 516 520 524 528 532 536 540 544 675 1014 1019 1023 1027 1031 1035 1039 1043 1047 1051 1055 1059 1068 1072 1076 1352 1356 1360 1364 1368 1372 1376 1380 1384 1388 1392 1396 1574 1576 1663 1837 6516 6570 6687
NODE_NUM = 99
FILE arbiter_sub_71.aig

# Subcircuit 72
SUB_ID 72
LO (10):  675 680 1011 1350 1352 6687 6776 10527 10616 12166
LI (96):  112 113 114 239 240 680 684 688 691 692 696 700 704 708 712 716 720 731 735 739 743 747 751 755 759 763 767 771 775 779 783 787 791 795 799 803 807 811 815 819 823 827 831 835 839 843 847 851 855 859 863 867 871 875 879 883 887 891 895 899 903 907 911 915 919 923 927 931 935 939 943 947 951 955 959 963 967 971 975 979 983 987 991 995 999 1003 1010 1351 1356 1360 1484 1486 1750 6686 6773 10526
NODE_NUM = 100
FILE arbiter_sub_72.aig

# Subcircuit 73
SUB_ID 73
LO (9):  684 1021 1023 1351 1356 4937 6276 10823 10956
LI (60):  114 115 116 241 242 392 396 683 1022 1027 1031 1035 1039 1043 1047 1051 1055 1059 1068 1072 1076 1080 1084 1088 1092 1096 1100 1104 1108 1112 1116 1120 1124 1128 1132 1136 1140 1144 1148 1152 1156 1160 1164 1360 1364 1368 1372 1376 1380 1384 1388 1392 1396 1574 1576 1663 1837 4897 4936 6262
NODE_NUM = 100
FILE arbiter_sub_73.aig

# Subcircuit 74
SUB_ID 74
LO (9):  683 688 1019 1358 1360 4897 6438 10785 10872
LI (98):  115 116 117 242 243 688 692 696 700 704 708 712 716 720 731 735 739 743 747 751 755 759 763 767 771 775 779 783 787 791 795 799 803 807 811 815 819 823 827 831 835 839 843 847 851 855 859 863 867 871 875 879 883 887 891 895 899 903 907 911 915 919 923 927 931 935 939 943 947 951 955 959 963 967 971 975 979 983 987 991 995 999 1003 1007 1011 1018 1023 1027 1031 1035 1039 1359 1484 1486 1750 4896 6432 10784
NODE_NUM = 100
FILE arbiter_sub_74.aig

# Subcircuit 75
SUB_ID 75
LO (9):  692 1029 1031 1359 1364 2873 5190 11078 11214
LI (44):  117 118 119 244 245 691 1030 1035 1039 1043 1047 1051 1055 1059 1068 1072 1076 1080 1084 1088 1092 1096 1100 1104 1108 1112 1116 1120 1124 1128 1132 1136 1140 1144 1148 1152 1156 1160 1574 1576 1837 2851 2872 5155
NODE_NUM = 100
FILE arbiter_sub_75.aig

# Subcircuit 76
SUB_ID 76
LO (10):  691 696 1027 1366 1368 2851 5155 6780 11043 11132
LI (96):  118 119 120 245 246 696 700 704 708 712 716 720 731 735 739 743 747 751 755 759 763 767 771 775 779 783 787 791 795 799 803 807 811 815 819 823 827 831 835 839 843 847 851 855 859 863 867 871 875 879 883 887 891 895 899 903 907 911 915 919 923 927 931 935 939 943 947 951 955 959 963 967 971 975 979 983 987 991 995 999 1003 1007 1011 1015 1019 1026 1367 1372 1376 1484 1486 1750 2850 5154 6777 11042
NODE_NUM = 100
FILE arbiter_sub_76.aig

# Subcircuit 77
SUB_ID 77
LO (9):  700 1037 1039 1367 1372 3905 5445 11333 11472
LI (41):  120 121 122 247 248 699 1038 1043 1047 1051 1055 1059 1068 1072 1076 1080 1084 1088 1092 1096 1100 1104 1108 1112 1116 1120 1124 1128 1132 1136 1140 1144 1148 1152 1156 1574 1576 1837 3877 3904 5413
NODE_NUM = 100
FILE arbiter_sub_77.aig

# Subcircuit 78
SUB_ID 78
LO (10):  699 704 1035 1374 1376 3877 5413 7038 11301 11390
LI (96):  121 122 123 248 249 704 708 712 716 720 731 735 739 743 747 751 755 759 763 767 771 775 779 783 787 791 795 799 803 807 811 815 819 823 827 831 835 839 843 847 851 855 859 863 867 871 875 879 883 887 891 895 899 903 907 911 915 919 923 927 931 935 939 943 947 951 955 959 963 967 971 975 979 983 987 991 995 999 1003 1007 1011 1015 1019 1023 1027 1034 1375 1380 1384 1484 1486 1750 3876 5412 7035 11300
NODE_NUM = 100
FILE arbiter_sub_78.aig

# Subcircuit 79
SUB_ID 79
LO (9):  708 1045 1047 1375 1380 6485 6782 11603 11730
LI (54):  123 124 125 250 251 707 1046 1051 1055 1059 1068 1072 1076 1080 1084 1088 1092 1096 1100 1104 1108 1112 1116 1120 1124 1128 1132 1136 1140 1144 1148 1152 1156 1160 1164 1168 1172 1176 1180 1184 1188 1192 1196 1200 1204 1208 1212 1384 1574 1576 1837 6439 6484 6780
NODE_NUM = 100
FILE arbiter_sub_79.aig

# Subcircuit 80
SUB_ID 80
LO (10):  707 712 1043 1382 1384 6439 7210 11559 11646 12164
LI (98):  124 125 126 251 252 712 716 720 731 734 735 739 743 747 751 755 759 763 767 771 775 779 783 787 791 795 799 803 807 811 815 819 823 827 831 835 839 843 847 851 855 859 863 867 871 875 879 883 887 891 895 899 903 907 911 915 919 923 927 931 935 939 943 947 951 955 959 963 967 971 975 979 983 987 991 995 999 1003 1007 1011 1015 1019 1023 1027 1031 1035 1042 1047 1051 1055 1383 1484 1486 1750 6438 7206 11558 12163
NODE_NUM = 100
FILE arbiter_sub_80.aig

# Subcircuit 81
SUB_ID 81
LO (9):  716 1053 1055 1383 1388 5539 6829 11818 11988
LI (55):  126 127 128 253 254 392 396 400 404 408 412 416 420 424 428 432 436 440 444 448 452 456 460 464 468 472 476 480 484 488 492 496 500 504 508 512 516 520 524 528 532 536 540 544 548 552 715 1054 1392 1396 1663 5502 5538 6782 6828
NODE_NUM = 92
FILE arbiter_sub_81.aig

# Subcircuit 82
SUB_ID 82
LO (8):  715 720 1051 1390 1392 7043 11817 11907
LI (95):  1 127 128 254 255 392 720 731 735 739 743 747 751 755 759 763 767 771 775 779 783 787 791 795 799 803 807 811 815 819 823 827 831 835 839 843 847 851 855 859 863 867 871 875 879 883 887 891 895 899 903 907 911 915 919 923 927 931 935 939 943 947 951 955 959 963 967 971 975 979 983 987 991 995 999 1003 1007 1011 1015 1019 1023 1027 1031 1035 1039 1043 1050 1391 1396 1484 1486 1663 1750 7039 11816
NODE_NUM = 100
FILE arbiter_sub_82.aig

# Subcircuit 83
SUB_ID 83
LO (9):  723 1062 1391 1396 1483 1484 1574 7255 12119
LI (51):  1 2 3 129 130 256 1068 1072 1076 1080 1084 1088 1092 1096 1100 1104 1108 1112 1116 1120 1124 1128 1132 1136 1140 1144 1148 1152 1156 1160 1164 1168 1172 1176 1180 1184 1188 1192 1196 1200 1204 1208 1212 1216 1220 1224 1228 1573 1576 1837 7211
NODE_NUM = 99
FILE arbiter_sub_83.aig

# Subcircuit 84
SUB_ID 84
LO (12):  727 731 734 738 742 747 750 754 1401 1929 12075 12163
LI (104):  5 6 7 8 9 11 12 13 14 15 132 133 135 136 138 139 141 142 395 411 416 735 739 743 747 751 755 759 763 766 767 771 775 779 783 787 791 795 799 803 807 811 815 819 823 827 831 835 839 843 847 851 855 859 863 867 871 875 879 883 887 891 895 899 903 907 911 915 919 923 927 931 935 939 943 947 951 955 959 963 967 971 975 979 983 987 991 995 999 1003 1007 1011 1015 1019 1023 1027 1031 1035 1039 1043 1047 1051 11992 12074
NODE_NUM = 100
FILE arbiter_sub_84.aig

# Subcircuit 85
SUB_ID 85
LO (59):  758 762 766 770 774 778 782 786 790 794 798 802 806 810 814 818 822 826 830 834 838 842 846 850 854 858 862 866 870 874 878 882 886 890 894 898 902 906 910 914 918 922 926 930 934 938 942 946 950 954 958 962 966 970 974 978 982 12175 12223
LI (123):  17 18 20 21 23 24 26 27 29 30 32 33 35 36 38 39 41 42 44 45 47 48 50 51 53 54 56 57 59 60 62 63 65 66 68 69 71 72 74 75 77 78 80 81 83 84 86 87 89 90 92 93 95 96 98 99 144 145 147 148 150 151 153 154 156 157 159 160 162 163 165 166 168 169 171 172 174 175 177 178 180 181 183 184 186 187 189 190 192 193 195 196 198 199 201 202 204 205 207 208 210 211 213 214 216 217 219 220 222 223 225 226 228 229 990 12170 12171 12173 12207 12209 12210 12212 12221
NODE_NUM = 100
FILE arbiter_sub_85.aig

# Subcircuit 86
SUB_ID 86
LO (24):  986 990 994 998 1002 1006 1010 1014 1018 1022 1026 1030 1034 1038 1042 1046 1050 1054 1058 1059 7211 7517 12209 12221
LI (93):  1 2 101 102 104 105 107 108 110 111 113 114 116 117 119 120 122 123 125 126 128 229 231 232 234 235 237 238 240 241 243 244 246 247 249 250 252 253 255 256 1068 1072 1076 1080 1084 1088 1092 1096 1100 1104 1108 1112 1116 1120 1124 1128 1132 1136 1140 1144 1148 1152 1156 1160 1164 1168 1172 1176 1180 1184 1188 1192 1196 1200 1204 1208 1212 1216 1220 1224 1228 1232 1236 1240 1244 1574 1576 1837 7210 7466 7516 12217 12219
NODE_NUM = 85
FILE arbiter_sub_86.aig

# Subcircuit 87
SUB_ID 87
LO (5):  1076 1582 4163 6227 7001
LI (47):  11 1075 1080 1084 1088 1092 1096 1100 1104 1108 1112 1116 1120 1124 1128 1132 1136 1140 1144 1148 1152 1156 1160 1164 1168 1172 1176 1180 1184 1188 1192 1196 1200 1204 1208 1212 1216 1220 1224 1228 1581 4144 4162 6192 6226 6960 7000
NODE_NUM = 94
FILE arbiter_sub_87.aig

# Subcircuit 88
SUB_ID 88
LO (3):  1489 1576 7775
LI (54):  5 132 726 1068 1072 1076 1080 1084 1088 1092 1096 1100 1104 1108 1112 1116 1120 1124 1128 1132 1136 1140 1144 1148 1152 1156 1160 1164 1168 1172 1176 1180 1184 1188 1192 1196 1200 1204 1208 1212 1216 1220 1224 1228 1232 1236 1240 1244 1248 1252 1488 1837 7724 7774
NODE_NUM = 52
FILE arbiter_sub_88.aig

# Subcircuit 89
SUB_ID 89
LO (36):  1579 1581 1846 2012 2098 2105 2362 2528 2536 2614 2623 2786 2872 2881 3044 3055 3130 3139 3168 3302 3389 3398 3560 3647 3657 3664 3818 3831 3904 3918 4076 4089 4162 4177 4185 4334
LI (103):  133 138 139 144 145 147 148 150 151 153 154 156 157 159 160 162 163 165 399 741 757 765 773 781 789 791 797 805 811 813 815 819 823 827 831 835 839 843 847 851 855 859 1071 1078 1088 1092 1094 1096 1100 1102 1104 1108 1110 1112 1116 1118 1120 1124 1126 1128 1132 1134 1136 1140 1142 1144 1148 1152 1156 1160 1164 1168 1172 1176 1180 1184 1188 1192 1196 1200 1204 1236 1264 1578 1845 2104 2360 2535 2622 2877 3053 3138 3167 3379 3392 3637 3650 3663 3820 3909 4085 4167 4184
NODE_NUM = 100
FILE arbiter_sub_89.aig

# Subcircuit 90
SUB_ID 90
LO (17):  4421 4434 4592 4605 4632 4678 4692 4850 4863 4874 4936 4950 5108 5195 5210 5366 5453
LI (73):  166 168 169 171 172 174 175 177 178 821 829 835 837 839 843 845 847 851 855 859 863 867 871 875 879 883 923 927 983 1124 1128 1132 1136 1140 1144 1148 1150 1158 1160 1164 1166 1168 1172 1174 1176 1180 1182 1184 1188 1192 1196 1200 1204 1208 1212 1216 1220 1224 1228 1232 1236 1240 4412 4424 4594 4631 4683 4852 4872 4941 5190 5199 5445
NODE_NUM = 92
FILE arbiter_sub_90.aig

# Subcircuit 91
SUB_ID 91
LO (9):  5469 5473 5624 5644 5711 5731 5882 5902 5969
LI (74):  180 181 183 184 853 861 875 879 883 887 891 895 899 903 907 911 915 919 923 927 931 935 939 943 1116 1120 1124 1128 1132 1136 1140 1144 1148 1152 1156 1160 1164 1168 1172 1176 1180 1184 1188 1190 1192 1196 1198 1200 1204 1208 1212 1216 1220 1224 1228 1232 1236 1240 1244 1248 1252 1256 1260 1264 1268 1272 1276 5455 5471 5634 5690 5715 5884 5952
NODE_NUM = 100
FILE arbiter_sub_91.aig

# Subcircuit 92
SUB_ID 92
LO (10):  5991 6140 6162 6170 6192 6226 6255 6259 6313 6398
LI (92):  186 187 189 400 404 408 412 416 420 424 428 432 436 440 444 448 452 456 460 464 468 472 476 480 484 488 492 496 500 504 508 512 516 520 524 528 532 536 869 877 915 919 923 927 931 935 939 943 947 951 955 959 991 1068 1072 1206 1224 1228 1232 1236 1240 1244 1248 1252 1256 1260 1264 1268 1272 1276 1280 1284 1288 1292 1296 1300 1304 1308 1312 1316 1320 1324 1340 1837 5973 6150 6169 6189 6231 6258 6276 6312
NODE_NUM = 98
FILE arbiter_sub_92.aig

# Subcircuit 93
SUB_ID 93
LO (6):  6426 6484 6516 6656 6686 6729
LI (88):  190 192 885 899 903 907 911 915 919 923 927 931 935 939 943 947 951 955 959 963 967 971 975 979 983 987 991 995 999 1003 1007 1080 1084 1088 1092 1096 1100 1104 1108 1112 1116 1120 1124 1128 1132 1136 1140 1144 1148 1152 1156 1160 1164 1168 1172 1214 1236 1240 1244 1248 1252 1256 1260 1264 1268 1272 1276 1280 1284 1288 1292 1296 1300 1304 1308 1312 1316 1320 1324 1328 1332 1336 1340 1344 6408 6488 6658 6705
NODE_NUM = 100
FILE arbiter_sub_93.aig

# Subcircuit 94
SUB_ID 94
LO (8):  6743 6773 6777 6914 7000 7035 7039 7068
LI (82):  193 195 196 396 400 404 408 412 416 420 424 428 432 436 440 444 448 452 456 460 464 468 472 476 480 484 488 492 893 1176 1180 1184 1188 1192 1196 1200 1204 1208 1212 1216 1220 1222 1230 1248 1252 1256 1260 1264 1268 1272 1276 1280 1284 1288 1292 1296 1300 1304 1308 1312 1316 1320 1324 1328 1332 1336 1340 1344 1348 1352 1356 1360 1364 1368 1372 1388 6729 6747 6776 7004 7038 7043
NODE_NUM = 100
FILE arbiter_sub_94.aig

# Subcircuit 95
SUB_ID 95
LO (5):  7087 7172 7206 7259 7308
LI (105):  198 199 392 396 400 404 408 412 416 420 424 428 496 500 504 508 512 516 520 524 528 532 536 540 544 548 552 556 560 901 915 919 923 927 931 935 939 943 947 951 955 959 963 967 971 975 979 983 987 991 995 999 1003 1007 1011 1015 1019 1023 1027 1031 1035 1039 1232 1236 1238 1264 1268 1272 1276 1280 1284 1288 1292 1296 1300 1304 1308 1312 1316 1320 1324 1328 1332 1336 1340 1344 1348 1352 1356 1360 1364 1368 1372 1376 1380 1384 1388 1392 1396 1663 7068 7086 7174 7255 7263
NODE_NUM = 100
FILE arbiter_sub_95.aig

# Subcircuit 96
SUB_ID 96
LO (5):  7345 7430 7466 7516 7561
LI (105):  201 202 392 396 400 404 408 412 416 432 436 440 444 448 452 456 460 464 468 472 476 480 484 488 492 496 500 504 508 512 516 520 524 528 532 536 540 544 548 552 556 560 564 568 909 979 983 987 991 995 999 1003 1007 1011 1015 1019 1023 1027 1031 1035 1039 1043 1047 1051 1055 1246 1264 1268 1272 1276 1280 1284 1288 1292 1296 1300 1304 1308 1312 1316 1320 1324 1328 1332 1336 1340 1344 1348 1352 1356 1360 1364 1368 1372 1376 1380 1384 1388 1392 1396 1663 7308 7344 7446 7519
NODE_NUM = 100
FILE arbiter_sub_96.aig

# Subcircuit 97
SUB_ID 97
LO (5):  7603 7688 7724 7774 7816
LI (89):  204 205 392 396 400 404 408 412 420 424 428 432 436 440 444 448 452 456 460 464 468 472 476 480 484 488 492 496 500 504 508 512 516 520 524 528 532 536 540 544 548 552 556 560 564 568 572 576 917 1254 1268 1272 1276 1280 1284 1288 1292 1296 1300 1304 1308 1312 1316 1320 1324 1328 1332 1336 1340 1344 1348 1352 1356 1360 1364 1368 1372 1376 1380 1384 1388 1392 1396 1574 1663 7561 7602 7723 7776
NODE_NUM = 84
FILE arbiter_sub_97.aig

# Subcircuit 98
SUB_ID 98
LO (3):  7861 7946 8023
LI (103):  207 416 420 424 428 432 436 440 444 448 452 456 460 464 468 472 476 480 484 488 492 496 500 504 508 512 516 520 524 528 532 536 540 544 548 552 556 560 564 568 572 576 580 584 925 1019 1023 1027 1031 1035 1039 1043 1047 1051 1055 1059 1068 1072 1076 1080 1084 1088 1092 1096 1100 1104 1108 1112 1116 1120 1124 1128 1132 1136 1140 1144 1148 1152 1156 1160 1164 1168 1172 1176 1180 1184 1188 1192 1196 1200 1204 1208 1212 1216 1220 1224 1228 1574 1576 1837 7816 7860 7968
NODE_NUM = 100
FILE arbiter_sub_98.aig

# Subcircuit 99
SUB_ID 99
LO (4):  8033 8119 8204 8257
LI (104):  208 210 392 396 400 404 408 412 416 420 424 428 432 436 440 444 448 452 456 460 464 468 472 476 480 484 488 492 496 500 504 508 512 516 520 524 528 532 536 540 544 548 552 556 560 564 568 572 576 580 584 588 592 933 1116 1120 1124 1128 1132 1136 1140 1232 1236 1240 1244 1248 1252 1256 1260 1262 1284 1288 1292 1296 1300 1304 1308 1312 1316 1320 1324 1328 1332 1336 1340 1344 1348 1352 1356 1360 1364 1368 1372 1376 1380 1384 1388 1392 1396 1663 8023 8036 8118 8250
NODE_NUM = 100
FILE arbiter_sub_99.aig

# Subcircuit 100
SUB_ID 100
LO (2):  8291 8360
LI (102):  211 392 396 400 404 408 412 416 420 424 428 432 436 440 444 448 452 456 460 464 468 472 476 480 484 488 492 496 500 504 508 512 516 520 524 528 532 536 540 1144 1148 1152 1156 1160 1164 1168 1172 1176 1180 1184 1188 1192 1196 1200 1204 1208 1212 1216 1220 1224 1228 1232 1236 1240 1244 1248 1252 1256 1260 1264 1268 1270 1292 1296 1300 1304 1308 1312 1316 1320 1324 1328 1332 1336 1340 1344 1348 1352 1356 1360 1364 1368 1372 1376 1380 1384 1388 1392 1396 1663 8257 8294
NODE_NUM = 100
FILE arbiter_sub_100.aig

# Subcircuit 101
SUB_ID 101
LO (4):  8377 8462 8549 8579
LI (104):  213 214 392 544 548 552 556 560 564 568 572 576 580 584 588 592 596 600 941 1072 1076 1080 1084 1088 1092 1096 1100 1104 1108 1112 1116 1120 1124 1128 1132 1136 1140 1144 1148 1152 1156 1160 1164 1168 1172 1176 1180 1184 1188 1192 1196 1200 1204 1208 1212 1216 1220 1224 1228 1232 1236 1240 1244 1248 1252 1256 1260 1264 1268 1272 1276 1278 1292 1296 1300 1304 1308 1312 1316 1320 1324 1328 1332 1336 1340 1344 1348 1352 1356 1360 1364 1368 1372 1376 1380 1384 1388 1392 1396 1663 8360 8376 8495 8550
NODE_NUM = 100
FILE arbiter_sub_101.aig

# Subcircuit 102
SUB_ID 102
LO (3):  8635 8720 8766
LI (103):  216 396 400 404 408 412 416 420 424 428 432 436 440 444 448 452 456 460 464 468 472 476 480 484 488 492 496 500 504 508 512 516 520 524 528 532 536 540 544 548 552 556 560 564 568 572 576 580 584 588 592 596 600 604 608 949 963 967 971 975 979 983 987 991 995 999 1003 1007 1011 1015 1019 1023 1027 1031 1035 1039 1043 1047 1051 1055 1059 1068 1072 1076 1080 1084 1088 1092 1096 1100 1104 1108 1112 1116 1120 1124 1128 1574 1576 1837 8579 8634 8722
NODE_NUM = 100
FILE arbiter_sub_102.aig

# Subcircuit 103
SUB_ID 103
LO (2):  8807 8870
LI (102):  217 392 396 400 404 408 412 416 420 424 428 432 436 440 444 448 452 456 460 464 468 472 476 480 484 488 492 496 500 504 508 512 516 520 524 528 532 1132 1136 1140 1144 1148 1152 1156 1160 1164 1168 1172 1176 1180 1184 1188 1192 1196 1200 1204 1208 1212 1216 1220 1224 1228 1232 1236 1240 1244 1248 1252 1256 1260 1264 1268 1272 1276 1280 1284 1286 1312 1316 1320 1324 1328 1332 1336 1340 1344 1348 1352 1356 1360 1364 1368 1372 1376 1380 1384 1388 1392 1396 1663 8766 8811
NODE_NUM = 100
FILE arbiter_sub_103.aig

# Subcircuit 104
SUB_ID 104
LO (4):  8893 8978 9065 9102
LI (104):  219 220 392 396 400 404 408 412 416 420 424 428 432 436 536 540 544 548 552 556 560 564 568 572 576 580 584 588 592 596 600 604 608 612 616 957 1140 1144 1148 1152 1156 1160 1164 1168 1172 1176 1180 1184 1188 1192 1196 1200 1204 1208 1212 1216 1220 1224 1228 1232 1236 1240 1244 1248 1252 1256 1260 1264 1268 1272 1276 1280 1284 1288 1292 1294 1308 1312 1316 1320 1324 1328 1332 1336 1340 1344 1348 1352 1356 1360 1364 1368 1372 1376 1380 1384 1388 1392 1396 1663 8870 8892 9024 9066
NODE_NUM = 100
FILE arbiter_sub_104.aig

# Subcircuit 105
SUB_ID 105
LO (3):  9151 9236 9318
LI (103):  222 440 444 448 452 456 460 464 468 472 476 480 484 488 492 496 500 504 508 512 516 520 524 528 532 536 540 544 548 552 556 560 564 568 572 576 580 584 588 592 596 600 604 608 612 616 620 624 965 1088 1092 1096 1100 1104 1108 1112 1116 1120 1124 1128 1132 1136 1140 1144 1148 1152 1156 1160 1164 1168 1172 1176 1180 1184 1188 1192 1196 1200 1204 1208 1212 1216 1220 1224 1228 1232 1236 1240 1244 1248 1252 1256 1260 1264 1268 1272 1276 1280 1284 1288 9102 9150 9267
NODE_NUM = 100
FILE arbiter_sub_105.aig

# Subcircuit 106
SUB_ID 106
LO (4):  9323 9409 9494 9537
LI (104):  223 225 392 396 400 404 408 412 416 420 424 428 432 436 440 444 448 452 456 460 464 468 472 476 480 484 488 492 496 500 504 508 512 516 520 524 528 532 536 540 544 548 552 556 560 564 568 572 576 580 584 588 592 596 600 604 608 612 616 620 624 628 632 973 1096 1100 1104 1108 1112 1116 1120 1124 1128 1132 1136 1140 1292 1296 1300 1302 1324 1328 1332 1336 1340 1344 1348 1352 1356 1360 1364 1368 1372 1376 1380 1384 1388 1392 1396 1663 9318 9326 9408 9525
NODE_NUM = 100
FILE arbiter_sub_106.aig

# Subcircuit 107
SUB_ID 107
LO (2):  9581 9638
LI (102):  226 392 396 400 404 408 412 416 420 424 428 432 436 440 444 448 452 456 460 464 468 472 476 480 484 488 492 496 500 504 508 512 516 520 524 528 532 1144 1148 1152 1156 1160 1164 1168 1172 1176 1180 1184 1188 1192 1196 1200 1204 1208 1212 1216 1220 1224 1228 1232 1236 1240 1244 1248 1252 1256 1260 1264 1268 1272 1276 1280 1284 1288 1292 1296 1300 1304 1308 1310 1324 1328 1332 1336 1340 1344 1348 1352 1356 1360 1364 1368 1372 1376 1380 1384 1388 1392 1396 1663 9537 9582
NODE_NUM = 100
FILE arbiter_sub_107.aig

# Subcircuit 108
SUB_ID 108
LO (4):  9667 9752 9839 9871
LI (104):  228 229 392 396 400 404 408 412 416 420 424 428 432 436 440 536 540 544 548 552 556 560 564 568 572 576 580 584 588 592 596 600 604 608 612 616 620 624 628 632 636 640 981 1160 1164 1168 1172 1176 1180 1184 1188 1192 1196 1200 1204 1208 1212 1216 1220 1224 1228 1232 1236 1240 1244 1248 1252 1256 1260 1264 1268 1272 1276 1280 1284 1288 1292 1296 1300 1304 1308 1312 1316 1318 1340 1344 1348 1352 1356 1360 1364 1368 1372 1376 1380 1384 1388 1392 1396 1663 9638 9666 9797 9842
NODE_NUM = 100
FILE arbiter_sub_108.aig

# Subcircuit 109
SUB_ID 109
LO (3):  9925 10010 10075
LI (103):  231 444 448 452 456 460 464 468 472 476 480 484 488 492 496 500 504 508 512 516 520 524 528 532 536 540 544 548 552 556 560 564 568 572 576 580 584 588 592 596 600 604 608 612 616 620 624 628 632 636 640 644 648 989 1068 1072 1076 1080 1084 1088 1092 1096 1100 1104 1108 1112 1116 1120 1124 1128 1132 1136 1140 1144 1148 1152 1156 1160 1164 1168 1172 1176 1180 1184 1188 1192 1196 1200 1204 1208 1212 1216 1220 1224 1228 1232 1236 1240 1244 1837 9871 9924 10029
NODE_NUM = 100
FILE arbiter_sub_109.aig

# Subcircuit 110
SUB_ID 110
LO (2):  10097 10176
LI (102):  232 392 396 400 404 408 412 416 420 424 428 432 436 440 444 448 452 456 460 464 468 472 476 480 484 488 492 496 500 504 508 512 516 520 524 528 532 536 540 544 548 552 556 560 564 568 572 576 580 584 588 592 596 600 604 608 612 616 620 624 628 632 636 1248 1252 1256 1260 1264 1268 1272 1276 1280 1284 1288 1292 1296 1300 1304 1308 1312 1316 1320 1324 1326 1340 1344 1348 1352 1356 1360 1364 1368 1372 1376 1380 1384 1388 1392 1396 1663 10075 10098
NODE_NUM = 100
FILE arbiter_sub_110.aig

# Subcircuit 111
SUB_ID 111
LO (4):  10183 10268 10355 10396
LI (104):  234 235 392 396 400 404 408 412 416 420 424 428 432 436 440 444 448 452 456 460 464 468 472 476 480 484 488 492 640 644 648 652 656 997 1124 1128 1132 1136 1140 1144 1148 1152 1156 1160 1164 1168 1172 1176 1180 1184 1188 1192 1196 1200 1204 1208 1212 1216 1220 1224 1228 1232 1236 1240 1244 1248 1252 1256 1260 1264 1268 1272 1276 1280 1284 1288 1292 1296 1300 1304 1308 1312 1316 1320 1324 1328 1332 1334 1356 1360 1364 1368 1372 1376 1380 1384 1388 1392 1396 1663 10176 10182 10300 10358
NODE_NUM = 100
FILE arbiter_sub_111.aig

# Subcircuit 112
SUB_ID 112
LO (3):  10441 10526 10600
LI (103):  237 496 500 504 508 512 516 520 524 528 532 536 540 544 548 552 556 560 564 568 572 576 580 584 588 592 596 600 604 608 612 616 620 624 628 632 636 640 644 648 652 656 660 664 1005 1080 1084 1088 1092 1096 1100 1104 1108 1112 1116 1120 1124 1128 1132 1136 1140 1144 1148 1152 1156 1160 1164 1168 1172 1176 1180 1184 1188 1192 1196 1200 1204 1208 1212 1216 1220 1224 1228 1232 1236 1240 1244 1248 1252 1256 1260 1264 1268 1272 1276 1280 1284 1288 1292 1296 10396 10440 10545
NODE_NUM = 100
FILE arbiter_sub_112.aig

# Subcircuit 113
SUB_ID 113
LO (4):  10613 10699 10784 10827
LI (104):  238 240 392 396 400 404 408 412 416 420 424 428 432 436 440 444 448 452 456 460 464 468 472 476 480 484 488 492 496 500 504 508 512 516 520 524 528 532 536 540 544 548 552 556 560 564 568 572 576 580 584 588 592 596 600 604 608 612 616 620 624 628 632 636 640 644 648 652 656 660 664 668 672 1013 1168 1172 1176 1180 1300 1304 1308 1312 1316 1320 1324 1328 1332 1336 1340 1342 1364 1368 1372 1376 1380 1384 1388 1392 1396 1663 10600 10616 10698 10823
NODE_NUM = 100
FILE arbiter_sub_113.aig

# Subcircuit 114
SUB_ID 114
LO (2):  10871 10928
LI (102):  241 392 396 400 404 408 412 416 420 424 428 432 436 440 444 448 452 456 460 464 468 472 476 480 484 488 492 496 500 504 508 512 516 520 524 528 532 536 540 544 548 552 556 560 564 568 572 1184 1188 1192 1196 1200 1204 1208 1212 1216 1220 1224 1228 1232 1236 1240 1244 1248 1252 1256 1260 1264 1268 1272 1276 1280 1284 1288 1292 1296 1300 1304 1308 1312 1316 1320 1324 1328 1332 1336 1340 1344 1348 1350 1364 1368 1372 1376 1380 1384 1388 1392 1396 1663 10827 10872
NODE_NUM = 100
FILE arbiter_sub_114.aig

# Subcircuit 115
SUB_ID 115
LO (4):  10957 11042 11129 11152
LI (104):  243 244 392 396 400 404 408 412 416 420 424 428 432 436 440 444 576 580 584 588 592 596 600 604 608 612 616 620 624 628 632 636 640 644 648 652 656 660 664 668 672 676 680 1021 1164 1168 1172 1176 1180 1184 1188 1192 1196 1200 1204 1208 1212 1216 1220 1224 1228 1232 1236 1240 1244 1248 1252 1256 1260 1264 1268 1272 1276 1280 1284 1288 1292 1296 1300 1304 1308 1312 1316 1320 1324 1328 1332 1336 1340 1344 1348 1352 1356 1358 1380 1384 1388 1392 1396 1663 10928 10956 11078 11132
NODE_NUM = 100
FILE arbiter_sub_115.aig

# Subcircuit 116
SUB_ID 116
LO (3):  11215 11300 11370
LI (103):  246 448 452 456 460 464 468 472 476 480 484 488 492 496 500 504 508 512 516 520 524 528 532 536 540 544 548 552 556 560 564 568 572 576 580 584 588 592 596 600 604 608 612 616 620 624 628 632 636 640 644 648 652 656 660 664 668 672 676 680 684 688 1029 1160 1164 1168 1172 1176 1180 1184 1188 1192 1196 1200 1204 1208 1212 1216 1220 1224 1228 1232 1236 1240 1244 1248 1252 1256 1260 1264 1268 1272 1276 1280 1284 1288 1292 1296 1300 1304 11152 11214 11333
NODE_NUM = 100
FILE arbiter_sub_116.aig

# Subcircuit 117
SUB_ID 117
LO (3):  11387 11473 11558
LI (103):  247 249 392 396 400 404 408 412 416 420 424 428 432 436 440 444 448 452 456 460 464 468 472 476 480 484 488 492 496 500 504 508 512 516 520 524 528 532 536 540 544 548 552 556 560 564 568 572 576 580 584 588 592 596 600 604 608 612 616 620 624 628 632 636 640 644 648 652 656 660 664 668 672 676 680 684 688 692 696 1037 1308 1312 1316 1320 1324 1328 1332 1336 1340 1344 1348 1352 1356 1360 1364 1366 1388 1392 1396 1663 11370 11390 11472
NODE_NUM = 100
FILE arbiter_sub_117.aig

# Subcircuit 118
SUB_ID 118
LO (2):  11645 11704
LI (102):  250 392 396 400 404 408 412 416 420 424 428 432 436 440 444 448 452 456 460 464 468 472 476 480 484 488 492 496 500 504 508 512 516 520 524 528 532 536 540 544 548 552 556 560 564 568 572 576 580 584 588 592 596 600 604 1216 1220 1224 1228 1232 1236 1240 1244 1248 1252 1256 1260 1264 1268 1272 1276 1280 1284 1288 1292 1296 1300 1304 1308 1312 1316 1320 1324 1328 1332 1336 1340 1344 1348 1352 1356 1360 1364 1368 1372 1374 1388 1392 1396 1663 11603 11646
NODE_NUM = 100
FILE arbiter_sub_118.aig

# Subcircuit 119
SUB_ID 119
LO (3):  11731 11816 11891
LI (103):  252 608 612 616 620 624 628 632 636 640 644 648 652 656 660 664 668 672 676 680 684 688 692 696 700 704 1045 1059 1068 1072 1076 1080 1084 1088 1092 1096 1100 1104 1108 1112 1116 1120 1124 1128 1132 1136 1140 1144 1148 1152 1156 1160 1164 1168 1172 1176 1180 1184 1188 1192 1196 1200 1204 1208 1212 1216 1220 1224 1228 1232 1236 1240 1244 1248 1252 1256 1260 1264 1268 1272 1276 1280 1284 1288 1292 1296 1300 1304 1308 1312 1316 1320 1324 1328 1332 1336 1340 1574 1576 1837 11704 11730 11818
NODE_NUM = 100
FILE arbiter_sub_119.aig

# Subcircuit 120
SUB_ID 120
LO (5):  11903 11989 11992 12074 12122
LI (105):  253 255 396 400 404 408 412 416 420 424 428 432 436 440 444 448 452 456 460 464 468 472 476 480 484 488 492 496 500 504 508 512 516 520 524 528 532 536 540 544 548 552 556 560 564 568 572 576 580 584 588 592 596 600 604 608 612 616 620 624 628 632 636 640 644 648 652 656 660 664 668 672 676 680 684 688 692 696 700 704 708 712 1053 1058 1232 1236 1240 1344 1348 1352 1356 1360 1364 1368 1372 1376 1380 1382 1483 1486 1750 11891 11907 11988 12119
NODE_NUM = 100
FILE arbiter_sub_120.aig

# Subcircuit 121
SUB_ID 121
LO (4):  12161 12207 12217 12219
LI (65):  256 1064 1079 1095 1111 1127 1143 1159 1175 1191 1207 1223 1239 1244 1248 1252 1255 1256 1260 1264 1268 1271 1272 1276 1280 1284 1287 1288 1292 1296 1300 1303 1304 1308 1312 1316 1319 1320 1324 1328 1332 1335 1336 1340 1344 1348 1351 1352 1356 1360 1364 1367 1368 1372 1376 1380 1383 1384 1388 1390 1483 12122 12198 12205 12206
NODE_NUM = 58
FILE arbiter_sub_121.aig

