# Subcircuit 0
SUB_ID 0
LO (13):  170 172 173 511 569 570 573 574 579 817 819 820 825
LI (19):  2 3 114 116 117 118 119 120 121 122 123 124 125 126 128 141 144 506 508
NODE_NUM = 50
FILE priority_sub_0.aig

# Subcircuit 1
SUB_ID 1
LO (5):  141 144 576 618 621
LI (20):  121 125 126 127 128 558 559 560 561 562 563 564 565 566 567 568 569 570 574 579
NODE_NUM = 50
FILE priority_sub_1.aig

# Subcircuit 2
SUB_ID 2
LO (12):  206 208 563 564 565 566 567 811 813 815 963 971
LI (15):  104 105 106 107 108 109 110 111 112 113 114 115 170 173 175
NODE_NUM = 50
FILE priority_sub_2.aig

# Subcircuit 3
SUB_ID 3
LO (12):  175 242 244 245 557 558 559 560 561 805 807 950
LI (17):  90 92 93 94 95 96 97 98 99 100 101 102 115 172 208 213 216
NODE_NUM = 43
FILE priority_sub_3.aig

# Subcircuit 4
SUB_ID 4
LO (5):  213 216 248 249 1008
LI (26):  90 91 97 98 99 100 101 102 103 206 208 242 247 913 917 921 925 929 933 937 941 945 949 953 969 973
NODE_NUM = 50
FILE priority_sub_4.aig

# Subcircuit 5
SUB_ID 5
LO (11):  247 278 280 281 551 552 553 554 799 801 949
LI (16):  78 80 81 82 83 84 85 86 87 88 89 91 244 245 249 252
NODE_NUM = 44
FILE priority_sub_5.aig

# Subcircuit 6
SUB_ID 6
LO (11):  252 308 310 311 546 547 548 549 792 795 1041
LI (16):  68 70 71 72 73 74 75 76 77 78 79 89 248 278 281 283
NODE_NUM = 46
FILE priority_sub_6.aig

# Subcircuit 7
SUB_ID 7
LO (13):  283 344 346 347 540 541 542 543 544 786 789 791 936
LI (18):  56 58 59 60 61 62 63 64 65 66 67 68 69 79 280 308 311 313
NODE_NUM = 49
FILE priority_sub_7.aig

# Subcircuit 8
SUB_ID 8
LO (13):  313 380 382 383 534 535 536 537 538 780 783 785 933
LI (18):  44 46 47 48 49 50 51 52 53 54 55 56 57 69 310 344 347 349
NODE_NUM = 50
FILE priority_sub_8.aig

# Subcircuit 9
SUB_ID 9
LO (13):  349 416 418 419 528 529 530 531 532 774 777 779 924
LI (18):  32 34 35 36 37 38 39 40 41 42 43 44 45 57 346 380 383 385
NODE_NUM = 49
FILE priority_sub_9.aig

# Subcircuit 10
SUB_ID 10
LO (12):  385 446 448 449 523 524 525 526 771 773 921 1009
LI (16):  22 24 25 26 27 28 29 30 31 32 33 45 382 416 419 421
NODE_NUM = 43
FILE priority_sub_10.aig

# Subcircuit 11
SUB_ID 11
LO (12):  421 482 484 485 517 518 519 520 521 765 767 910
LI (18):  10 12 13 14 15 16 17 18 19 20 21 22 23 33 418 446 449 451
NODE_NUM = 46
FILE priority_sub_11.aig

# Subcircuit 12
SUB_ID 12
LO (6):  451 506 508 759 909 1114
LI (21):  2 3 4 5 6 7 8 9 10 11 23 448 482 484 485 744 747 903 906 1110 1111
NODE_NUM = 48
FILE priority_sub_12.aig

# Subcircuit 13
SUB_ID 13
LO (7):  714 717 744 747 903 906 917
LI (32):  9 10 11 12 17 18 19 20 21 22 23 24 33 34 517 518 519 520 521 526 708 711 723 726 741 744 765 767 891 894 900 903
NODE_NUM = 50
FILE priority_sub_13.aig

# Subcircuit 14
SUB_ID 14
LO (4):  663 666 708 711
LI (24):  45 46 57 58 69 70 528 529 530 531 532 534 535 536 537 538 543 544 654 657 672 675 690 693
NODE_NUM = 48
FILE priority_sub_14.aig

# Subcircuit 15
SUB_ID 15
LO (5):  654 657 797 879 882
LI (21):  77 78 79 80 546 547 548 549 639 642 779 781 783 785 787 789 791 793 795 849 852
NODE_NUM = 48
FILE priority_sub_15.aig

# Subcircuit 16
SUB_ID 16
LO (9):  562 639 642 849 852 1059 1062 1063 1104
LI (28):  89 90 91 92 100 101 102 103 104 551 552 553 554 621 624 627 799 801 805 807 831 834 840 843 1046 1054 1058 1061
NODE_NUM = 49
FILE priority_sub_16.aig

# Subcircuit 17
SUB_ID 17
LO (12):  568 624 672 675 723 726 891 894 969 973 1061 1077
LI (33):  33 114 115 116 523 524 525 540 541 542 557 618 621 663 666 714 717 771 773 774 882 885 963 965 968 971 1016 1024 1032 1046 1063 1065 1070
NODE_NUM = 50
FILE priority_sub_17.aig

# Subcircuit 18
SUB_ID 18
LO (15):  781 787 793 831 834 885 913 925 929 937 941 968 1024 1031 1110
LI (49):  3 4 9 10 11 33 34 35 36 37 38 39 40 41 42 43 44 45 50 51 52 53 54 55 56 57 65 66 67 68 69 573 576 777 780 786 792 811 813 815 819 820 825 879 882 910 924 936 1107
NODE_NUM = 50
FILE priority_sub_18.aig

# Subcircuit 19
SUB_ID 19
LO (9):  945 953 965 1015 1054 1065 1105 1106 1107
LI (40):  1 18 19 20 21 22 23 65 66 67 68 69 70 71 72 73 74 75 76 80 81 82 83 84 85 86 87 88 89 90 91 113 797 817 950 1009 1059 1093 1101 1104
NODE_NUM = 37
FILE priority_sub_19.aig

# Subcircuit 20
SUB_ID 20
LO (7):  1016 1032 1046 1058 1070 1093 1111
LI (32):  17 33 34 35 36 37 38 39 40 41 42 43 44 45 46 47 48 49 65 66 67 68 69 97 98 99 963 1015 1031 1041 1062 1093
NODE_NUM = 28
FILE priority_sub_20.aig

