# Subcircuit 0
SUB_ID 0
LO (4):  387 569 1398 1663
LI (49):  2 3 130 388 392 396 400 404 408 412 416 420 424 428 432 436 440 444 448 452 456 460 464 468 472 476 480 484 488 492 496 500 504 508 512 516 520 524 528 532 536 540 544 548 552 556 560 564 568
NODE_NUM = 50
FILE arbiter_sub_0.aig

# Subcircuit 1
SUB_ID 1
LO (8):  388 392 1205 1488 1489 1578 1837 12224
LI (47):  4 5 6 131 132 403 1064 1068 1072 1076 1080 1084 1088 1092 1096 1100 1104 1108 1112 1116 1120 1124 1128 1132 1136 1140 1144 1148 1152 1156 1160 1164 1168 1172 1176 1180 1184 1188 1192 1196 1200 1204 12176 12179 12181 12190 12223
NODE_NUM = 50
FILE arbiter_sub_1.aig

# Subcircuit 2
SUB_ID 2
LO (8):  396 733 735 816 1064 1067 1511 1666
LI (27):  6 7 133 134 395 732 734 739 743 747 751 755 759 763 767 771 775 779 783 787 791 795 799 803 807 811 815
NODE_NUM = 50
FILE arbiter_sub_2.aig

# Subcircuit 3
SUB_ID 3
LO (2):  395 1449
LI (51):  134 135 400 404 408 412 416 420 424 428 432 436 440 444 448 452 456 460 464 468 472 476 480 484 488 492 496 500 504 508 512 516 520 524 528 532 536 540 544 548 552 556 560 564 568 572 576 580 584 588 730
NODE_NUM = 50
FILE arbiter_sub_3.aig

# Subcircuit 4
SUB_ID 4
LO (4):  400 1070 1072 1625
LI (49):  7 8 9 135 1071 1076 1080 1084 1088 1092 1096 1100 1104 1108 1112 1116 1120 1124 1128 1132 1136 1140 1144 1148 1152 1156 1160 1164 1168 1172 1176 1180 1184 1188 1192 1196 1200 1204 1208 1212 1216 1220 1224 1228 1232 1236 1240 1244 1248
NODE_NUM = 50
FILE arbiter_sub_4.aig

# Subcircuit 5
SUB_ID 5
LO (7):  404 741 743 1071 1076 1795 1926
LI (47):  9 10 11 136 137 403 742 747 751 755 759 763 767 771 775 779 783 787 791 795 799 803 807 811 815 819 823 827 831 835 839 843 847 851 855 859 863 867 871 875 879 883 887 891 895 899 903
NODE_NUM = 50
FILE arbiter_sub_5.aig

# Subcircuit 6
SUB_ID 6
LO (2):  403 1716
LI (51):  137 138 408 412 416 420 424 428 432 436 440 444 448 452 456 460 464 468 472 476 480 484 488 492 496 500 504 508 512 516 520 524 528 532 536 540 544 548 552 556 560 564 568 572 576 580 584 588 592 596 738
NODE_NUM = 50
FILE arbiter_sub_6.aig

# Subcircuit 7
SUB_ID 7
LO (4):  408 1078 1080 1886
LI (49):  10 11 12 138 1079 1084 1088 1092 1096 1100 1104 1108 1112 1116 1120 1124 1128 1132 1136 1140 1144 1148 1152 1156 1160 1164 1168 1172 1176 1180 1184 1188 1192 1196 1200 1204 1208 1212 1216 1220 1224 1228 1232 1236 1240 1244 1248 1252 1256
NODE_NUM = 50
FILE arbiter_sub_7.aig

# Subcircuit 8
SUB_ID 8
LO (7):  412 749 751 1079 1084 2054 2184
LI (47):  12 13 14 139 140 411 750 755 759 763 767 771 775 779 783 787 791 795 799 803 807 811 815 819 823 827 831 835 839 843 847 851 855 859 863 867 871 875 879 883 887 891 895 899 903 907 911
NODE_NUM = 50
FILE arbiter_sub_8.aig

# Subcircuit 9
SUB_ID 9
LO (2):  411 1976
LI (51):  140 141 416 420 424 428 432 436 440 444 448 452 456 460 464 468 472 476 480 484 488 492 496 500 504 508 512 516 520 524 528 532 536 540 544 548 552 556 560 564 568 572 576 580 584 588 592 596 600 604 746
NODE_NUM = 50
FILE arbiter_sub_9.aig

# Subcircuit 10
SUB_ID 10
LO (4):  416 1086 1088 2144
LI (49):  13 14 15 141 1087 1092 1096 1100 1104 1108 1112 1116 1120 1124 1128 1132 1136 1140 1144 1148 1152 1156 1160 1164 1168 1172 1176 1180 1184 1188 1192 1196 1200 1204 1208 1212 1216 1220 1224 1228 1232 1236 1240 1244 1248 1252 1256 1260 1264
NODE_NUM = 50
FILE arbiter_sub_10.aig

# Subcircuit 11
SUB_ID 11
LO (7):  420 757 759 1087 1092 2312 2442
LI (47):  15 16 17 142 143 419 758 763 767 771 775 779 783 787 791 795 799 803 807 811 815 819 823 827 831 835 839 843 847 851 855 859 863 867 871 875 879 883 887 891 895 899 903 907 911 915 919
NODE_NUM = 50
FILE arbiter_sub_11.aig

# Subcircuit 12
SUB_ID 12
LO (2):  419 2234
LI (51):  143 144 424 428 432 436 440 444 448 452 456 460 464 468 472 476 480 484 488 492 496 500 504 508 512 516 520 524 528 532 536 540 544 548 552 556 560 564 568 572 576 580 584 588 592 596 600 604 608 612 754
NODE_NUM = 50
FILE arbiter_sub_12.aig

# Subcircuit 13
SUB_ID 13
LO (4):  424 1094 1096 2402
LI (49):  16 17 18 144 1095 1100 1104 1108 1112 1116 1120 1124 1128 1132 1136 1140 1144 1148 1152 1156 1160 1164 1168 1172 1176 1180 1184 1188 1192 1196 1200 1204 1208 1212 1216 1220 1224 1228 1232 1236 1240 1244 1248 1252 1256 1260 1264 1268 1272
NODE_NUM = 50
FILE arbiter_sub_13.aig

# Subcircuit 14
SUB_ID 14
LO (7):  428 765 767 1095 1100 2570 2700
LI (47):  18 19 20 145 146 427 766 771 775 779 783 787 791 795 799 803 807 811 815 819 823 827 831 835 839 843 847 851 855 859 863 867 871 875 879 883 887 891 895 899 903 907 911 915 919 923 927
NODE_NUM = 50
FILE arbiter_sub_14.aig

# Subcircuit 15
SUB_ID 15
LO (2):  427 2492
LI (51):  146 147 432 436 440 444 448 452 456 460 464 468 472 476 480 484 488 492 496 500 504 508 512 516 520 524 528 532 536 540 544 548 552 556 560 564 568 572 576 580 584 588 592 596 600 604 608 612 616 620 762
NODE_NUM = 50
FILE arbiter_sub_15.aig

# Subcircuit 16
SUB_ID 16
LO (4):  432 1102 1104 2660
LI (49):  19 20 21 147 1103 1108 1112 1116 1120 1124 1128 1132 1136 1140 1144 1148 1152 1156 1160 1164 1168 1172 1176 1180 1184 1188 1192 1196 1200 1204 1208 1212 1216 1220 1224 1228 1232 1236 1240 1244 1248 1252 1256 1260 1264 1268 1272 1276 1280
NODE_NUM = 50
FILE arbiter_sub_16.aig

# Subcircuit 17
SUB_ID 17
LO (7):  436 773 775 1103 1108 2828 2958
LI (47):  21 22 23 148 149 435 774 779 783 787 791 795 799 803 807 811 815 819 823 827 831 835 839 843 847 851 855 859 863 867 871 875 879 883 887 891 895 899 903 907 911 915 919 923 927 931 935
NODE_NUM = 50
FILE arbiter_sub_17.aig

# Subcircuit 18
SUB_ID 18
LO (2):  435 2750
LI (51):  149 150 440 444 448 452 456 460 464 468 472 476 480 484 488 492 496 500 504 508 512 516 520 524 528 532 536 540 544 548 552 556 560 564 568 572 576 580 584 588 592 596 600 604 608 612 616 620 624 628 770
NODE_NUM = 50
FILE arbiter_sub_18.aig

# Subcircuit 19
SUB_ID 19
LO (4):  440 1110 1112 2918
LI (49):  22 23 24 150 1111 1116 1120 1124 1128 1132 1136 1140 1144 1148 1152 1156 1160 1164 1168 1172 1176 1180 1184 1188 1192 1196 1200 1204 1208 1212 1216 1220 1224 1228 1232 1236 1240 1244 1248 1252 1256 1260 1264 1268 1272 1276 1280 1284 1288
NODE_NUM = 50
FILE arbiter_sub_19.aig

# Subcircuit 20
SUB_ID 20
LO (7):  444 781 783 1111 1116 3086 3216
LI (47):  24 25 26 151 152 443 782 787 791 795 799 803 807 811 815 819 823 827 831 835 839 843 847 851 855 859 863 867 871 875 879 883 887 891 895 899 903 907 911 915 919 923 927 931 935 939 943
NODE_NUM = 50
FILE arbiter_sub_20.aig

# Subcircuit 21
SUB_ID 21
LO (2):  443 3008
LI (51):  152 153 448 452 456 460 464 468 472 476 480 484 488 492 496 500 504 508 512 516 520 524 528 532 536 540 544 548 552 556 560 564 568 572 576 580 584 588 592 596 600 604 608 612 616 620 624 628 632 636 778
NODE_NUM = 50
FILE arbiter_sub_21.aig

# Subcircuit 22
SUB_ID 22
LO (4):  448 1118 1120 3176
LI (49):  25 26 27 153 1119 1124 1128 1132 1136 1140 1144 1148 1152 1156 1160 1164 1168 1172 1176 1180 1184 1188 1192 1196 1200 1204 1208 1212 1216 1220 1224 1228 1232 1236 1240 1244 1248 1252 1256 1260 1264 1268 1272 1276 1280 1284 1288 1292 1296
NODE_NUM = 50
FILE arbiter_sub_22.aig

# Subcircuit 23
SUB_ID 23
LO (7):  452 789 791 1119 1124 3344 3474
LI (47):  27 28 29 154 155 451 790 795 799 803 807 811 815 819 823 827 831 835 839 843 847 851 855 859 863 867 871 875 879 883 887 891 895 899 903 907 911 915 919 923 927 931 935 939 943 947 951
NODE_NUM = 50
FILE arbiter_sub_23.aig

# Subcircuit 24
SUB_ID 24
LO (2):  451 3266
LI (51):  155 156 456 460 464 468 472 476 480 484 488 492 496 500 504 508 512 516 520 524 528 532 536 540 544 548 552 556 560 564 568 572 576 580 584 588 592 596 600 604 608 612 616 620 624 628 632 636 640 644 786
NODE_NUM = 50
FILE arbiter_sub_24.aig

# Subcircuit 25
SUB_ID 25
LO (4):  456 1126 1128 3434
LI (49):  28 29 30 156 1127 1132 1136 1140 1144 1148 1152 1156 1160 1164 1168 1172 1176 1180 1184 1188 1192 1196 1200 1204 1208 1212 1216 1220 1224 1228 1232 1236 1240 1244 1248 1252 1256 1260 1264 1268 1272 1276 1280 1284 1288 1292 1296 1300 1304
NODE_NUM = 50
FILE arbiter_sub_25.aig

# Subcircuit 26
SUB_ID 26
LO (7):  460 797 799 1127 1132 3602 3732
LI (47):  30 31 32 157 158 459 798 803 807 811 815 819 823 827 831 835 839 843 847 851 855 859 863 867 871 875 879 883 887 891 895 899 903 907 911 915 919 923 927 931 935 939 943 947 951 955 959
NODE_NUM = 50
FILE arbiter_sub_26.aig

# Subcircuit 27
SUB_ID 27
LO (2):  459 3524
LI (51):  158 159 464 468 472 476 480 484 488 492 496 500 504 508 512 516 520 524 528 532 536 540 544 548 552 556 560 564 568 572 576 580 584 588 592 596 600 604 608 612 616 620 624 628 632 636 640 644 648 652 794
NODE_NUM = 50
FILE arbiter_sub_27.aig

# Subcircuit 28
SUB_ID 28
LO (4):  464 1134 1136 3692
LI (49):  31 32 33 159 1135 1140 1144 1148 1152 1156 1160 1164 1168 1172 1176 1180 1184 1188 1192 1196 1200 1204 1208 1212 1216 1220 1224 1228 1232 1236 1240 1244 1248 1252 1256 1260 1264 1268 1272 1276 1280 1284 1288 1292 1296 1300 1304 1308 1312
NODE_NUM = 50
FILE arbiter_sub_28.aig

# Subcircuit 29
SUB_ID 29
LO (7):  468 805 807 1135 1140 3860 3990
LI (47):  33 34 35 160 161 467 806 811 815 819 823 827 831 835 839 843 847 851 855 859 863 867 871 875 879 883 887 891 895 899 903 907 911 915 919 923 927 931 935 939 943 947 951 955 959 963 967
NODE_NUM = 50
FILE arbiter_sub_29.aig

# Subcircuit 30
SUB_ID 30
LO (2):  467 3782
LI (51):  161 162 472 476 480 484 488 492 496 500 504 508 512 516 520 524 528 532 536 540 544 548 552 556 560 564 568 572 576 580 584 588 592 596 600 604 608 612 616 620 624 628 632 636 640 644 648 652 656 660 802
NODE_NUM = 50
FILE arbiter_sub_30.aig

# Subcircuit 31
SUB_ID 31
LO (4):  472 1142 1144 3950
LI (49):  34 35 36 162 1143 1148 1152 1156 1160 1164 1168 1172 1176 1180 1184 1188 1192 1196 1200 1204 1208 1212 1216 1220 1224 1228 1232 1236 1240 1244 1248 1252 1256 1260 1264 1268 1272 1276 1280 1284 1288 1292 1296 1300 1304 1308 1312 1316 1320
NODE_NUM = 50
FILE arbiter_sub_31.aig

# Subcircuit 32
SUB_ID 32
LO (7):  476 813 815 1143 1148 4118 4248
LI (47):  36 37 38 163 164 475 814 819 823 827 831 835 839 843 847 851 855 859 863 867 871 875 879 883 887 891 895 899 903 907 911 915 919 923 927 931 935 939 943 947 951 955 959 963 967 971 975
NODE_NUM = 50
FILE arbiter_sub_32.aig

# Subcircuit 33
SUB_ID 33
LO (2):  475 4040
LI (51):  164 165 480 484 488 492 496 500 504 508 512 516 520 524 528 532 536 540 544 548 552 556 560 564 568 572 576 580 584 588 592 596 600 604 608 612 616 620 624 628 632 636 640 644 648 652 656 660 664 668 810
NODE_NUM = 50
FILE arbiter_sub_33.aig

# Subcircuit 34
SUB_ID 34
LO (4):  480 1150 1152 4208
LI (49):  37 38 39 165 1151 1156 1160 1164 1168 1172 1176 1180 1184 1188 1192 1196 1200 1204 1208 1212 1216 1220 1224 1228 1232 1236 1240 1244 1248 1252 1256 1260 1264 1268 1272 1276 1280 1284 1288 1292 1296 1300 1304 1308 1312 1316 1320 1324 1328
NODE_NUM = 50
FILE arbiter_sub_34.aig

# Subcircuit 35
SUB_ID 35
LO (8):  484 821 823 904 1151 1155 4356 4506
LI (27):  39 40 166 167 483 820 822 827 831 835 839 843 847 851 855 859 863 867 871 875 879 883 887 891 895 899 903
NODE_NUM = 50
FILE arbiter_sub_35.aig

# Subcircuit 36
SUB_ID 36
LO (2):  483 4298
LI (51):  167 168 488 492 496 500 504 508 512 516 520 524 528 532 536 540 544 548 552 556 560 564 568 572 576 580 584 588 592 596 600 604 608 612 616 620 624 628 632 636 640 644 648 652 656 660 664 668 672 676 818
NODE_NUM = 50
FILE arbiter_sub_36.aig

# Subcircuit 37
SUB_ID 37
LO (4):  488 1158 1160 4466
LI (49):  40 41 42 168 1159 1164 1168 1172 1176 1180 1184 1188 1192 1196 1200 1204 1208 1212 1216 1220 1224 1228 1232 1236 1240 1244 1248 1252 1256 1260 1264 1268 1272 1276 1280 1284 1288 1292 1296 1300 1304 1308 1312 1316 1320 1324 1328 1332 1336
NODE_NUM = 50
FILE arbiter_sub_37.aig

# Subcircuit 38
SUB_ID 38
LO (8):  492 829 831 1159 1164 1534 4613 4764
LI (27):  42 43 44 169 170 491 830 835 839 843 847 851 855 859 863 867 871 875 879 883 887 891 895 899 903 907 1514
NODE_NUM = 49
FILE arbiter_sub_38.aig

# Subcircuit 39
SUB_ID 39
LO (2):  491 4556
LI (51):  170 171 496 500 504 508 512 516 520 524 528 532 536 540 544 548 552 556 560 564 568 572 576 580 584 588 592 596 600 604 608 612 616 620 624 628 632 636 640 644 648 652 656 660 664 668 672 676 680 684 826
NODE_NUM = 50
FILE arbiter_sub_39.aig

# Subcircuit 40
SUB_ID 40
LO (4):  496 1166 1168 4724
LI (49):  43 44 45 171 1167 1172 1176 1180 1184 1188 1192 1196 1200 1204 1208 1212 1216 1220 1224 1228 1232 1236 1240 1244 1248 1252 1256 1260 1264 1268 1272 1276 1280 1284 1288 1292 1296 1300 1304 1308 1312 1316 1320 1324 1328 1332 1336 1340 1344
NODE_NUM = 50
FILE arbiter_sub_40.aig

# Subcircuit 41
SUB_ID 41
LO (7):  500 837 839 1167 1172 4892 5022
LI (47):  45 46 47 172 173 499 838 843 847 851 855 859 863 867 871 875 879 883 887 891 895 899 903 907 911 915 919 923 927 931 935 939 943 947 951 955 959 963 967 971 975 979 983 987 991 995 999
NODE_NUM = 50
FILE arbiter_sub_41.aig

# Subcircuit 42
SUB_ID 42
LO (2):  499 4814
LI (51):  173 174 504 508 512 516 520 524 528 532 536 540 544 548 552 556 560 564 568 572 576 580 584 588 592 596 600 604 608 612 616 620 624 628 632 636 640 644 648 652 656 660 664 668 672 676 680 684 688 692 834
NODE_NUM = 50
FILE arbiter_sub_42.aig

# Subcircuit 43
SUB_ID 43
LO (4):  504 1174 1176 4982
LI (49):  46 47 48 174 1175 1180 1184 1188 1192 1196 1200 1204 1208 1212 1216 1220 1224 1228 1232 1236 1240 1244 1248 1252 1256 1260 1264 1268 1272 1276 1280 1284 1288 1292 1296 1300 1304 1308 1312 1316 1320 1324 1328 1332 1336 1340 1344 1348 1352
NODE_NUM = 50
FILE arbiter_sub_43.aig

# Subcircuit 44
SUB_ID 44
LO (7):  508 845 847 1175 1180 5150 5280
LI (47):  48 49 50 175 176 507 846 851 855 859 863 867 871 875 879 883 887 891 895 899 903 907 911 915 919 923 927 931 935 939 943 947 951 955 959 963 967 971 975 979 983 987 991 995 999 1003 1007
NODE_NUM = 50
FILE arbiter_sub_44.aig

# Subcircuit 45
SUB_ID 45
LO (2):  507 5072
LI (51):  176 177 512 516 520 524 528 532 536 540 544 548 552 556 560 564 568 572 576 580 584 588 592 596 600 604 608 612 616 620 624 628 632 636 640 644 648 652 656 660 664 668 672 676 680 684 688 692 696 700 842
NODE_NUM = 50
FILE arbiter_sub_45.aig

# Subcircuit 46
SUB_ID 46
LO (4):  512 1182 1184 5240
LI (49):  49 50 51 177 1183 1188 1192 1196 1200 1204 1208 1212 1216 1220 1224 1228 1232 1236 1240 1244 1248 1252 1256 1260 1264 1268 1272 1276 1280 1284 1288 1292 1296 1300 1304 1308 1312 1316 1320 1324 1328 1332 1336 1340 1344 1348 1352 1356 1360
NODE_NUM = 50
FILE arbiter_sub_46.aig

# Subcircuit 47
SUB_ID 47
LO (7):  516 853 855 1183 1188 5408 5538
LI (47):  51 52 53 178 179 515 854 859 863 867 871 875 879 883 887 891 895 899 903 907 911 915 919 923 927 931 935 939 943 947 951 955 959 963 967 971 975 979 983 987 991 995 999 1003 1007 1011 1015
NODE_NUM = 50
FILE arbiter_sub_47.aig

# Subcircuit 48
SUB_ID 48
LO (2):  515 5330
LI (51):  179 180 520 524 528 532 536 540 544 548 552 556 560 564 568 572 576 580 584 588 592 596 600 604 608 612 616 620 624 628 632 636 640 644 648 652 656 660 664 668 672 676 680 684 688 692 696 700 704 708 850
NODE_NUM = 50
FILE arbiter_sub_48.aig

# Subcircuit 49
SUB_ID 49
LO (4):  520 1190 1192 5498
LI (49):  52 53 54 180 1191 1196 1200 1204 1208 1212 1216 1220 1224 1228 1232 1236 1240 1244 1248 1252 1256 1260 1264 1268 1272 1276 1280 1284 1288 1292 1296 1300 1304 1308 1312 1316 1320 1324 1328 1332 1336 1340 1344 1348 1352 1356 1360 1364 1368
NODE_NUM = 50
FILE arbiter_sub_49.aig

# Subcircuit 50
SUB_ID 50
LO (7):  524 861 863 1191 1196 5666 5796
LI (47):  54 55 56 181 182 523 862 867 871 875 879 883 887 891 895 899 903 907 911 915 919 923 927 931 935 939 943 947 951 955 959 963 967 971 975 979 983 987 991 995 999 1003 1007 1011 1015 1019 1023
NODE_NUM = 50
FILE arbiter_sub_50.aig

# Subcircuit 51
SUB_ID 51
LO (2):  523 5588
LI (51):  182 183 528 532 536 540 544 548 552 556 560 564 568 572 576 580 584 588 592 596 600 604 608 612 616 620 624 628 632 636 640 644 648 652 656 660 664 668 672 676 680 684 688 692 696 700 704 708 712 716 858
NODE_NUM = 50
FILE arbiter_sub_51.aig

# Subcircuit 52
SUB_ID 52
LO (4):  528 1198 1200 5756
LI (49):  55 56 57 183 1199 1204 1208 1212 1216 1220 1224 1228 1232 1236 1240 1244 1248 1252 1256 1260 1264 1268 1272 1276 1280 1284 1288 1292 1296 1300 1304 1308 1312 1316 1320 1324 1328 1332 1336 1340 1344 1348 1352 1356 1360 1364 1368 1372 1376
NODE_NUM = 50
FILE arbiter_sub_52.aig

# Subcircuit 53
SUB_ID 53
LO (7):  532 869 871 1199 1204 5924 6054
LI (47):  57 58 59 184 185 531 870 875 879 883 887 891 895 899 903 907 911 915 919 923 927 931 935 939 943 947 951 955 959 963 967 971 975 979 983 987 991 995 999 1003 1007 1011 1015 1019 1023 1027 1031
NODE_NUM = 50
FILE arbiter_sub_53.aig

# Subcircuit 54
SUB_ID 54
LO (2):  531 5846
LI (51):  185 186 536 540 544 548 552 556 560 564 568 572 576 580 584 588 592 596 600 604 608 612 616 620 624 628 632 636 640 644 648 652 656 660 664 668 672 676 680 684 688 692 696 700 704 708 712 716 720 866 1484
NODE_NUM = 50
FILE arbiter_sub_54.aig

# Subcircuit 55
SUB_ID 55
LO (5):  536 1206 1208 1293 5991
LI (27):  58 59 60 186 1205 1207 1212 1216 1220 1224 1228 1232 1236 1240 1244 1248 1252 1256 1260 1264 1268 1272 1276 1280 1284 1288 1292
NODE_NUM = 49
FILE arbiter_sub_55.aig

# Subcircuit 56
SUB_ID 56
LO (7):  540 877 879 1207 1212 6182 6312
LI (47):  60 61 62 187 188 539 878 883 887 891 895 899 903 907 911 915 919 923 927 931 935 939 943 947 951 955 959 963 967 971 975 979 983 987 991 995 999 1003 1007 1011 1015 1019 1023 1027 1031 1035 1039
NODE_NUM = 50
FILE arbiter_sub_56.aig

# Subcircuit 57
SUB_ID 57
LO (2):  539 6104
LI (51):  188 189 544 548 552 556 560 564 568 572 576 580 584 588 592 596 600 604 608 612 616 620 624 628 632 636 640 644 648 652 656 660 664 668 672 676 680 684 688 692 696 700 704 708 712 716 720 874 1484 1486 1750
NODE_NUM = 50
FILE arbiter_sub_57.aig

# Subcircuit 58
SUB_ID 58
LO (4):  544 1214 1216 6272
LI (49):  61 62 63 189 1215 1220 1224 1228 1232 1236 1240 1244 1248 1252 1256 1260 1264 1268 1272 1276 1280 1284 1288 1292 1296 1300 1304 1308 1312 1316 1320 1324 1328 1332 1336 1340 1344 1348 1352 1356 1360 1364 1368 1372 1376 1380 1384 1388 1392
NODE_NUM = 50
FILE arbiter_sub_58.aig

# Subcircuit 59
SUB_ID 59
LO (7):  548 885 887 1215 1220 6440 6570
LI (47):  63 64 65 190 191 547 886 891 895 899 903 907 911 915 919 923 927 931 935 939 943 947 951 955 959 963 967 971 975 979 983 987 991 995 999 1003 1007 1011 1015 1019 1023 1027 1031 1035 1039 1043 1047
NODE_NUM = 50
FILE arbiter_sub_59.aig

# Subcircuit 60
SUB_ID 60
LO (2):  547 6362
LI (51):  191 192 552 556 560 564 568 572 576 580 584 588 592 596 600 604 608 612 616 620 624 628 632 636 640 644 648 652 656 660 664 668 672 676 680 684 688 692 696 700 704 708 712 716 720 731 735 882 1484 1486 1750
NODE_NUM = 50
FILE arbiter_sub_60.aig

# Subcircuit 61
SUB_ID 61
LO (4):  552 1222 1224 6530
LI (49):  64 65 66 192 1223 1228 1232 1236 1240 1244 1248 1252 1256 1260 1264 1268 1272 1276 1280 1284 1288 1292 1296 1300 1304 1308 1312 1316 1320 1324 1328 1332 1336 1340 1344 1348 1352 1356 1360 1364 1368 1372 1376 1380 1384 1388 1392 1396 1663
NODE_NUM = 50
FILE arbiter_sub_61.aig

# Subcircuit 62
SUB_ID 62
LO (7):  556 893 895 1223 1228 6698 6828
LI (47):  66 67 68 193 194 555 894 899 903 907 911 915 919 923 927 931 935 939 943 947 951 955 959 963 967 971 975 979 983 987 991 995 999 1003 1007 1011 1015 1019 1023 1027 1031 1035 1039 1043 1047 1051 1055
NODE_NUM = 50
FILE arbiter_sub_62.aig

# Subcircuit 63
SUB_ID 63
LO (2):  555 6620
LI (51):  194 195 560 564 568 572 576 580 584 588 592 596 600 604 608 612 616 620 624 628 632 636 640 644 648 652 656 660 664 668 672 676 680 684 688 692 696 700 704 708 712 716 720 731 735 739 743 890 1484 1486 1750
NODE_NUM = 50
FILE arbiter_sub_63.aig

# Subcircuit 64
SUB_ID 64
LO (4):  560 1230 1232 6788
LI (49):  67 68 69 195 392 396 1231 1236 1240 1244 1248 1252 1256 1260 1264 1268 1272 1276 1280 1284 1288 1292 1296 1300 1304 1308 1312 1316 1320 1324 1328 1332 1336 1340 1344 1348 1352 1356 1360 1364 1368 1372 1376 1380 1384 1388 1392 1396 1663
NODE_NUM = 50
FILE arbiter_sub_64.aig

# Subcircuit 65
SUB_ID 65
LO (7):  564 901 903 1231 1236 6956 7086
LI (47):  69 70 71 196 197 563 902 907 911 915 919 923 927 931 935 939 943 947 951 955 959 963 967 971 975 979 983 987 991 995 999 1003 1007 1011 1015 1019 1023 1027 1031 1035 1039 1043 1047 1051 1055 1059 1574
NODE_NUM = 50
FILE arbiter_sub_65.aig

# Subcircuit 66
SUB_ID 66
LO (2):  563 6878
LI (51):  197 198 568 572 576 580 584 588 592 596 600 604 608 612 616 620 624 628 632 636 640 644 648 652 656 660 664 668 672 676 680 684 688 692 696 700 704 708 712 716 720 731 735 739 743 747 751 898 1484 1486 1750
NODE_NUM = 50
FILE arbiter_sub_66.aig

# Subcircuit 67
SUB_ID 67
LO (4):  568 1238 1240 7046
LI (49):  70 71 72 198 392 396 400 404 1239 1244 1248 1252 1256 1260 1264 1268 1272 1276 1280 1284 1288 1292 1296 1300 1304 1308 1312 1316 1320 1324 1328 1332 1336 1340 1344 1348 1352 1356 1360 1364 1368 1372 1376 1380 1384 1388 1392 1396 1663
NODE_NUM = 50
FILE arbiter_sub_67.aig

# Subcircuit 68
SUB_ID 68
LO (9):  572 724 909 911 912 1239 1243 7174 7344
LI (46):  72 73 199 200 569 571 576 580 584 588 592 596 600 604 608 612 616 620 624 628 632 636 640 644 648 652 656 660 664 668 672 676 680 684 688 692 696 700 704 708 712 716 720 723 908 910
NODE_NUM = 49
FILE arbiter_sub_68.aig

# Subcircuit 69
SUB_ID 69
LO (2):  571 7136
LI (51):  200 201 576 580 584 588 592 596 600 604 608 612 616 620 624 628 632 636 640 644 648 652 656 660 664 668 672 676 680 684 688 692 696 700 704 708 712 716 720 731 735 739 743 747 751 755 759 906 1484 1486 1750
NODE_NUM = 50
FILE arbiter_sub_69.aig

# Subcircuit 70
SUB_ID 70
LO (4):  576 1246 1248 7304
LI (49):  73 74 75 201 392 396 400 404 408 412 1247 1252 1256 1260 1264 1268 1272 1276 1280 1284 1288 1292 1296 1300 1304 1308 1312 1316 1320 1324 1328 1332 1336 1340 1344 1348 1352 1356 1360 1364 1368 1372 1376 1380 1384 1388 1392 1396 1663
NODE_NUM = 50
FILE arbiter_sub_70.aig

# Subcircuit 71
SUB_ID 71
LO (8):  580 917 919 1000 1247 1251 7452 7602
LI (27):  75 76 202 203 579 916 918 923 927 931 935 939 943 947 951 955 959 963 967 971 975 979 983 987 991 995 999
NODE_NUM = 50
FILE arbiter_sub_71.aig

# Subcircuit 72
SUB_ID 72
LO (2):  579 7394
LI (51):  203 204 584 588 592 596 600 604 608 612 616 620 624 628 632 636 640 644 648 652 656 660 664 668 672 676 680 684 688 692 696 700 704 708 712 716 720 731 735 739 743 747 751 755 759 763 767 914 1484 1486 1750
NODE_NUM = 50
FILE arbiter_sub_72.aig

# Subcircuit 73
SUB_ID 73
LO (5):  584 1254 1256 1648 7539
LI (27):  76 77 78 204 1255 1260 1264 1268 1272 1276 1280 1284 1288 1292 1296 1300 1304 1308 1312 1316 1320 1324 1328 1332 1336 1340 1626
NODE_NUM = 49
FILE arbiter_sub_73.aig

# Subcircuit 74
SUB_ID 74
LO (8):  588 925 927 1255 1260 1558 7709 7860
LI (27):  78 79 80 205 206 587 926 931 935 939 943 947 951 955 959 963 967 971 975 979 983 987 991 995 999 1003 1538
NODE_NUM = 49
FILE arbiter_sub_74.aig

# Subcircuit 75
SUB_ID 75
LO (2):  587 7652
LI (51):  206 207 592 596 600 604 608 612 616 620 624 628 632 636 640 644 648 652 656 660 664 668 672 676 680 684 688 692 696 700 704 708 712 716 720 731 735 739 743 747 751 755 759 763 767 771 775 922 1484 1486 1750
NODE_NUM = 50
FILE arbiter_sub_75.aig

# Subcircuit 76
SUB_ID 76
LO (6):  592 1262 1264 1490 1891 7779
LI (45):  79 80 81 207 596 600 604 608 612 616 620 624 628 632 636 640 644 648 652 656 660 664 668 672 676 680 684 688 692 696 700 704 708 712 716 720 1263 1268 1272 1276 1449 1484 1486 1489 1887
NODE_NUM = 49
FILE arbiter_sub_76.aig

# Subcircuit 77
SUB_ID 77
LO (8):  596 933 935 1263 1268 1822 7967 8118
LI (27):  81 82 83 208 209 595 934 939 943 947 951 955 959 963 967 971 975 979 983 987 991 995 999 1003 1007 1011 1802
NODE_NUM = 49
FILE arbiter_sub_77.aig

# Subcircuit 78
SUB_ID 78
LO (2):  595 7910
LI (51):  209 210 600 604 608 612 616 620 624 628 632 636 640 644 648 652 656 660 664 668 672 676 680 684 688 692 696 700 704 708 712 716 720 731 735 739 743 747 751 755 759 763 767 771 775 779 783 930 1484 1486 1750
NODE_NUM = 50
FILE arbiter_sub_78.aig

# Subcircuit 79
SUB_ID 79
LO (6):  600 1270 1272 1754 2149 8037
LI (45):  82 83 84 210 604 608 612 616 620 624 628 632 636 640 644 648 652 656 660 664 668 672 676 680 684 688 692 696 700 704 708 712 716 720 731 1271 1276 1280 1284 1484 1486 1716 1750 1753 2145
NODE_NUM = 49
FILE arbiter_sub_79.aig

# Subcircuit 80
SUB_ID 80
LO (8):  604 941 943 1271 1276 2081 8225 8376
LI (27):  84 85 86 211 212 603 942 947 951 955 959 963 967 971 975 979 983 987 991 995 999 1003 1007 1011 1015 1019 2061
NODE_NUM = 49
FILE arbiter_sub_80.aig

# Subcircuit 81
SUB_ID 81
LO (2):  603 8168
LI (51):  212 213 608 612 616 620 624 628 632 636 640 644 648 652 656 660 664 668 672 676 680 684 688 692 696 700 704 708 712 716 720 731 735 739 743 747 751 755 759 763 767 771 775 779 783 787 791 938 1484 1486 1750
NODE_NUM = 50
FILE arbiter_sub_81.aig

# Subcircuit 82
SUB_ID 82
LO (5):  608 1278 1280 1913 8313
LI (27):  85 86 87 213 1279 1284 1288 1292 1296 1300 1304 1308 1312 1316 1320 1324 1328 1332 1336 1340 1344 1348 1352 1356 1360 1364 1891
NODE_NUM = 49
FILE arbiter_sub_82.aig

# Subcircuit 83
SUB_ID 83
LO (9):  612 949 951 1279 1284 2013 2322 8466 8634
LI (45):  87 88 89 214 215 611 616 620 624 628 632 636 640 644 648 652 656 660 664 668 672 676 680 684 688 692 696 700 704 708 712 716 720 731 735 739 950 955 959 1484 1486 1750 1977 2012 2319
NODE_NUM = 50
FILE arbiter_sub_83.aig

# Subcircuit 84
SUB_ID 84
LO (2):  611 8426
LI (51):  215 216 616 620 624 628 632 636 640 644 648 652 656 660 664 668 672 676 680 684 688 692 696 700 704 708 712 716 720 731 735 739 743 747 751 755 759 763 767 771 775 779 783 787 791 795 799 946 1484 1486 1750
NODE_NUM = 50
FILE arbiter_sub_84.aig

# Subcircuit 85
SUB_ID 85
LO (5):  616 1286 1288 2171 8571
LI (27):  88 89 90 216 1287 1292 1296 1300 1304 1308 1312 1316 1320 1324 1328 1332 1336 1340 1344 1348 1352 1356 1360 1364 1368 1372 2149
NODE_NUM = 49
FILE arbiter_sub_85.aig

# Subcircuit 86
SUB_ID 86
LO (9):  620 957 959 1287 1292 2271 2411 8722 8892
LI (47):  90 91 92 217 218 619 624 628 632 636 640 644 648 652 656 660 664 668 672 676 680 684 688 692 696 700 704 708 712 716 720 731 735 739 743 747 958 1296 1300 1304 1308 1484 1486 1750 2235 2270 2406
NODE_NUM = 50
FILE arbiter_sub_86.aig

# Subcircuit 87
SUB_ID 87
LO (2):  619 8684
LI (51):  218 219 624 628 632 636 640 644 648 652 656 660 664 668 672 676 680 684 688 692 696 700 704 708 712 716 720 731 735 739 743 747 751 755 759 763 767 771 775 779 783 787 791 795 799 803 807 954 1484 1486 1750
NODE_NUM = 50
FILE arbiter_sub_87.aig

# Subcircuit 88
SUB_ID 88
LO (5):  624 1294 1296 1381 8829
LI (27):  91 92 93 219 1293 1295 1300 1304 1308 1312 1316 1320 1324 1328 1332 1336 1340 1344 1348 1352 1356 1360 1364 1368 1372 1376 1380
NODE_NUM = 49
FILE arbiter_sub_88.aig

# Subcircuit 89
SUB_ID 89
LO (9):  628 965 967 1295 1300 2326 2529 8982 9150
LI (45):  93 94 95 220 221 627 632 636 640 644 648 652 656 660 664 668 672 676 680 684 688 692 696 700 704 708 712 716 720 731 735 739 743 747 751 755 966 971 975 1484 1486 1750 2323 2493 2528
NODE_NUM = 50
FILE arbiter_sub_89.aig

# Subcircuit 90
SUB_ID 90
LO (2):  627 8942
LI (51):  221 222 632 636 640 644 648 652 656 660 664 668 672 676 680 684 688 692 696 700 704 708 712 716 720 731 735 739 743 747 751 755 759 763 767 771 775 779 783 787 791 795 799 803 807 811 815 962 1484 1486 1750
NODE_NUM = 50
FILE arbiter_sub_90.aig

# Subcircuit 91
SUB_ID 91
LO (5):  632 1302 1304 2687 9087
LI (27):  94 95 96 222 1303 1308 1312 1316 1320 1324 1328 1332 1336 1340 1344 1348 1352 1356 1360 1364 1368 1372 1376 1380 1384 1388 2665
NODE_NUM = 49
FILE arbiter_sub_91.aig

# Subcircuit 92
SUB_ID 92
LO (9):  636 973 975 1303 1308 2584 2787 9240 9408
LI (45):  96 97 98 223 224 635 640 644 648 652 656 660 664 668 672 676 680 684 688 692 696 700 704 708 712 716 720 731 735 739 743 747 751 755 759 763 974 979 983 1484 1486 1750 2581 2751 2786
NODE_NUM = 50
FILE arbiter_sub_92.aig

# Subcircuit 93
SUB_ID 93
LO (2):  635 9200
LI (51):  224 225 640 644 648 652 656 660 664 668 672 676 680 684 688 692 696 700 704 708 712 716 720 731 735 739 743 747 751 755 759 763 767 771 775 779 783 787 791 795 799 803 807 811 815 819 823 970 1484 1486 1750
NODE_NUM = 50
FILE arbiter_sub_93.aig

# Subcircuit 94
SUB_ID 94
LO (5):  640 1310 1312 2433 9345
LI (27):  97 98 99 225 1311 1316 1320 1324 1328 1332 1336 1340 1344 1348 1352 1356 1360 1364 1368 1372 1376 1380 1384 1388 1392 1396 2411
NODE_NUM = 49
FILE arbiter_sub_94.aig

# Subcircuit 95
SUB_ID 95
LO (9):  644 981 983 1311 1316 2330 3045 9498 9666
LI (45):  99 100 101 226 227 643 648 652 656 660 664 668 672 676 680 684 688 692 696 700 704 708 712 716 720 731 735 739 743 747 751 755 759 763 767 771 982 987 991 1484 1486 1750 2327 3009 3044
NODE_NUM = 50
FILE arbiter_sub_95.aig

# Subcircuit 96
SUB_ID 96
LO (2):  643 9458
LI (51):  227 228 648 652 656 660 664 668 672 676 680 684 688 692 696 700 704 708 712 716 720 731 735 739 743 747 751 755 759 763 767 771 775 779 783 787 791 795 799 803 807 811 815 819 823 827 831 978 1484 1486 1750
NODE_NUM = 50
FILE arbiter_sub_96.aig

# Subcircuit 97
SUB_ID 97
LO (5):  648 1318 1320 2947 9603
LI (27):  100 101 102 228 392 1319 1324 1328 1332 1336 1340 1344 1348 1352 1356 1360 1364 1368 1372 1376 1380 1384 1388 1392 1396 1663 2925
NODE_NUM = 49
FILE arbiter_sub_97.aig

# Subcircuit 98
SUB_ID 98
LO (9):  652 989 991 1319 1324 2588 3303 9756 9924
LI (45):  102 103 104 229 230 651 656 660 664 668 672 676 680 684 688 692 696 700 704 708 712 716 720 731 735 739 743 747 751 755 759 763 767 771 775 779 990 995 999 1484 1486 1750 2585 3267 3302
NODE_NUM = 50
FILE arbiter_sub_98.aig

# Subcircuit 99
SUB_ID 99
LO (2):  651 9716
LI (51):  230 231 656 660 664 668 672 676 680 684 688 692 696 700 704 708 712 716 720 731 735 739 743 747 751 755 759 763 767 771 775 779 783 787 791 795 799 803 807 811 815 819 823 827 831 835 839 986 1484 1486 1750
NODE_NUM = 50
FILE arbiter_sub_99.aig

# Subcircuit 100
SUB_ID 100
LO (5):  656 1326 1328 3205 9861
LI (27):  103 104 105 231 392 396 400 1327 1332 1336 1340 1344 1348 1352 1356 1360 1364 1368 1372 1376 1380 1384 1388 1392 1396 1663 3183
NODE_NUM = 49
FILE arbiter_sub_100.aig

# Subcircuit 101
SUB_ID 101
LO (9):  660 997 999 1327 1332 2334 3561 10014 10182
LI (45):  105 106 107 232 233 659 664 668 672 676 680 684 688 692 696 700 704 708 712 716 720 731 735 739 743 747 751 755 759 763 767 771 775 779 783 787 998 1003 1007 1484 1486 1750 2331 3525 3560
NODE_NUM = 50
FILE arbiter_sub_101.aig

# Subcircuit 102
SUB_ID 102
LO (2):  659 9974
LI (51):  233 234 664 668 672 676 680 684 688 692 696 700 704 708 712 716 720 731 735 739 743 747 751 755 759 763 767 771 775 779 783 787 791 795 799 803 807 811 815 819 823 827 831 835 839 843 847 994 1484 1486 1750
NODE_NUM = 50
FILE arbiter_sub_102.aig

# Subcircuit 103
SUB_ID 103
LO (5):  664 1334 1336 3463 10119
LI (27):  106 107 108 234 392 396 400 404 408 1335 1340 1344 1348 1352 1356 1360 1364 1368 1372 1376 1380 1384 1388 1392 1396 1663 3441
NODE_NUM = 49
FILE arbiter_sub_103.aig

# Subcircuit 104
SUB_ID 104
LO (9):  668 1005 1007 1016 1335 1339 3819 10272 10440
LI (44):  108 109 235 236 667 672 676 680 684 688 692 696 700 704 708 712 716 720 731 735 739 743 747 751 755 759 763 767 771 775 779 783 787 791 795 1004 1006 1011 1015 1484 1486 1750 3783 3818
NODE_NUM = 49
FILE arbiter_sub_104.aig

# Subcircuit 105
SUB_ID 105
LO (2):  667 10232
LI (51):  236 237 672 676 680 684 688 692 696 700 704 708 712 716 720 731 735 739 743 747 751 755 759 763 767 771 775 779 783 787 791 795 799 803 807 811 815 819 823 827 831 835 839 843 847 851 855 1002 1484 1486 1750
NODE_NUM = 50
FILE arbiter_sub_105.aig

# Subcircuit 106
SUB_ID 106
LO (5):  672 1342 1344 1667 10371
LI (22):  109 110 111 237 392 1343 1348 1352 1356 1360 1364 1368 1372 1376 1380 1384 1388 1392 1396 1648 1663 1666
NODE_NUM = 38
FILE arbiter_sub_106.aig

# Subcircuit 107
SUB_ID 107
LO (9):  676 1013 1015 1343 1348 1563 4077 10530 10698
LI (45):  111 112 113 238 239 675 680 684 688 692 696 700 704 708 712 716 720 731 735 739 743 747 751 755 759 763 767 771 775 779 783 787 791 795 799 803 1014 1019 1023 1484 1486 1560 1750 4041 4076
NODE_NUM = 50
FILE arbiter_sub_107.aig

# Subcircuit 108
SUB_ID 108
LO (2):  675 10490
LI (51):  239 240 680 684 688 692 696 700 704 708 712 716 720 731 735 739 743 747 751 755 759 763 767 771 775 779 783 787 791 795 799 803 807 811 815 819 823 827 831 835 839 843 847 851 855 859 863 1010 1484 1486 1750
NODE_NUM = 50
FILE arbiter_sub_108.aig

# Subcircuit 109
SUB_ID 109
LO (5):  680 1350 1352 3723 10635
LI (27):  112 113 114 240 392 396 400 404 408 412 416 420 424 1351 1356 1360 1364 1368 1372 1376 1380 1384 1388 1392 1396 1663 3701
NODE_NUM = 49
FILE arbiter_sub_109.aig

# Subcircuit 110
SUB_ID 110
LO (9):  684 1021 1023 1032 1351 1355 4335 10788 10956
LI (44):  114 115 241 242 683 688 692 696 700 704 708 712 716 720 731 735 739 743 747 751 755 759 763 767 771 775 779 783 787 791 795 799 803 807 811 1020 1022 1027 1031 1484 1486 1750 4299 4334
NODE_NUM = 49
FILE arbiter_sub_110.aig

# Subcircuit 111
SUB_ID 111
LO (2):  683 10748
LI (51):  242 243 688 692 696 700 704 708 712 716 720 731 735 739 743 747 751 755 759 763 767 771 775 779 783 787 791 795 799 803 807 811 815 819 823 827 831 835 839 843 847 851 855 859 863 867 871 1018 1484 1486 1750
NODE_NUM = 50
FILE arbiter_sub_111.aig

# Subcircuit 112
SUB_ID 112
LO (5):  688 1358 1360 3981 10893
LI (27):  115 116 117 243 392 396 400 404 408 412 416 420 424 428 432 1359 1364 1368 1372 1376 1380 1384 1388 1392 1396 1663 3959
NODE_NUM = 49
FILE arbiter_sub_112.aig

# Subcircuit 113
SUB_ID 113
LO (9):  692 1029 1031 1359 1364 1567 4593 11046 11214
LI (45):  117 118 119 244 245 691 696 700 704 708 712 716 720 731 735 739 743 747 751 755 759 763 767 771 775 779 783 787 791 795 799 803 807 811 815 819 1030 1035 1039 1484 1486 1564 1750 4557 4592
NODE_NUM = 50
FILE arbiter_sub_113.aig

# Subcircuit 114
SUB_ID 114
LO (2):  691 11006
LI (51):  245 246 696 700 704 708 712 716 720 731 735 739 743 747 751 755 759 763 767 771 775 779 783 787 791 795 799 803 807 811 815 819 823 827 831 835 839 843 847 851 855 859 863 867 871 875 879 1026 1484 1486 1750
NODE_NUM = 50
FILE arbiter_sub_114.aig

# Subcircuit 115
SUB_ID 115
LO (6):  696 1366 1368 1927 4233 11145
LI (23):  118 119 120 246 392 396 400 404 408 412 416 1367 1372 1376 1380 1384 1388 1392 1396 1663 1913 1926 4217
NODE_NUM = 50
FILE arbiter_sub_115.aig

# Subcircuit 116
SUB_ID 116
LO (9):  700 1037 1039 1048 1367 1371 4851 11304 11472
LI (44):  120 121 247 248 699 704 708 712 716 720 731 735 739 743 747 751 755 759 763 767 771 775 779 783 787 791 795 799 803 807 811 815 819 823 827 1036 1038 1043 1047 1484 1486 1750 4815 4850
NODE_NUM = 49
FILE arbiter_sub_116.aig

# Subcircuit 117
SUB_ID 117
LO (2):  699 11264
LI (51):  248 249 704 708 712 716 720 731 735 739 743 747 751 755 759 763 767 771 775 779 783 787 791 795 799 803 807 811 815 819 823 827 831 835 839 843 847 851 855 859 863 867 871 875 879 883 887 1034 1484 1486 1750
NODE_NUM = 50
FILE arbiter_sub_117.aig

# Subcircuit 118
SUB_ID 118
LO (6):  704 1374 1376 2185 4491 11403
LI (23):  121 122 123 249 392 396 400 404 408 412 416 420 424 1375 1380 1384 1388 1392 1396 1663 2171 2184 4475
NODE_NUM = 50
FILE arbiter_sub_118.aig

# Subcircuit 119
SUB_ID 119
LO (9):  708 1045 1047 1375 1380 1571 5109 11562 11730
LI (45):  123 124 125 250 251 707 712 716 720 731 735 739 743 747 751 755 759 763 767 771 775 779 783 787 791 795 799 803 807 811 815 819 823 827 831 835 1046 1051 1055 1484 1486 1568 1750 5073 5108
NODE_NUM = 50
FILE arbiter_sub_119.aig

# Subcircuit 120
SUB_ID 120
LO (2):  707 11522
LI (51):  251 252 712 716 720 731 735 739 743 747 751 755 759 763 767 771 775 779 783 787 791 795 799 803 807 811 815 819 823 827 831 835 839 843 847 851 855 859 863 867 871 875 879 883 887 891 895 1042 1484 1486 1750
NODE_NUM = 50
FILE arbiter_sub_120.aig

# Subcircuit 121
SUB_ID 121
LO (6):  712 1382 1384 1400 4753 11665
LI (27):  124 125 126 252 392 396 400 404 408 412 416 420 424 428 432 436 440 444 448 1381 1383 1388 1392 1396 1399 1663 4733
NODE_NUM = 50
FILE arbiter_sub_121.aig

# Subcircuit 122
SUB_ID 122
LO (9):  716 1053 1055 1063 1383 1388 5367 11819 11988
LI (45):  126 127 128 253 254 715 720 731 735 739 743 747 751 755 759 763 767 771 775 779 783 787 791 795 799 803 807 811 815 819 823 827 831 835 839 843 1052 1054 1059 1062 1484 1486 1750 5331 5366
NODE_NUM = 49
FILE arbiter_sub_122.aig

# Subcircuit 123
SUB_ID 123
LO (2):  715 11780
LI (51):  254 255 720 731 735 739 743 747 751 755 759 763 767 771 775 779 783 787 791 795 799 803 807 811 815 819 823 827 831 835 839 843 847 851 855 859 863 867 871 875 879 883 887 891 895 899 903 1050 1484 1486 1750
NODE_NUM = 50
FILE arbiter_sub_123.aig

# Subcircuit 124
SUB_ID 124
LO (6):  720 1390 1392 2701 5007 11919
LI (23):  1 127 128 255 392 396 400 404 408 412 416 420 424 428 432 436 440 1391 1396 1663 2687 2700 4991
NODE_NUM = 50
FILE arbiter_sub_124.aig

# Subcircuit 125
SUB_ID 125
LO (12):  723 1062 1391 1396 1483 1484 1574 1580 1841 2099 2357 12083
LI (22):  1 2 3 129 130 256 1068 1072 1076 1080 1084 1572 1573 1576 1579 1834 1837 1840 2091 2098 2347 2356
NODE_NUM = 43
FILE arbiter_sub_125.aig

# Subcircuit 126
SUB_ID 126
LO (5):  732 1576 2615 2873 3131
LI (24):  3 4 5 131 727 731 1068 1072 1076 1080 1084 1088 1092 1096 1100 1104 1108 1837 2604 2614 2860 2872 3116 3130
NODE_NUM = 41
FILE arbiter_sub_126.aig

# Subcircuit 127
SUB_ID 127
LO (3):  727 1750 5625
LI (36):  132 133 731 735 739 743 747 751 755 759 763 767 771 775 779 783 787 791 795 799 803 807 811 815 819 823 827 831 835 839 843 847 851 1488 5591 5624
NODE_NUM = 35
FILE arbiter_sub_127.aig

# Subcircuit 128
SUB_ID 128
LO (3):  730 731 5883
LI (38):  5 6 7 133 735 739 743 747 751 755 759 763 767 771 775 779 783 787 791 795 799 803 807 811 815 819 823 827 831 835 839 843 847 851 855 859 5848 5882
NODE_NUM = 37
FILE arbiter_sub_128.aig

# Subcircuit 129
SUB_ID 129
LO (5):  734 738 739 6141 12176
LI (43):  8 9 10 135 136 707 743 747 751 755 759 763 767 771 775 779 783 787 791 795 799 803 807 811 815 819 823 827 831 835 839 843 847 851 855 859 863 867 6106 6140 12163 12167 12175
NODE_NUM = 42
FILE arbiter_sub_129.aig

# Subcircuit 130
SUB_ID 130
LO (4):  742 746 747 6399
LI (39):  11 12 13 138 139 751 755 759 763 767 771 775 779 783 787 791 795 799 803 807 811 815 819 823 827 831 835 839 843 847 851 855 859 863 867 871 875 6364 6398
NODE_NUM = 38
FILE arbiter_sub_130.aig

# Subcircuit 131
SUB_ID 131
LO (5):  750 754 755 6657 12163
LI (40):  14 15 16 141 142 759 763 766 767 771 775 779 783 787 791 795 799 803 807 811 815 819 823 827 831 835 839 843 847 851 855 859 863 867 871 875 879 883 6622 6656
NODE_NUM = 39
FILE arbiter_sub_131.aig

# Subcircuit 132
SUB_ID 132
LO (4):  758 762 763 6915
LI (39):  17 18 19 144 145 767 771 775 779 783 787 791 795 799 803 807 811 815 819 823 827 831 835 839 843 847 851 855 859 863 867 871 875 879 883 887 891 6880 6914
NODE_NUM = 38
FILE arbiter_sub_132.aig

# Subcircuit 133
SUB_ID 133
LO (4):  766 770 771 7173
LI (39):  20 21 22 147 148 775 779 783 787 791 795 799 803 807 811 815 819 823 827 831 835 839 843 847 851 855 859 863 867 871 875 879 883 887 891 895 899 7138 7172
NODE_NUM = 38
FILE arbiter_sub_133.aig

# Subcircuit 134
SUB_ID 134
LO (4):  774 778 779 7431
LI (39):  23 24 25 150 151 783 787 791 795 799 803 807 811 815 819 823 827 831 835 839 843 847 851 855 859 863 867 871 875 879 883 887 891 895 899 903 907 7396 7430
NODE_NUM = 38
FILE arbiter_sub_134.aig

# Subcircuit 135
SUB_ID 135
LO (5):  782 786 787 7689 12175
LI (42):  26 27 28 153 154 791 795 798 799 803 807 811 815 819 823 827 831 835 839 843 847 851 855 859 863 867 871 875 879 883 887 891 895 899 903 907 911 915 7654 7688 12171 12173
NODE_NUM = 41
FILE arbiter_sub_135.aig

# Subcircuit 136
SUB_ID 136
LO (4):  790 794 795 7947
LI (39):  29 30 31 156 157 799 803 807 811 815 819 823 827 831 835 839 843 847 851 855 859 863 867 871 875 879 883 887 891 895 899 903 907 911 915 919 923 7912 7946
NODE_NUM = 38
FILE arbiter_sub_136.aig

# Subcircuit 137
SUB_ID 137
LO (4):  798 802 803 8205
LI (39):  32 33 34 159 160 807 811 815 819 823 827 831 835 839 843 847 851 855 859 863 867 871 875 879 883 887 891 895 899 903 907 911 915 919 923 927 931 8170 8204
NODE_NUM = 38
FILE arbiter_sub_137.aig

# Subcircuit 138
SUB_ID 138
LO (4):  806 810 811 8463
LI (39):  35 36 37 162 163 815 819 823 827 831 835 839 843 847 851 855 859 863 867 871 875 879 883 887 891 895 899 903 907 911 915 919 923 927 931 935 939 8428 8462
NODE_NUM = 38
FILE arbiter_sub_138.aig

# Subcircuit 139
SUB_ID 139
LO (7):  814 818 819 820 1514 8721 12173
LI (42):  38 39 40 165 166 816 823 827 830 831 835 839 843 847 851 855 859 863 867 871 875 879 883 887 891 895 899 903 907 911 915 919 923 927 931 935 939 943 947 1511 8686 8720
NODE_NUM = 43
FILE arbiter_sub_139.aig

# Subcircuit 140
SUB_ID 140
LO (4):  822 826 827 8979
LI (39):  41 42 43 168 169 831 835 839 843 847 851 855 859 863 867 871 875 879 883 887 891 895 899 903 907 911 915 919 923 927 931 935 939 943 947 951 955 8944 8978
NODE_NUM = 38
FILE arbiter_sub_140.aig

# Subcircuit 141
SUB_ID 141
LO (4):  830 834 835 9237
LI (39):  44 45 46 171 172 839 843 847 851 855 859 863 867 871 875 879 883 887 891 895 899 903 907 911 915 919 923 927 931 935 939 943 947 951 955 959 963 9202 9236
NODE_NUM = 38
FILE arbiter_sub_141.aig

# Subcircuit 142
SUB_ID 142
LO (4):  838 842 843 9495
LI (39):  47 48 49 174 175 847 851 855 859 863 867 871 875 879 883 887 891 895 899 903 907 911 915 919 923 927 931 935 939 943 947 951 955 959 963 967 971 9460 9494
NODE_NUM = 38
FILE arbiter_sub_142.aig

# Subcircuit 143
SUB_ID 143
LO (5):  846 850 851 9753 12171
LI (41):  50 51 52 177 178 855 859 862 863 867 871 875 879 883 887 891 895 899 903 907 911 915 919 923 927 931 935 939 943 947 951 955 959 963 967 971 975 979 9718 9752 12170
NODE_NUM = 40
FILE arbiter_sub_143.aig

# Subcircuit 144
SUB_ID 144
LO (4):  854 858 859 10011
LI (39):  53 54 55 180 181 863 867 871 875 879 883 887 891 895 899 903 907 911 915 919 923 927 931 935 939 943 947 951 955 959 963 967 971 975 979 983 987 9976 10010
NODE_NUM = 38
FILE arbiter_sub_144.aig

# Subcircuit 145
SUB_ID 145
LO (4):  862 866 867 10269
LI (39):  56 57 58 183 184 871 875 879 883 887 891 895 899 903 907 911 915 919 923 927 931 935 939 943 947 951 955 959 963 967 971 975 979 983 987 991 995 10234 10268
NODE_NUM = 38
FILE arbiter_sub_145.aig

# Subcircuit 146
SUB_ID 146
LO (4):  870 874 875 10527
LI (39):  59 60 61 186 187 879 883 887 891 895 899 903 907 911 915 919 923 927 931 935 939 943 947 951 955 959 963 967 971 975 979 983 987 991 995 999 1003 10492 10526
NODE_NUM = 38
FILE arbiter_sub_146.aig

# Subcircuit 147
SUB_ID 147
LO (5):  878 882 883 10785 12170
LI (40):  62 63 64 189 190 887 891 894 895 899 903 907 911 915 919 923 927 931 935 939 943 947 951 955 959 963 967 971 975 979 983 987 991 995 999 1003 1007 1011 10750 10784
NODE_NUM = 39
FILE arbiter_sub_147.aig

# Subcircuit 148
SUB_ID 148
LO (4):  886 890 891 11043
LI (39):  65 66 67 192 193 895 899 903 907 911 915 919 923 927 931 935 939 943 947 951 955 959 963 967 971 975 979 983 987 991 995 999 1003 1007 1011 1015 1019 11008 11042
NODE_NUM = 38
FILE arbiter_sub_148.aig

# Subcircuit 149
SUB_ID 149
LO (4):  894 898 899 11301
LI (39):  68 69 70 195 196 903 907 911 915 919 923 927 931 935 939 943 947 951 955 959 963 967 971 975 979 983 987 991 995 999 1003 1007 1011 1015 1019 1023 1027 11266 11300
NODE_NUM = 38
FILE arbiter_sub_149.aig

# Subcircuit 150
SUB_ID 150
LO (6):  902 906 907 908 1802 4394
LI (45):  71 72 73 198 199 904 911 915 919 923 927 931 935 939 943 947 951 955 959 963 967 971 975 979 983 987 991 995 999 1003 1007 1011 1015 1019 1023 1027 1031 1035 1039 1043 1047 1051 1055 1795 4356
NODE_NUM = 50
FILE arbiter_sub_150.aig

# Subcircuit 151
SUB_ID 151
LO (8):  910 914 915 916 1538 2061 4644 12223
LI (43):  74 75 76 201 202 912 919 923 926 927 931 935 939 943 947 951 955 959 963 967 971 975 979 983 987 991 995 999 1003 1007 1011 1015 1019 1023 1027 1031 1535 2054 4614 12207 12210 12212 12221
NODE_NUM = 50
FILE arbiter_sub_151.aig

# Subcircuit 152
SUB_ID 152
LO (5):  918 922 923 2319 7215
LI (45):  77 78 79 204 205 927 931 935 939 943 947 951 955 959 963 967 971 975 979 983 987 991 995 999 1003 1007 1011 1015 1019 1023 1027 1031 1035 1039 1043 1047 1051 1055 1059 1068 1574 1576 1837 2312 7176
NODE_NUM = 50
FILE arbiter_sub_152.aig

# Subcircuit 153
SUB_ID 153
LO (5):  926 930 931 2581 11559
LI (34):  80 81 82 207 208 935 939 943 947 951 955 959 963 967 971 975 979 983 987 991 995 999 1003 1007 1011 1015 1019 1023 1027 1031 1035 2570 11530 11558
NODE_NUM = 43
FILE arbiter_sub_153.aig

# Subcircuit 154
SUB_ID 154
LO (4):  934 938 939 2860
LI (37):  83 84 85 210 211 943 947 951 955 959 963 967 971 975 979 983 987 991 995 999 1003 1007 1011 1015 1019 1023 1027 1031 1035 1039 1043 1047 1051 1055 1059 1574 2828
NODE_NUM = 36
FILE arbiter_sub_154.aig

# Subcircuit 155
SUB_ID 155
LO (5):  942 946 947 3116 12212
LI (36):  86 87 88 213 214 951 955 958 959 963 967 971 975 979 983 987 991 995 999 1003 1007 1011 1015 1019 1023 1027 1031 1035 1039 1043 1047 1051 1055 1059 1574 3086
NODE_NUM = 35
FILE arbiter_sub_155.aig

# Subcircuit 156
SUB_ID 156
LO (4):  950 954 955 3389
LI (49):  89 90 91 216 217 959 963 967 971 975 979 983 987 991 995 999 1003 1007 1011 1015 1019 1023 1027 1031 1035 1039 1043 1047 1051 1055 1059 1068 1072 1076 1080 1084 1088 1092 1096 1100 1104 1108 1112 1116 1574 1576 1837 3344 3388
NODE_NUM = 48
FILE arbiter_sub_156.aig

# Subcircuit 157
SUB_ID 157
LO (5):  958 962 963 2323 3647
LI (50):  92 93 94 219 220 967 971 975 979 983 987 991 995 999 1003 1007 1011 1015 1019 1023 1027 1031 1035 1039 1043 1047 1051 1055 1059 1068 1072 1076 1080 1084 1088 1092 1096 1100 1104 1108 1112 1116 1120 1124 1574 1576 1837 2322 3602 3646
NODE_NUM = 49
FILE arbiter_sub_157.aig

# Subcircuit 158
SUB_ID 158
LO (4):  966 970 971 3905
LI (49):  95 96 97 222 223 975 979 983 987 991 995 999 1003 1007 1011 1015 1019 1023 1027 1031 1035 1039 1043 1047 1051 1055 1059 1068 1072 1076 1080 1084 1088 1092 1096 1100 1104 1108 1112 1116 1120 1124 1128 1132 1574 1576 1837 3860 3904
NODE_NUM = 48
FILE arbiter_sub_158.aig

# Subcircuit 159
SUB_ID 159
LO (6):  974 978 979 2327 4161 12210
LI (51):  98 99 100 225 226 983 987 990 991 995 999 1003 1007 1011 1015 1019 1023 1027 1031 1035 1039 1043 1047 1051 1055 1059 1068 1072 1076 1080 1084 1088 1092 1096 1100 1104 1108 1112 1116 1120 1124 1128 1132 1136 1140 1574 1576 1837 2326 4118 12209
NODE_NUM = 50
FILE arbiter_sub_159.aig

# Subcircuit 160
SUB_ID 160
LO (5):  982 986 987 2585 8517
LI (51):  101 102 103 228 229 991 995 999 1003 1007 1011 1015 1019 1023 1027 1031 1035 1039 1043 1047 1051 1055 1059 1068 1072 1076 1080 1084 1088 1092 1096 1100 1104 1108 1112 1116 1120 1124 1128 1132 1136 1140 1144 1148 1152 1156 1574 1576 1837 2584 8472
NODE_NUM = 50
FILE arbiter_sub_160.aig

# Subcircuit 161
SUB_ID 161
LO (5):  990 994 995 2331 8775
LI (51):  104 105 106 231 232 999 1003 1007 1011 1015 1019 1023 1027 1031 1035 1039 1043 1047 1051 1055 1059 1068 1072 1076 1080 1084 1088 1092 1096 1100 1104 1108 1112 1116 1120 1124 1128 1132 1136 1140 1144 1148 1152 1156 1160 1164 1574 1576 1837 2330 8730
NODE_NUM = 50
FILE arbiter_sub_161.aig

# Subcircuit 162
SUB_ID 162
LO (6):  998 1002 1003 1004 2604 4921
LI (36):  107 108 109 234 235 1000 1007 1011 1015 1019 1023 1027 1031 1035 1039 1043 1047 1051 1055 1059 1068 1072 1076 1080 1084 1088 1092 1096 1100 1104 1108 1574 1576 1837 2588 4892
NODE_NUM = 50
FILE arbiter_sub_162.aig

# Subcircuit 163
SUB_ID 163
LO (7):  1006 1010 1011 1560 2347 5181 12209
LI (39):  110 111 112 237 238 1015 1019 1022 1023 1027 1031 1035 1039 1043 1047 1051 1055 1059 1068 1072 1076 1080 1084 1088 1092 1096 1100 1104 1108 1112 1116 1120 1124 1559 1574 1576 1837 2334 5150
NODE_NUM = 50
FILE arbiter_sub_163.aig

# Subcircuit 164
SUB_ID 164
LO (6):  1014 1018 1019 1020 1834 5442
LI (41):  113 114 115 240 241 1016 1023 1027 1031 1035 1039 1043 1047 1051 1055 1059 1068 1072 1076 1080 1084 1088 1092 1096 1100 1104 1108 1112 1116 1120 1124 1128 1132 1136 1140 1144 1574 1576 1823 1837 5408
NODE_NUM = 50
FILE arbiter_sub_164.aig

# Subcircuit 165
SUB_ID 165
LO (6):  1022 1026 1027 1564 2091 5702
LI (43):  116 117 118 243 244 1031 1035 1039 1043 1047 1051 1055 1059 1068 1072 1076 1080 1084 1088 1092 1096 1100 1104 1108 1112 1116 1120 1124 1128 1132 1136 1140 1144 1148 1152 1156 1160 1563 1574 1576 1837 2082 5666
NODE_NUM = 50
FILE arbiter_sub_165.aig

# Subcircuit 166
SUB_ID 166
LO (5):  1030 1034 1035 1036 4679
LI (40):  119 120 121 246 247 1032 1039 1043 1047 1051 1055 1059 1068 1072 1076 1080 1084 1088 1092 1096 1100 1104 1108 1112 1116 1120 1124 1128 1132 1136 1140 1144 1148 1152 1156 1574 1576 1837 4644 4678
NODE_NUM = 39
FILE arbiter_sub_166.aig

# Subcircuit 167
SUB_ID 167
LO (6):  1038 1042 1043 1568 5969 12221
LI (51):  122 123 124 249 250 1047 1051 1054 1055 1059 1068 1072 1076 1080 1084 1088 1092 1096 1100 1104 1108 1112 1116 1120 1124 1128 1132 1136 1140 1144 1148 1152 1156 1160 1164 1168 1172 1176 1180 1184 1188 1192 1196 1567 1574 1576 1837 5926 5968 12217 12219
NODE_NUM = 50
FILE arbiter_sub_167.aig

# Subcircuit 168
SUB_ID 168
LO (5):  1046 1050 1051 1052 6227
LI (48):  125 126 127 252 253 1048 1055 1059 1068 1072 1076 1080 1084 1088 1092 1096 1100 1104 1108 1112 1116 1120 1124 1128 1132 1136 1140 1144 1148 1152 1156 1160 1164 1168 1172 1176 1180 1184 1188 1192 1196 1200 1204 1574 1576 1837 6184 6226
NODE_NUM = 47
FILE arbiter_sub_168.aig

# Subcircuit 169
SUB_ID 169
LO (5):  1054 1058 1059 1572 4421
LI (32):  1 2 128 255 256 1068 1072 1076 1080 1084 1088 1092 1096 1100 1104 1108 1112 1116 1120 1124 1128 1132 1136 1140 1144 1148 1571 1574 1576 1837 4394 4420
NODE_NUM = 31
FILE arbiter_sub_169.aig

# Subcircuit 170
SUB_ID 170
LO (2):  1068 6485
LI (40):  8 1067 1072 1076 1080 1084 1088 1092 1096 1100 1104 1108 1112 1116 1120 1124 1128 1132 1136 1140 1144 1148 1152 1156 1160 1164 1168 1172 1176 1180 1184 1188 1192 1196 1200 1204 1208 1212 6446 6484
NODE_NUM = 39
FILE arbiter_sub_170.aig

# Subcircuit 171
SUB_ID 171
LO (5):  1156 4937 5195 5453 6743
LI (26):  41 1155 1160 1164 1168 1172 1176 1180 1184 1188 1192 1196 1200 1204 1208 1212 1216 1220 4932 4936 5188 5194 5444 5452 6724 6742
NODE_NUM = 37
FILE arbiter_sub_171.aig

# Subcircuit 172
SUB_ID 172
LO (7):  1244 7517 7775 8033 8291 8549 8807
LI (24):  74 1243 1248 1252 1256 1260 1264 1268 1272 1276 1280 1284 7514 7516 7770 7774 8026 8032 8282 8290 8538 8548 8794 8806
NODE_NUM = 43
FILE arbiter_sub_172.aig

# Subcircuit 173
SUB_ID 173
LO (5):  1252 1626 9065 9323 9581
LI (23):  77 1251 1256 1260 1264 1268 1272 1276 1280 1284 1288 1292 1296 1300 1304 1308 1625 9052 9064 9308 9322 9564 9580
NODE_NUM = 44
FILE arbiter_sub_173.aig

# Subcircuit 174
SUB_ID 174
LO (6):  1340 3701 3959 4217 4475 6027
LI (31):  110 392 396 400 404 408 412 416 420 424 1339 1344 1348 1352 1356 1360 1364 1368 1372 1376 1380 1384 1388 1392 1396 1663 3698 3954 4210 4466 6002
NODE_NUM = 50
FILE arbiter_sub_174.aig

# Subcircuit 175
SUB_ID 175
LO (4):  1356 4733 4991 7575
LI (37):  116 392 396 400 404 408 412 416 420 424 428 432 436 440 444 448 452 456 460 464 468 472 1355 1360 1364 1368 1372 1376 1380 1384 1388 1392 1396 1663 4726 4982 7542
NODE_NUM = 50
FILE arbiter_sub_175.aig

# Subcircuit 176
SUB_ID 176
LO (2):  1372 5281
LI (40):  122 392 396 400 404 408 412 416 420 424 428 432 436 440 444 448 452 456 460 464 468 472 476 480 484 488 492 496 500 504 1371 1376 1380 1384 1388 1392 1396 1663 5242 5280
NODE_NUM = 39
FILE arbiter_sub_176.aig

# Subcircuit 177
SUB_ID 177
LO (5):  1399 1486 5591 5848 12035
LI (51):  4 131 387 731 735 739 743 747 751 755 759 763 767 771 775 779 783 787 791 795 799 803 807 811 815 819 823 827 831 835 839 843 847 851 855 859 863 867 871 875 879 883 887 891 895 899 1398 1750 5590 5846 11990
NODE_NUM = 50
FILE arbiter_sub_177.aig

# Subcircuit 178
SUB_ID 178
LO (26):  1535 1559 1573 1579 1753 1823 1840 1887 1977 2012 2082 2098 2145 2235 2270 2356 2406 2443 2493 2528 2614 2665 2751 2786 2872 2925
LI (68):  130 131 133 135 136 138 139 141 142 144 145 147 148 392 396 400 404 408 412 416 608 616 624 632 733 741 749 757 765 911 1007 1015 1023 1070 1078 1086 1094 1102 1260 1268 1276 1280 1284 1288 1292 1296 1300 1304 1308 1312 1316 1534 1558 1578 1663 1822 1886 1976 2081 2144 2234 2402 2433 2442 2492 2660 2750 2918
NODE_NUM = 47
FILE arbiter_sub_178.aig

# Subcircuit 179
SUB_ID 179
LO (11):  2959 3009 3044 3130 3183 3217 3267 3302 3388 3441 3471
LI (40):  150 151 153 154 396 400 404 408 412 416 420 424 428 432 436 440 640 648 773 781 1110 1118 1300 1304 1308 1312 1316 1320 1324 1328 1332 2947 2958 3008 3176 3205 3216 3266 3434 3463
NODE_NUM = 50
FILE arbiter_sub_179.aig

# Subcircuit 180
SUB_ID 180
LO (16):  3475 3525 3560 3646 3698 3733 3783 3818 3904 3954 3991 4041 4076 4163 4210 4234
LI (46):  156 157 159 160 162 163 420 428 432 436 440 444 448 452 456 460 464 656 664 672 789 797 805 1126 1134 1142 1316 1320 1324 1328 1332 1336 3471 3474 3524 3692 3723 3732 3782 3950 3981 3990 4040 4161 4208 4233
NODE_NUM = 44
FILE arbiter_sub_180.aig

# Subcircuit 181
SUB_ID 181
LO (12):  4249 4299 4334 4420 4507 4557 4592 4614 4678 4726 4765 4815
LI (42):  165 166 168 169 424 428 432 436 440 444 448 452 456 460 464 468 472 476 480 484 488 680 688 696 813 821 911 1150 1158 1348 1352 4234 4248 4298 4491 4506 4556 4613 4724 4753 4764 4814
NODE_NUM = 50
FILE arbiter_sub_181.aig

# Subcircuit 182
SUB_ID 182
LO (14):  4850 4932 4936 5023 5073 5108 5188 5194 5242 5331 5366 5444 5452 5503
LI (55):  171 172 174 175 177 178 444 448 452 456 460 464 468 472 476 480 484 488 492 496 704 712 829 837 845 1112 1116 1120 1124 1128 1132 1136 1140 1144 1148 1152 1166 1174 1182 1364 1368 1372 1376 1380 1384 1388 4921 5007 5022 5072 5181 5240 5330 5442 5498
NODE_NUM = 50
FILE arbiter_sub_182.aig

# Subcircuit 183
SUB_ID 183
LO (5):  5539 5590 5624 5711 5758
LI (54):  180 181 392 396 400 404 408 412 416 420 424 428 432 436 440 444 448 452 456 460 464 468 472 476 480 484 488 492 496 500 504 508 512 720 853 1164 1168 1172 1176 1180 1184 1188 1190 1380 1384 1392 1396 1484 1663 5503 5538 5588 5702 5756
NODE_NUM = 49
FILE arbiter_sub_183.aig

# Subcircuit 184
SUB_ID 184
LO (5):  5797 5882 5926 5968 5999
LI (55):  183 184 392 396 400 404 408 412 416 420 424 428 432 436 440 444 448 452 456 460 464 468 472 476 480 484 488 492 496 500 504 508 512 516 520 861 1035 1039 1198 1296 1300 1304 1308 1312 1316 1320 1324 1388 1392 1396 1663 5758 5796 5924 5991
NODE_NUM = 50
FILE arbiter_sub_184.aig

# Subcircuit 185
SUB_ID 185
LO (7):  6002 6055 6106 6140 6184 6226 6282
LI (53):  186 187 392 396 400 404 408 412 416 420 428 432 436 440 444 448 452 456 460 464 468 472 476 480 484 488 492 496 500 504 508 512 516 520 524 528 731 735 869 1043 1047 1206 1328 1332 1336 1396 1663 5999 6027 6054 6104 6182 6272
NODE_NUM = 46
FILE arbiter_sub_185.aig

# Subcircuit 186
SUB_ID 186
LO (6):  6313 6364 6398 6446 6484 6537
LI (53):  189 190 392 396 400 404 408 412 416 424 428 432 436 440 444 448 452 456 460 464 468 472 476 480 484 488 492 496 500 504 508 512 516 520 524 528 532 536 739 743 877 1051 1055 1059 1214 1574 1576 1837 6282 6312 6362 6440 6530
NODE_NUM = 47
FILE arbiter_sub_186.aig

# Subcircuit 187
SUB_ID 187
LO (4):  6571 6622 6656 6712
LI (54):  192 420 424 428 432 436 440 444 448 452 456 460 464 468 472 476 480 484 488 492 496 500 504 508 512 516 520 524 528 532 536 540 544 747 751 885 1059 1068 1072 1076 1080 1084 1088 1092 1096 1100 1104 1574 1576 1837 6537 6570 6620 6698
NODE_NUM = 50
FILE arbiter_sub_187.aig

# Subcircuit 188
SUB_ID 188
LO (3):  6724 6742 6825
LI (53):  193 400 404 408 412 416 420 424 428 432 436 440 444 448 452 456 460 464 468 472 476 480 484 488 492 496 500 504 508 512 516 520 524 528 532 536 540 544 1108 1112 1116 1120 1124 1128 1132 1136 1140 1144 1148 1152 1222 6712 6788
NODE_NUM = 50
FILE arbiter_sub_188.aig

# Subcircuit 189
SUB_ID 189
LO (4):  6829 6880 6914 7001
LI (54):  195 548 552 755 759 893 1068 1072 1076 1080 1084 1088 1092 1096 1100 1104 1108 1112 1116 1120 1124 1128 1132 1136 1140 1144 1148 1152 1156 1160 1164 1168 1172 1176 1180 1184 1188 1192 1196 1200 1204 1208 1212 1216 1220 1224 1228 1576 1837 6825 6828 6878 6956 7000
NODE_NUM = 50
FILE arbiter_sub_189.aig

# Subcircuit 190
SUB_ID 190
LO (6):  7000 7087 7138 7172 7176 7219
LI (56):  196 198 408 412 416 420 424 428 432 436 440 444 448 452 456 460 464 468 472 476 480 484 488 492 496 500 504 508 512 516 520 524 528 532 536 540 544 548 552 556 560 763 767 901 915 919 1072 1076 1080 1084 1230 7046 7086 7136 7174 7215
NODE_NUM = 50
FILE arbiter_sub_190.aig

# Subcircuit 191
SUB_ID 191
LO (2):  7259 7314
LI (52):  199 416 420 424 428 432 436 440 444 448 452 1088 1092 1096 1100 1104 1108 1112 1116 1120 1124 1128 1132 1136 1140 1144 1148 1152 1156 1160 1164 1168 1172 1176 1180 1184 1188 1192 1196 1200 1204 1208 1212 1216 1220 1224 1228 1232 1236 1238 7219 7304
NODE_NUM = 50
FILE arbiter_sub_191.aig

# Subcircuit 192
SUB_ID 192
LO (4):  7345 7396 7430 7469
LI (54):  201 456 460 464 468 472 476 480 484 488 492 496 500 504 508 512 516 520 524 528 532 536 540 544 548 552 556 560 564 568 771 775 909 1003 1007 1011 1015 1019 1023 1027 1031 1035 1039 1043 1047 1051 1055 1059 1574 1576 7314 7344 7394 7452
NODE_NUM = 50
FILE arbiter_sub_192.aig

# Subcircuit 193
SUB_ID 193
LO (4):  7514 7516 7542 7576
LI (54):  202 476 1068 1072 1076 1080 1084 1088 1092 1096 1100 1104 1108 1112 1116 1120 1124 1128 1132 1136 1140 1144 1148 1152 1156 1160 1164 1168 1172 1176 1180 1184 1188 1192 1196 1200 1204 1208 1212 1216 1220 1224 1228 1232 1236 1240 1246 1344 1348 1352 1837 7469 7539 7575
NODE_NUM = 50
FILE arbiter_sub_193.aig

# Subcircuit 194
SUB_ID 194
LO (4):  7603 7654 7688 7730
LI (54):  204 480 484 488 492 496 500 504 508 512 516 520 524 528 532 536 540 544 548 552 556 560 564 568 572 576 779 783 917 1007 1011 1015 1019 1023 1027 1031 1035 1039 1043 1047 1051 1055 1059 1068 1072 1076 1080 1574 1576 1837 7576 7602 7652 7709
NODE_NUM = 50
FILE arbiter_sub_194.aig

# Subcircuit 195
SUB_ID 195
LO (3):  7770 7774 7788
LI (53):  205 1084 1088 1092 1096 1100 1104 1108 1112 1116 1120 1124 1128 1132 1136 1140 1144 1148 1152 1156 1160 1164 1168 1172 1176 1180 1184 1188 1192 1196 1200 1204 1208 1212 1216 1220 1224 1228 1232 1236 1240 1254 1280 1284 1288 1292 1296 1300 1304 1308 1312 7730 7779
NODE_NUM = 50
FILE arbiter_sub_195.aig

# Subcircuit 196
SUB_ID 196
LO (1):  7838
LI (51):  392 396 400 404 408 412 416 420 424 428 432 436 440 444 448 452 456 460 464 468 472 476 480 484 488 492 496 500 1316 1320 1324 1328 1332 1336 1340 1344 1348 1352 1356 1360 1364 1368 1372 1376 1380 1384 1388 1392 1396 1663 7788
NODE_NUM = 50
FILE arbiter_sub_196.aig

# Subcircuit 197
SUB_ID 197
LO (4):  7861 7912 7946 7992
LI (54):  207 504 508 512 516 520 524 528 532 536 540 544 548 552 556 560 564 568 572 576 580 584 787 791 925 1015 1019 1023 1027 1031 1035 1039 1043 1047 1051 1055 1059 1068 1072 1076 1080 1084 1088 1092 1096 1100 1104 1574 1576 1837 7838 7860 7910 7967
NODE_NUM = 50
FILE arbiter_sub_197.aig

# Subcircuit 198
SUB_ID 198
LO (3):  8026 8032 8052
LI (53):  208 1108 1112 1116 1120 1124 1128 1132 1136 1140 1144 1148 1152 1156 1160 1164 1168 1172 1176 1180 1184 1188 1192 1196 1200 1204 1208 1212 1216 1220 1224 1228 1232 1236 1240 1262 1288 1292 1296 1300 1304 1308 1312 1316 1320 1324 1328 1332 1336 1340 1344 7992 8037
NODE_NUM = 50
FILE arbiter_sub_198.aig

# Subcircuit 199
SUB_ID 199
LO (1):  8102
LI (51):  392 396 400 404 408 412 416 420 424 428 432 436 440 444 448 452 456 460 464 468 472 476 480 484 488 492 496 500 504 508 512 516 520 524 528 532 1348 1352 1356 1360 1364 1368 1372 1376 1380 1384 1388 1392 1396 1663 8052
NODE_NUM = 50
FILE arbiter_sub_199.aig

# Subcircuit 200
SUB_ID 200
LO (4):  8119 8170 8204 8256
LI (54):  210 536 540 544 548 552 556 560 564 568 572 576 580 584 588 592 795 799 933 1023 1027 1031 1035 1039 1043 1047 1051 1055 1059 1068 1072 1076 1080 1084 1088 1092 1096 1100 1104 1108 1112 1116 1120 1124 1128 1132 1136 1574 1576 1837 8102 8118 8168 8225
NODE_NUM = 50
FILE arbiter_sub_200.aig

# Subcircuit 201
SUB_ID 201
LO (3):  8282 8290 8336
LI (53):  211 392 396 400 404 408 412 416 420 424 428 432 436 440 444 1140 1144 1148 1152 1156 1160 1164 1168 1172 1176 1180 1184 1188 1192 1196 1200 1204 1208 1212 1216 1220 1224 1228 1232 1236 1240 1270 1368 1372 1376 1380 1384 1388 1392 1396 1663 8256 8313
NODE_NUM = 50
FILE arbiter_sub_201.aig

# Subcircuit 202
SUB_ID 202
LO (5):  8377 8428 8462 8472 8518
LI (55):  213 448 452 456 460 464 468 472 476 480 484 488 492 496 500 504 508 512 516 520 524 528 532 536 540 544 548 552 556 560 564 568 572 576 580 584 588 592 596 600 803 807 941 963 967 971 975 979 983 1160 8336 8376 8426 8466 8517
NODE_NUM = 50
FILE arbiter_sub_202.aig

# Subcircuit 203
SUB_ID 203
LO (3):  8538 8548 8600
LI (53):  214 392 396 400 404 408 412 416 420 424 428 432 436 440 444 448 452 456 460 464 468 472 476 1164 1168 1172 1176 1180 1184 1188 1192 1196 1200 1204 1208 1212 1216 1220 1224 1228 1232 1236 1240 1278 1376 1380 1384 1388 1392 1396 1663 8518 8571
NODE_NUM = 50
FILE arbiter_sub_203.aig

# Subcircuit 204
SUB_ID 204
LO (5):  8635 8686 8720 8730 8780
LI (55):  216 480 484 488 492 496 500 504 508 512 516 520 524 528 532 536 540 544 548 552 556 560 564 568 572 576 580 584 588 592 596 600 604 608 811 815 949 963 967 971 975 979 983 987 991 1168 1172 1176 1180 1184 8600 8634 8684 8722 8775
NODE_NUM = 50
FILE arbiter_sub_204.aig

# Subcircuit 205
SUB_ID 205
LO (3):  8794 8806 8864
LI (53):  217 392 396 400 404 408 412 416 420 424 428 432 436 440 444 448 452 456 460 464 468 472 476 480 484 488 492 496 500 504 508 1188 1192 1196 1200 1204 1208 1212 1216 1220 1224 1228 1232 1236 1240 1286 1384 1388 1392 1396 1663 8780 8829
NODE_NUM = 50
FILE arbiter_sub_205.aig

# Subcircuit 206
SUB_ID 206
LO (4):  8893 8944 8978 9001
LI (54):  219 512 516 520 524 528 532 536 540 544 548 552 556 560 564 568 572 576 580 584 588 592 596 600 604 608 612 616 819 823 957 979 983 987 991 995 999 1003 1007 1011 1015 1019 1023 1027 1031 1035 1039 1043 1047 1051 8864 8892 8942 8982
NODE_NUM = 50
FILE arbiter_sub_206.aig

# Subcircuit 207
SUB_ID 207
LO (1):  9051
LI (51):  1055 1059 1068 1072 1076 1080 1084 1088 1092 1096 1100 1104 1108 1112 1116 1120 1124 1128 1132 1136 1140 1144 1148 1152 1156 1160 1164 1168 1172 1176 1180 1184 1188 1192 1196 1200 1204 1208 1212 1216 1220 1224 1228 1232 1236 1240 1244 1574 1576 1837 9001
NODE_NUM = 50
FILE arbiter_sub_207.aig

# Subcircuit 208
SUB_ID 208
LO (3):  9052 9064 9135
LI (53):  220 392 396 400 404 408 412 416 420 424 428 432 436 440 444 448 452 456 460 464 468 472 476 480 484 488 492 496 500 504 508 512 516 520 524 528 532 536 540 544 548 552 556 560 564 568 1248 1294 1392 1396 1663 9051 9087
NODE_NUM = 50
FILE arbiter_sub_208.aig

# Subcircuit 209
SUB_ID 209
LO (4):  9151 9202 9236 9272
LI (54):  222 572 576 580 584 588 592 596 600 604 608 612 616 620 624 827 831 965 987 991 995 999 1003 1007 1011 1015 1019 1023 1027 1031 1035 1039 1043 1047 1051 1055 1059 1068 1072 1076 1080 1084 1088 1092 1096 1100 1104 1574 1576 1837 9135 9150 9200 9240
NODE_NUM = 50
FILE arbiter_sub_209.aig

# Subcircuit 210
SUB_ID 210
LO (3):  9308 9322 9358
LI (53):  223 392 396 400 404 408 412 416 420 424 428 432 436 1108 1112 1116 1120 1124 1128 1132 1136 1140 1144 1148 1152 1156 1160 1164 1168 1172 1176 1180 1184 1188 1192 1196 1200 1204 1208 1212 1216 1220 1224 1228 1232 1236 1240 1244 1248 1302 1663 9272 9345
NODE_NUM = 50
FILE arbiter_sub_210.aig

# Subcircuit 211
SUB_ID 211
LO (1):  9409
LI (51):  440 444 448 452 456 460 464 468 472 476 480 484 488 492 496 500 504 508 512 516 520 524 528 532 536 540 544 548 552 556 560 564 568 572 576 580 584 588 592 596 600 604 608 612 616 620 624 628 632 9358 9408
NODE_NUM = 50
FILE arbiter_sub_211.aig

# Subcircuit 212
SUB_ID 212
LO (3):  9460 9494 9545
LI (53):  225 835 839 973 995 999 1003 1007 1011 1015 1019 1023 1027 1031 1035 1039 1043 1047 1051 1055 1059 1068 1072 1076 1080 1084 1088 1092 1096 1100 1104 1108 1112 1116 1120 1124 1128 1132 1136 1140 1144 1148 1152 1156 1160 1164 1168 1172 1574 1576 1837 9458 9498
NODE_NUM = 50
FILE arbiter_sub_212.aig

# Subcircuit 213
SUB_ID 213
LO (3):  9564 9580 9633
LI (53):  226 396 400 404 408 412 416 420 424 428 432 436 440 444 448 452 456 460 464 468 472 476 480 484 488 492 496 500 504 508 512 1176 1180 1184 1188 1192 1196 1200 1204 1208 1212 1216 1220 1224 1228 1232 1236 1240 1244 1248 1310 9545 9603
NODE_NUM = 50
FILE arbiter_sub_213.aig

# Subcircuit 214
SUB_ID 214
LO (4):  9667 9718 9752 9770
LI (54):  228 516 520 524 528 532 536 540 544 548 552 556 560 564 568 572 576 580 584 588 592 596 600 604 608 612 616 620 624 628 632 636 640 843 847 981 1003 1007 1011 1015 1019 1023 1027 1031 1035 1039 1043 1047 1051 1055 9633 9666 9716 9756
NODE_NUM = 50
FILE arbiter_sub_214.aig

# Subcircuit 215
SUB_ID 215
LO (1):  9820
LI (51):  1059 1068 1072 1076 1080 1084 1088 1092 1096 1100 1104 1108 1112 1116 1120 1124 1128 1132 1136 1140 1144 1148 1152 1156 1160 1164 1168 1172 1176 1180 1184 1188 1192 1196 1200 1204 1208 1212 1216 1220 1224 1228 1232 1236 1240 1244 1248 1574 1576 1837 9770
NODE_NUM = 50
FILE arbiter_sub_215.aig

# Subcircuit 216
SUB_ID 216
LO (2):  9839 9892
LI (52):  229 404 408 412 416 420 424 428 432 436 440 444 448 452 456 460 464 468 472 476 480 484 488 492 496 500 504 508 512 516 520 524 1252 1256 1260 1264 1268 1272 1276 1280 1284 1288 1292 1296 1300 1304 1308 1312 1316 1318 9820 9861
NODE_NUM = 50
FILE arbiter_sub_216.aig

# Subcircuit 217
SUB_ID 217
LO (4):  9925 9976 10010 10029
LI (54):  231 528 532 536 540 544 548 552 556 560 564 568 572 576 580 584 588 592 596 600 604 608 612 616 620 624 628 632 636 640 644 648 851 855 989 1011 1015 1019 1023 1027 1031 1035 1039 1043 1047 1051 1055 1059 1574 1576 9892 9924 9974 10014
NODE_NUM = 50
FILE arbiter_sub_217.aig

# Subcircuit 218
SUB_ID 218
LO (1):  10079
LI (51):  1068 1072 1076 1080 1084 1088 1092 1096 1100 1104 1108 1112 1116 1120 1124 1128 1132 1136 1140 1144 1148 1152 1156 1160 1164 1168 1172 1176 1180 1184 1188 1192 1196 1200 1204 1208 1212 1216 1220 1224 1228 1232 1236 1240 1244 1248 1252 1256 1260 1837 10029
NODE_NUM = 50
FILE arbiter_sub_218.aig

# Subcircuit 219
SUB_ID 219
LO (2):  10097 10151
LI (52):  232 412 416 420 424 428 432 436 440 444 448 452 456 460 464 468 472 476 480 484 488 492 496 500 504 508 512 516 520 524 528 532 536 1264 1268 1272 1276 1280 1284 1288 1292 1296 1300 1304 1308 1312 1316 1320 1324 1326 10079 10119
NODE_NUM = 50
FILE arbiter_sub_219.aig

# Subcircuit 220
SUB_ID 220
LO (4):  10183 10234 10268 10288
LI (54):  234 540 544 548 552 556 560 564 568 572 576 580 584 588 592 596 600 604 608 612 616 620 624 628 632 636 640 644 648 652 656 859 863 997 1019 1023 1027 1031 1035 1039 1043 1047 1051 1055 1059 1068 1072 1574 1576 1837 10151 10182 10232 10272
NODE_NUM = 50
FILE arbiter_sub_220.aig

# Subcircuit 221
SUB_ID 221
LO (1):  10338
LI (51):  1076 1080 1084 1088 1092 1096 1100 1104 1108 1112 1116 1120 1124 1128 1132 1136 1140 1144 1148 1152 1156 1160 1164 1168 1172 1176 1180 1184 1188 1192 1196 1200 1204 1208 1212 1216 1220 1224 1228 1232 1236 1240 1244 1248 1252 1256 1260 1264 1268 1272 10288
NODE_NUM = 50
FILE arbiter_sub_221.aig

# Subcircuit 222
SUB_ID 222
LO (2):  10355 10404
LI (52):  235 396 400 404 408 412 416 420 424 428 432 436 440 444 448 452 456 460 464 468 472 476 480 484 488 492 496 500 504 508 512 516 520 524 1276 1280 1284 1288 1292 1296 1300 1304 1308 1312 1316 1320 1324 1328 1332 1334 10338 10371
NODE_NUM = 50
FILE arbiter_sub_222.aig

# Subcircuit 223
SUB_ID 223
LO (4):  10441 10492 10526 10541
LI (54):  237 528 532 536 540 544 548 552 556 560 564 568 572 576 580 584 588 592 596 600 604 608 612 616 620 624 628 632 636 640 644 648 652 656 660 664 867 871 1005 1027 1031 1035 1039 1043 1047 1051 1055 1059 1574 1576 10404 10440 10490 10530
NODE_NUM = 50
FILE arbiter_sub_223.aig

# Subcircuit 224
SUB_ID 224
LO (1):  10591
LI (51):  1068 1072 1076 1080 1084 1088 1092 1096 1100 1104 1108 1112 1116 1120 1124 1128 1132 1136 1140 1144 1148 1152 1156 1160 1164 1168 1172 1176 1180 1184 1188 1192 1196 1200 1204 1208 1212 1216 1220 1224 1228 1232 1236 1240 1244 1248 1252 1256 1260 1837 10541
NODE_NUM = 50
FILE arbiter_sub_224.aig

# Subcircuit 225
SUB_ID 225
LO (2):  10613 10663
LI (52):  238 428 432 436 440 444 448 452 456 460 464 468 472 476 480 484 488 492 496 500 504 508 512 516 520 524 528 532 536 1264 1268 1272 1276 1280 1284 1288 1292 1296 1300 1304 1308 1312 1316 1320 1324 1328 1332 1336 1340 1342 10591 10635
NODE_NUM = 50
FILE arbiter_sub_225.aig

# Subcircuit 226
SUB_ID 226
LO (4):  10699 10750 10784 10800
LI (54):  240 540 544 548 552 556 560 564 568 572 576 580 584 588 592 596 600 604 608 612 616 620 624 628 632 636 640 644 648 652 656 660 664 668 672 875 879 1013 1035 1039 1043 1047 1051 1055 1059 1068 1072 1574 1576 1837 10663 10698 10748 10788
NODE_NUM = 50
FILE arbiter_sub_226.aig

# Subcircuit 227
SUB_ID 227
LO (1):  10850
LI (51):  1076 1080 1084 1088 1092 1096 1100 1104 1108 1112 1116 1120 1124 1128 1132 1136 1140 1144 1148 1152 1156 1160 1164 1168 1172 1176 1180 1184 1188 1192 1196 1200 1204 1208 1212 1216 1220 1224 1228 1232 1236 1240 1244 1248 1252 1256 1260 1264 1268 1272 10800
NODE_NUM = 50
FILE arbiter_sub_227.aig

# Subcircuit 228
SUB_ID 228
LO (2):  10871 10922
LI (52):  241 436 440 444 448 452 456 460 464 468 472 476 480 484 488 492 496 500 504 508 512 516 520 524 528 532 536 540 544 548 1276 1280 1284 1288 1292 1296 1300 1304 1308 1312 1316 1320 1324 1328 1332 1336 1340 1344 1348 1350 10850 10893
NODE_NUM = 50
FILE arbiter_sub_228.aig

# Subcircuit 229
SUB_ID 229
LO (4):  10957 11008 11042 11059
LI (54):  243 552 556 560 564 568 572 576 580 584 588 592 596 600 604 608 612 616 620 624 628 632 636 640 644 648 652 656 660 664 668 672 676 680 883 887 1021 1043 1047 1051 1055 1059 1068 1072 1076 1080 1084 1574 1576 1837 10922 10956 11006 11046
NODE_NUM = 50
FILE arbiter_sub_229.aig

# Subcircuit 230
SUB_ID 230
LO (1):  11109
LI (51):  1088 1092 1096 1100 1104 1108 1112 1116 1120 1124 1128 1132 1136 1140 1144 1148 1152 1156 1160 1164 1168 1172 1176 1180 1184 1188 1192 1196 1200 1204 1208 1212 1216 1220 1224 1228 1232 1236 1240 1244 1248 1252 1256 1260 1264 1268 1272 1276 1280 1284 11059
NODE_NUM = 50
FILE arbiter_sub_230.aig

# Subcircuit 231
SUB_ID 231
LO (2):  11129 11175
LI (52):  244 420 424 428 432 436 440 444 448 452 456 460 464 468 472 476 480 484 488 492 496 500 504 508 512 516 520 524 528 532 536 1288 1292 1296 1300 1304 1308 1312 1316 1320 1324 1328 1332 1336 1340 1344 1348 1352 1356 1358 11109 11145
NODE_NUM = 50
FILE arbiter_sub_231.aig

# Subcircuit 232
SUB_ID 232
LO (4):  11215 11266 11300 11312
LI (54):  246 540 544 548 552 556 560 564 568 572 576 580 584 588 592 596 600 604 608 612 616 620 624 628 632 636 640 644 648 652 656 660 664 668 672 676 680 684 688 891 895 1029 1051 1055 1059 1068 1072 1574 1576 1837 11175 11214 11264 11304
NODE_NUM = 50
FILE arbiter_sub_232.aig

# Subcircuit 233
SUB_ID 233
LO (1):  11362
LI (51):  1076 1080 1084 1088 1092 1096 1100 1104 1108 1112 1116 1120 1124 1128 1132 1136 1140 1144 1148 1152 1156 1160 1164 1168 1172 1176 1180 1184 1188 1192 1196 1200 1204 1208 1212 1216 1220 1224 1228 1232 1236 1240 1244 1248 1252 1256 1260 1264 1268 1272 11312
NODE_NUM = 50
FILE arbiter_sub_233.aig

# Subcircuit 234
SUB_ID 234
LO (2):  11387 11428
LI (52):  247 428 432 436 440 444 448 452 456 460 464 468 472 476 480 484 488 492 496 500 504 508 512 516 520 524 1276 1280 1284 1288 1292 1296 1300 1304 1308 1312 1316 1320 1324 1328 1332 1336 1340 1344 1348 1352 1356 1360 1364 1366 11362 11403
NODE_NUM = 50
FILE arbiter_sub_234.aig

# Subcircuit 235
SUB_ID 235
LO (2):  11473 11528
LI (52):  528 532 536 540 544 548 552 556 560 564 568 572 576 580 584 588 592 596 600 604 608 612 616 620 624 628 632 636 640 644 648 652 656 660 664 668 672 676 680 684 688 692 696 899 903 907 911 915 919 11428 11472 11522
NODE_NUM = 50
FILE arbiter_sub_235.aig

# Subcircuit 236
SUB_ID 236
LO (3):  11530 11558 11609
LI (53):  249 923 927 1037 1059 1068 1072 1076 1080 1084 1088 1092 1096 1100 1104 1108 1112 1116 1120 1124 1128 1132 1136 1140 1144 1148 1152 1156 1160 1164 1168 1172 1176 1180 1184 1188 1192 1196 1200 1204 1208 1212 1216 1220 1224 1228 1232 1236 1574 1576 1837 11528 11562
NODE_NUM = 50
FILE arbiter_sub_236.aig

# Subcircuit 237
SUB_ID 237
LO (2):  11645 11679
LI (52):  250 452 456 460 464 468 472 476 480 484 488 492 496 500 504 1240 1244 1248 1252 1256 1260 1264 1268 1272 1276 1280 1284 1288 1292 1296 1300 1304 1308 1312 1316 1320 1324 1328 1332 1336 1340 1344 1348 1352 1356 1360 1364 1368 1372 1374 11609 11665
NODE_NUM = 50
FILE arbiter_sub_237.aig

# Subcircuit 238
SUB_ID 238
LO (1):  11729
LI (51):  508 512 516 520 524 528 532 536 540 544 548 552 556 560 564 568 572 576 580 584 588 592 596 600 604 608 612 616 620 624 628 632 636 640 644 648 652 656 660 664 668 672 676 680 684 688 692 696 700 704 11679
NODE_NUM = 50
FILE arbiter_sub_238.aig

# Subcircuit 239
SUB_ID 239
LO (3):  11731 11817 11831
LI (53):  252 907 911 915 919 923 927 931 935 939 943 947 951 955 959 963 967 971 975 979 983 987 991 995 999 1003 1007 1011 1015 1019 1023 1027 1031 1035 1039 1043 1045 1068 1072 1076 1080 1084 1088 1092 1096 1100 1574 1576 1837 11729 11730 11780 11819
NODE_NUM = 50
FILE arbiter_sub_239.aig

# Subcircuit 240
SUB_ID 240
LO (1):  11881
LI (51):  1104 1108 1112 1116 1120 1124 1128 1132 1136 1140 1144 1148 1152 1156 1160 1164 1168 1172 1176 1180 1184 1188 1192 1196 1200 1204 1208 1212 1216 1220 1224 1228 1232 1236 1240 1244 1248 1252 1256 1260 1264 1268 1272 1276 1280 1284 1288 1292 1296 1300 11831
NODE_NUM = 50
FILE arbiter_sub_240.aig

# Subcircuit 241
SUB_ID 241
LO (2):  11903 11947
LI (52):  253 444 448 452 456 460 464 468 472 476 480 484 488 492 496 500 504 508 512 516 520 524 528 532 536 540 544 548 552 1304 1308 1312 1316 1320 1324 1328 1332 1336 1340 1344 1348 1352 1356 1360 1364 1368 1372 1376 1380 1382 11881 11919
NODE_NUM = 50
FILE arbiter_sub_241.aig

# Subcircuit 242
SUB_ID 242
LO (3):  11989 11990 12043
LI (53):  556 560 564 568 572 576 580 584 588 592 596 600 604 608 612 616 620 624 628 632 636 640 644 648 652 656 660 664 668 672 676 680 684 688 692 696 700 704 708 712 903 907 911 915 919 923 927 931 1058 1483 11947 11988 12035
NODE_NUM = 50
FILE arbiter_sub_242.aig

# Subcircuit 243
SUB_ID 243
LO (2):  12075 12101
LI (52):  255 935 939 943 947 951 955 959 963 967 971 975 979 983 987 991 995 999 1003 1007 1011 1015 1019 1023 1027 1031 1035 1039 1043 1047 1051 1053 1088 1092 1096 1100 1104 1108 1112 1116 1120 1124 1128 1132 1136 1140 1144 1148 1152 1156 12043 12083
NODE_NUM = 50
FILE arbiter_sub_243.aig

# Subcircuit 244
SUB_ID 244
LO (1):  12151
LI (51):  1160 1164 1168 1172 1176 1180 1184 1188 1192 1196 1200 1204 1208 1212 1216 1220 1224 1228 1232 1236 1240 1244 1248 1252 1256 1260 1264 1268 1272 1276 1280 1284 1288 1292 1296 1300 1304 1308 1312 1316 1320 1324 1328 1332 1336 1340 1344 1348 1352 1356 12101
NODE_NUM = 50
FILE arbiter_sub_244.aig

# Subcircuit 245
SUB_ID 245
LO (8):  12161 12167 12179 12181 12190 12207 12217 12219
LI (55):  256 419 435 451 467 483 499 515 531 547 563 579 595 611 627 643 659 675 691 1064 1079 1095 1111 1127 1143 1159 1175 1191 1207 1223 1239 1255 1271 1287 1303 1319 1335 1351 1360 1364 1367 1368 1372 1376 1380 1383 1384 1388 1390 1483 12151 12189 12198 12205 12206
NODE_NUM = 43
FILE arbiter_sub_245.aig

