# Subcircuit 0
SUB_ID 0
LO (34):  274 318 696 719 747 1121 1136 1156 1418 1542 1562 1715 1722 1788 1795 1861 1868 1934 1941 2007 2014 2080 2417 2490 2563 3409 3412 3415 3418 3421 3424 3427 3430 3433
LI (61):  78 129 130 135 267 273 275 288 289 315 317 319 373 481 695 708 712 718 746 800 906 1120 1129 1131 1135 1155 1193 1267 1417 1491 1527 1535 1537 1541 1561 1714 1716 1721 1731 1749 1787 1791 1792 1804 1822 1860 1864 1865 1877 1895 1933 1937 1938 1950 1968 2006 2010 2011 2023 2041 2079
NODE_NUM = 98
FILE bar_sub_0.aig

# Subcircuit 1
SUB_ID 1
LO (30):  267 273 708 1129 1131 1535 1537 1791 1864 1937 2153 2159 2231 2445 2449 2522 2761 2829 3033 3101 3305 3373 3437 3449 3485 3497 3533 3545 3581 3593
LI (61):  79 81 129 130 135 272 275 288 302 315 319 372 426 479 698 705 706 1124 1126 1530 1532 1789 1862 1935 2083 2084 2096 2114 2152 2157 2375 2377 2388 2406 2444 2752 2755 2756 2820 2823 2824 3024 3027 3028 3092 3095 3096 3296 3297 3302 3364 3365 3370 3435 3447 3484 3496 3532 3544 3580 3592
NODE_NUM = 96
FILE bar_sub_1.aig

# Subcircuit 2
SUB_ID 2
LO (44):  272 275 288 289 302 315 317 371 373 425 427 452 705 1126 1541 1716 1721 1725 1729 1734 1738 1743 1745 1760 2010 2011 2021 2030 2039 2054 2302 2304 2308 2311 2320 2331 2346 2348 2732 2797 2865 2873 3283 3351
LI (21):  80 129 130 131 132 287 301 314 331 343 356 368 372 385 397 410 422 426 438 450 1539
NODE_NUM = 95
FILE bar_sub_2.aig

# Subcircuit 3
SUB_ID 3
LO (34):  287 746 1155 1561 1792 1865 1938 2131 2152 2204 2226 2277 2299 2423 2444 2496 2518 2569 2591 2755 2778 2795 2823 2846 2857 3435 3438 3441 3447 3450 3453 3486 3489 3498
LI (61):  74 129 130 135 275 280 286 288 302 315 426 479 733 737 743 1146 1148 1152 1552 1554 1558 2124 2126 2130 2150 2189 2197 2199 2203 2223 2262 2270 2272 2276 2296 2416 2417 2422 2442 2481 2489 2490 2495 2515 2554 2562 2563 2568 2588 2753 2769 2770 2775 2786 2787 2792 2821 2837 2838 2843 2855
NODE_NUM = 99
FILE bar_sub_3.aig

# Subcircuit 4
SUB_ID 4
LO (34):  280 286 301 712 718 959 1120 1135 1148 1304 1417 1539 1554 1558 1601 1714 1839 1860 1912 1933 1985 2006 2130 2203 2276 2422 2495 2568 3411 3414 3417 3423 3426 3429
LI (54):  66 75 76 77 129 130 135 275 285 288 294 300 302 315 426 717 912 918 932 958 1012 1118 1134 1271 1275 1285 1303 1341 1415 1556 1568 1572 1582 1600 1638 1712 1832 1833 1838 1858 1905 1906 1911 1931 1978 1979 1984 2004 2128 2201 2274 2421 2494 2567
NODE_NUM = 96
FILE bar_sub_4.aig

# Subcircuit 5
SUB_ID 5
LO (39):  294 300 314 319 372 426 479 481 588 640 733 737 743 1146 1152 1271 1552 1556 1568 1572 1833 1906 1979 2126 2199 2272 2421 2494 2567 2593 2595 2601 2603 2864 2869 2875 3137 3140 3149
LI (36):  67 68 69 70 71 72 73 129 130 133 134 275 288 299 302 307 312 313 315 427 478 534 586 639 723 730 731 742 1140 1141 1143 1151 1546 1547 1549 1570
NODE_NUM = 94
FILE bar_sub_5.aig

# Subcircuit 6
SUB_ID 6
LO (41):  331 799 800 1192 1193 1489 1491 1803 1804 1876 1877 1949 1950 2095 2096 2168 2189 2241 2262 2375 2452 2481 2525 2554 2625 2642 2645 2677 2694 2711 2745 2762 2779 3383 3400 3439 3442 3451 3454 3460 3463
LI (57):  94 129 130 135 275 288 302 315 319 324 330 372 760 764 770 798 1165 1167 1171 1191 1454 1462 1464 1468 1488 1799 1800 1872 1873 1945 1946 2091 2093 2161 2164 2166 2187 2234 2237 2239 2260 2374 2447 2451 2461 2479 2520 2524 2534 2552 2610 2614 2624 2627 2631 2641 2643
NODE_NUM = 99
FILE bar_sub_6.aig

# Subcircuit 7
SUB_ID 7
LO (33):  324 330 760 1165 1167 1462 1464 1468 1799 1872 1945 2093 2166 2239 2388 2461 2534 2820 2837 2863 3096 3118 3135 3370 3390 3407 3496 3500 3503 3548 3551 3596 3599
LI (58):  95 96 97 129 130 135 275 288 302 315 319 329 372 426 479 750 757 758 1160 1162 1457 1459 1466 1797 1870 1943 2383 2385 2456 2458 2529 2531 2814 2818 2831 2835 2848 2852 2862 3109 3112 3114 3126 3129 3131 3368 3381 3384 3385 3398 3401 3402 3498 3501 3547 3550 3595 3598
NODE_NUM = 100
FILE bar_sub_7.aig

# Subcircuit 8
SUB_ID 8
LO (31):  343 356 698 764 770 798 1124 1171 1191 1466 1488 1530 1800 1873 1946 2083 2161 2234 2374 2447 2520 2775 2792 3050 3067 3322 3339 3536 3539 3584 3587
LI (58):  82 90 91 92 93 129 130 135 275 288 302 315 319 336 341 342 349 355 372 426 479 769 785 789 795 1123 1170 1182 1184 1188 1479 1481 1483 1485 1529 2082 2155 2159 2228 2232 2773 2790 3041 3044 3045 3058 3061 3062 3313 3314 3319 3330 3331 3336 3535 3538 3583 3586
NODE_NUM = 100
FILE bar_sub_8.aig

# Subcircuit 9
SUB_ID 9
LO (34):  349 355 368 385 785 789 795 852 906 1123 1182 1188 1229 1267 1479 1483 1502 1529 1532 1789 1810 1862 1883 1935 2082 2101 2155 2174 2228 2377 2398 2451 2471 2524
LI (45):  83 84 85 86 87 88 89 126 129 130 275 288 302 315 354 361 366 367 378 384 426 775 782 783 794 813 817 823 851 905 1176 1177 1179 1187 1202 1204 1208 1228 1266 1473 1474 1476 1501 2449 2522
NODE_NUM = 100
FILE bar_sub_9.aig

# Subcircuit 10
SUB_ID 10
LO (36):  378 384 813 1202 1204 1501 1527 1822 1881 1953 2114 2175 2248 2406 2466 2539 2646 2693 2752 2818 2918 2965 3024 3092 3190 3237 3296 3364 3473 3484 3521 3532 3544 3569 3580 3592
LI (56):  1 127 129 130 135 275 288 302 315 319 372 383 426 479 803 810 811 1197 1199 1494 1496 1507 1525 1806 1811 1821 1879 2100 2101 2113 2392 2394 2405 2679 2680 2692 2747 2749 2816 2949 2954 2964 3019 3021 3085 3090 3221 3226 3236 3291 3293 3357 3362 3471 3519 3567
NODE_NUM = 99
FILE bar_sub_10.aig

# Subcircuit 11
SUB_ID 11
LO (35):  383 397 810 851 1199 1228 1507 1523 1525 1811 1884 1968 2106 2179 2252 2260 2399 2472 2552 2727 2786 2848 2999 3058 3126 3271 3330 3402 3479 3491 3527 3538 3550 3575 3586
LI (58):  122 128 129 130 135 275 288 302 315 319 372 390 396 426 479 838 842 848 1219 1221 1225 1502 1503 1516 1518 1522 1810 1883 1954 1955 1967 2246 2248 2259 2543 2545 2549 2713 2715 2726 2781 2782 2985 2987 2998 3051 3056 3120 3124 3257 3259 3270 3323 3328 3477 3489 3525 3573
NODE_NUM = 97
FILE bar_sub_11.aig

# Subcircuit 12
SUB_ID 12
LO (44):  390 396 410 817 823 904 905 1208 1221 1265 1266 1453 1454 1503 1518 1522 1820 1821 1893 1895 1966 1967 2112 2113 2185 2187 2258 2259 2404 2405 2477 2479 2549 2610 2627 2643 2679 2700 2715 2749 2763 2780 2814 2831
LI (53):  114 123 124 125 129 130 275 288 302 315 372 395 403 409 479 822 857 863 877 903 1207 1232 1236 1246 1264 1420 1424 1434 1452 1520 1814 1819 1886 1887 1892 1960 1965 2108 2109 2178 2181 2182 2254 2255 2400 2402 2470 2473 2475 2548 2677 2694 2699
NODE_NUM = 99
FILE bar_sub_12.aig

# Subcircuit 13
SUB_ID 13
LO (35):  403 409 422 438 838 842 848 877 1219 1225 1232 1246 1420 1424 1434 1516 1520 1814 1819 1887 1891 1960 1964 2108 2109 2181 2182 2254 2255 2381 2402 2454 2475 2527 2548
LI (42):  110 115 116 117 118 119 120 121 129 130 275 288 302 315 408 415 420 421 431 437 828 835 836 847 869 875 1213 1214 1216 1224 1240 1244 1422 1428 1432 1510 1511 1513 1817 2106 2179 2252
NODE_NUM = 100
FILE bar_sub_13.aig

# Subcircuit 14
SUB_ID 14
LO (33):  431 437 450 478 750 857 863 869 875 903 1160 1236 1240 1244 1264 1422 1428 1432 1452 1457 1730 1731 1817 1892 1965 2017 2091 2164 2237 2312 2383 2456 2529
LI (50):  98 106 107 108 109 111 112 113 129 130 275 288 302 315 372 436 443 448 449 452 456 462 476 862 874 890 894 900 1159 1235 1243 1255 1257 1261 1430 1443 1445 1447 1449 1456 1725 1729 1891 1964 2090 2163 2236 2381 2454 2527
NODE_NUM = 100
FILE bar_sub_14.aig

# Subcircuit 15
SUB_ID 15
LO (36):  456 462 476 890 1159 1255 1443 1456 1459 1749 1797 1870 1943 2023 2090 2163 2236 2372 2385 2458 2531 2676 2744 2812 2948 3015 3079 3215 3284 3352 3445 3469 3481 3493 3517 3528
LI (51):  99 100 101 102 129 130 135 275 288 302 315 319 372 426 461 468 474 479 880 887 888 1249 1250 1252 1437 1438 1440 1740 1743 1745 2017 2021 2307 2308 2313 2333 2371 2660 2665 2675 2729 2733 2743 2797 2801 2811 2933 2937 2947 3010 3012
NODE_NUM = 100
FILE bar_sub_15.aig

# Subcircuit 16
SUB_ID 16
LO (38):  468 474 534 894 900 1011 1012 1249 1261 1340 1341 1437 1440 1447 1674 1712 1783 1787 1856 1858 1929 1931 2002 2004 2075 2079 2148 2150 2221 2223 2294 2295 2364 2390 2463 2536 3420 3432
LI (57):  14 103 104 105 129 130 135 275 288 302 315 319 473 487 493 507 533 899 972 976 982 1010 1260 1313 1315 1319 1339 1647 1649 1653 1673 1711 1768 1776 1777 1782 1849 1852 1853 1922 1925 1926 1995 1998 1999 2060 2068 2071 2072 2141 2144 2146 2214 2217 2219 2290 2292
NODE_NUM = 100
FILE bar_sub_16.aig

# Subcircuit 17
SUB_ID 17
LO (39):  487 493 507 972 1010 1313 1315 1333 1647 1649 1653 1665 1781 1852 1853 1925 1998 2072 2098 2146 2219 2292 2317 2391 2442 2515 2588 2816 2835 2852 3090 3109 3124 3362 3381 3398 3547 3595 3598
LI (53):  10 15 16 17 129 130 135 275 288 302 315 319 372 426 479 492 499 505 962 969 970 997 1001 1007 1308 1310 1332 1642 1644 1651 1850 1923 1996 2433 2436 2438 2506 2509 2511 2579 2582 2584 2834 2851 3088 3104 3105 3122 3360 3376 3377 3393 3394
NODE_NUM = 100
FILE bar_sub_17.aig

# Subcircuit 18
SUB_ID 18
LO (35):  499 505 533 803 976 982 1197 1319 1332 1494 1651 1673 1740 1999 2041 2246 2333 2543 2665 2733 2801 2851 2933 3016 3084 3120 3220 3288 3356 3393 3529 3541 3565 3577 3589
LI (57):  2 11 12 13 129 130 135 275 288 302 315 319 372 426 479 504 512 518 532 981 1196 1318 1493 1664 1665 1668 1670 1734 1738 2025 2030 2040 2245 2319 2320 2332 2536 2541 2663 2732 2799 3002 3004 3015 3068 3073 3083 3204 3209 3219 3274 3276 3287 3340 3345 3355 3391
NODE_NUM = 100
FILE bar_sub_18.aig

# Subcircuit 19
SUB_ID 19
LO (34):  512 518 532 997 1001 1007 1196 1336 1339 1493 1496 1664 1668 1782 1806 1879 1954 2025 2100 2178 2245 2319 2394 2470 2541 2769 2834 3041 3104 3313 3376 3488 3535 3583
LI (51):  3 4 5 6 7 9 129 130 135 275 288 302 315 319 372 426 479 517 524 529 530 987 994 995 1006 1324 1325 1327 1335 1338 1658 1659 1661 1781 1953 2098 2171 2176 2317 2465 2466 2539 2764 2765 3034 3039 3102 3306 3311 3374 3486
NODE_NUM = 100
FILE bar_sub_19.aig

# Subcircuit 20
SUB_ID 20
LO (46):  529 586 1006 1116 1118 1335 1413 1415 1661 1710 1711 1775 1776 1848 1849 1921 1922 1994 1995 2067 2068 2140 2141 2213 2214 2286 2296 2359 2371 2436 2509 2582 2624 2638 2654 2671 2688 2705 2722 2739 2756 2773 2790 2807 3444 3459
LI (55):  8 30 129 130 135 275 288 302 315 319 372 539 545 559 585 1065 1077 1081 1087 1115 1378 1386 1388 1392 1412 1683 1685 1689 1709 1769 1774 1844 1845 1917 1918 1990 1991 2063 2064 2136 2138 2209 2211 2282 2284 2295 2352 2355 2357 2368 2435 2508 2581 2619 2620
NODE_NUM = 100
FILE bar_sub_20.aig

# Subcircuit 21
SUB_ID 21
LO (43):  539 545 559 1077 1115 1386 1388 1412 1683 1685 1689 1709 1774 1844 1845 1917 1918 1990 1991 2064 2138 2144 2211 2215 2284 2288 2361 2433 2435 2506 2508 2579 2581 2824 2843 2862 3088 3105 3122 3360 3377 3394 3501
LI (49):  26 31 32 33 129 130 135 275 288 302 315 319 372 426 479 544 551 557 1067 1074 1075 1102 1106 1112 1381 1383 1403 1405 1409 1678 1680 1687 1700 1702 1706 1772 1842 1915 1988 2143 2428 2430 2501 2503 2574 2576 2842 2857 2859
NODE_NUM = 100
FILE bar_sub_21.aig

# Subcircuit 22
SUB_ID 22
LO (34):  551 557 585 962 1081 1087 1102 1308 1392 1403 1405 1642 1644 1687 1700 1702 1706 1772 1777 1850 1923 1996 2071 2143 2217 2290 2362 2368 2438 2511 2584 2799 3073 3345
LI (46):  18 19 20 21 22 27 28 29 129 130 275 288 302 315 319 372 426 479 556 564 569 570 576 582 584 1086 1092 1099 1100 1307 1391 1397 1398 1400 1641 1694 1695 1697 1704 2069 2215 2288 2363 2364 3071 3343
NODE_NUM = 100
FILE bar_sub_22.aig

# Subcircuit 23
SUB_ID 23
LO (40):  576 582 639 932 1106 1112 1285 1397 1409 1582 1694 1697 1704 1766 1768 1838 1911 1984 2058 2060 2128 2201 2274 2350 2352 2415 2416 2488 2489 2561 2562 2675 2743 2811 3357 3374 3391 3468 3480 3492
LI (50):  23 24 25 62 129 130 135 275 288 302 315 426 479 581 592 598 612 638 924 930 1111 1279 1283 1408 1576 1580 1759 1760 1765 1836 1909 1982 2051 2054 2055 2343 2346 2348 2410 2414 2483 2487 2556 2560 2670 2671 2736 2741 2804 2809
NODE_NUM = 95
FILE bar_sub_23.aig

# Subcircuit 24
SUB_ID 24
LO (43):  592 598 607 612 912 918 924 926 927 958 1275 1279 1281 1303 1570 1576 1580 1600 1765 1836 1909 1982 2055 2124 2197 2270 2343 2410 2483 2556 2753 2770 2787 2804 3027 3044 3061 3083 3291 3306 3323 3340 3542
LI (48):  58 59 61 63 64 65 129 130 135 275 288 302 315 319 372 426 479 597 604 610 917 945 949 955 1274 1294 1296 1300 1578 1591 1593 1597 1763 2118 2122 2191 2195 2264 2268 2337 2341 3026 3043 3060 3077 3081 3290 3541
NODE_NUM = 100
FILE bar_sub_24.aig

# Subcircuit 25
SUB_ID 25
LO (40):  610 638 930 1064 1065 1283 1377 1378 1597 1637 1638 1758 1759 1831 1832 1904 1905 1977 1978 2050 2051 2122 2195 2264 2341 2414 2487 2560 2620 2641 2659 2670 2692 2710 2721 2736 3462 3465 3471 3474
LI (58):  50 60 129 130 135 275 288 302 315 372 479 607 617 623 637 927 1017 1023 1037 1063 1281 1344 1348 1358 1376 1595 1604 1608 1618 1636 1753 1757 1825 1830 1898 1903 1972 1976 2044 2049 2120 2193 2339 2413 2486 2559 2636 2638 2650 2653 2654 2668 2685 2690 2701 2702 2707 2720
NODE_NUM = 99
FILE bar_sub_25.aig

# Subcircuit 26
SUB_ID 26
LO (34):  617 623 637 691 695 945 949 955 1035 1294 1300 1344 1355 1591 1595 1604 1608 1612 1753 1763 1825 1898 1976 2044 2048 2118 2191 2268 2337 2339 2413 2486 2559 3408
LI (41):  46 51 52 53 54 55 56 57 129 130 135 275 288 302 315 479 588 622 629 634 635 640 644 650 664 690 935 942 943 954 1034 1288 1289 1291 1299 1585 1586 1588 1606 1974 2266
NODE_NUM = 96
FILE bar_sub_26.aig

# Subcircuit 27
SUB_ID 27
LO (30):  644 650 664 1017 1023 1034 1037 1063 1348 1358 1376 1606 1618 1636 1757 1830 1903 1972 1974 2049 2120 2136 2193 2209 2266 2282 2355 2428 2501 2574
LI (46):  42 43 45 47 48 49 129 130 275 288 302 315 649 656 661 662 1022 1029 1035 1050 1054 1060 1347 1351 1353 1355 1367 1369 1373 1612 1613 1614 1627 1629 1633 1755 1829 1901 2048 2135 2208 2281 2354 2426 2500 2573
NODE_NUM = 98
FILE bar_sub_27.aig

# Subcircuit 28
SUB_ID 28
LO (29):  661 690 1029 1050 1054 1060 1067 1351 1367 1373 1381 1627 1633 1678 1680 1755 1769 1842 1915 1988 2063 2135 2208 2281 2354 2357 2430 2503 2576
LI (37):  34 35 36 37 38 39 40 41 44 129 130 275 288 302 315 669 674 675 681 686 687 689 1040 1047 1048 1059 1361 1362 1364 1371 1380 1621 1622 1624 1631 1677 2061
NODE_NUM = 96
FILE bar_sub_28.aig

# Subcircuit 29
SUB_ID 29
LO (40):  1338 1578 1886 1926 1955 2040 2084 2157 2171 2176 2232 2307 2313 2332 2363 2392 2400 2465 2473 2545 2608 2614 2699 2809 2880 2886 2982 3004 3068 3081 3152 3154 3254 3355 3458 3506 3524 3554 3572 3590
LI (78):  130 135 274 275 288 302 315 318 319 371 372 425 426 479 691 719 926 1011 1136 1333 1336 1523 1542 1881 1884 2039 2174 2175 2231 2302 2304 2311 2312 2331 2361 2362 2390 2391 2398 2399 2463 2471 2472 2593 2595 2597 2601 2603 2605 2607 2613 2697 2807 2871 2873 2875 2877 2884 2966 2971 2981 3079 3137 3140 3141 3143 3149 3238 3243 3253 3348 3353 3456 3505 3522 3553 3570 3589
NODE_NUM = 100
FILE bar_sub_29.aig

# Subcircuit 30
SUB_ID 30
LO (27):  2613 2619 2631 2636 2650 2653 2660 2663 2668 2897 2914 2931 2937 2947 3169 3186 3203 3219 3467 3509 3512 3515 3518 3557 3560 3563 3566
LI (54):  135 319 426 479 747 852 959 1156 1229 1304 1340 1562 1601 1674 1722 1730 1783 2645 2646 2888 2889 2894 2900 2901 2906 2911 2913 2917 2918 2925 2926 2930 2935 2945 3154 3158 3162 3166 3171 3175 3179 3183 3194 3196 3200 3212 3217 3465 3508 3510 3513 3517 3562 3565
NODE_NUM = 99
FILE bar_sub_30.aig

# Subcircuit 31
SUB_ID 31
LO (50):  2680 2685 2690 2697 2701 2702 2707 2713 2720 2726 2729 2741 2747 2764 2765 2781 2782 2821 2838 2954 2964 2971 2981 2985 2998 3002 3012 3019 3039 3056 3226 3236 3243 3253 3257 3270 3274 3287 3290 3311 3328 3476 3477 3519 3522 3525 3567 3570 3573 3578
LI (64):  135 372 426 479 1795 1839 1856 1868 1912 1929 1941 1985 2002 2014 2075 2148 2221 2294 2415 2488 2688 2700 2705 2711 2721 2722 2739 2745 2762 2763 2779 2780 2952 2958 2961 2962 2969 2975 2978 2979 2984 2991 2993 2994 3001 3018 3037 3054 3224 3230 3234 3241 3247 3251 3255 3263 3268 3272 3280 3285 3309 3326 3474 3577
NODE_NUM = 100
FILE bar_sub_31.aig

# Subcircuit 32
SUB_ID 32
LO (65):  2842 2855 2859 2871 2884 2888 2889 2894 2900 2901 2906 2911 2917 2925 2926 2935 2945 2949 2952 2958 2961 2966 2969 2975 2978 2984 2987 2991 2994 3001 3010 3018 3021 3026 3028 3034 3037 3043 3045 3051 3129 3158 3166 3175 3183 3194 3196 3204 3217 3221 3234 3238 3251 3255 3268 3272 3280 3297 3302 3314 3319 3336 3505 3508 3562
LI (69):  135 319 372 426 799 852 904 959 1064 1116 1192 1229 1265 1304 1377 1413 1453 1489 1601 1637 1710 1758 1766 1775 1803 1820 1831 1848 1876 1893 1904 1921 1949 1966 1977 1994 2050 2058 2067 2095 2112 2131 2140 2168 2185 2204 2213 2258 2452 2525 2561 2864 2865 2869 2886 3128 3157 3165 3174 3182 3188 3192 3215 3233 3250 3267 3301 3318 3335
NODE_NUM = 100
FILE bar_sub_32.aig

# Subcircuit 33
SUB_ID 33
LO (70):  3054 3060 3062 3071 3077 3085 3095 3102 3112 3114 3128 3131 3157 3162 3165 3171 3174 3179 3182 3188 3192 3200 3209 3212 3224 3230 3233 3241 3247 3250 3259 3263 3267 3276 3285 3293 3301 3309 3318 3326 3331 3335 3343 3348 3353 3365 3368 3384 3385 3401 3410 3413 3416 3419 3422 3425 3428 3431 3434 3440 3443 3446 3452 3455 3461 3464 3470 3482 3494 3530
LI (93):  319 372 426 479 747 799 1116 1156 1192 1340 1413 1489 1562 1674 1710 1722 1775 1783 1803 1839 1848 1876 1912 1921 1949 1985 1994 2067 2095 2140 2168 2213 2241 2277 2286 2350 2359 2404 2415 2423 2452 2477 2488 2496 2525 2569 3190 3283 3284 3351 3352 3383 3400 3408 3409 3411 3412 3414 3415 3417 3418 3420 3421 3423 3424 3426 3427 3429 3430 3432 3433 3438 3439 3441 3442 3444 3445 3450 3451 3453 3454 3459 3460 3462 3463 3468 3469 3480 3481 3492 3493 3528 3529
NODE_NUM = 81
FILE bar_sub_33.aig

