# Subcircuit 0
SUB_ID 0
LO (9):  1034 1078 1080 1085 1090 1095 11618 11620 11623
LI (10):  716 717 718 1007 1014 1024 1065 1066 1072 1077
NODE_NUM = 46
FILE voter_sub_0.aig

# Subcircuit 1
SUB_ID 1
LO (12):  1014 1024 1061 1065 1066 1072 1077 1082 1176 1198 1199 1200
LI (15):  719 720 721 725 726 727 1013 1034 1046 1053 1078 1080 1085 1090 1171
NODE_NUM = 50
FILE voter_sub_1.aig

# Subcircuit 2
SUB_ID 2
LO (10):  1046 1053 1112 1129 1130 1171 1182 1183 1407 11607
LI (11):  710 711 712 722 723 724 1045 1095 1109 1115 1167
NODE_NUM = 47
FILE voter_sub_2.aig

# Subcircuit 3
SUB_ID 3
LO (10):  1109 1115 1166 1167 1178 1179 1187 1188 11604 11609
LI (12):  704 705 706 713 714 715 1105 1112 1130 1145 1151 1183
NODE_NUM = 49
FILE voter_sub_3.aig

# Subcircuit 4
SUB_ID 4
LO (11):  1145 1151 1192 1195 1202 1856 3981 4468 4469 4470 11519
LI (20):  707 708 709 1129 1130 1141 1176 1178 1179 1187 1188 1191 1200 1413 1418 1732 1849 2721 2726 3976
NODE_NUM = 46
FILE voter_sub_4.aig

# Subcircuit 5
SUB_ID 5
LO (10):  1191 1238 1239 1283 1284 1286 1389 11640 11642 11645
LI (11):  728 729 730 1166 1182 1214 1224 1270 1271 1274 1279
NODE_NUM = 47
FILE voter_sub_5.aig

# Subcircuit 6
SUB_ID 6
LO (12):  1214 1224 1266 1270 1271 1274 1279 1288 1291 1396 1401 1411
LI (16):  731 732 733 737 738 739 1213 1238 1239 1251 1258 1283 1284 1286 1395 1400
NODE_NUM = 45
FILE voter_sub_6.aig

# Subcircuit 7
SUB_ID 7
LO (8):  1251 1258 1323 1362 1364 1374 1384 11659
LI (11):  734 735 736 740 741 742 1250 1303 1313 1355 1361
NODE_NUM = 47
FILE voter_sub_7.aig

# Subcircuit 8
SUB_ID 8
LO (10):  1303 1313 1355 1361 1367 1371 1372 1378 11657 12907
LI (12):  743 744 745 749 750 751 1302 1323 1335 1342 1362 1364
NODE_NUM = 49
FILE voter_sub_8.aig

# Subcircuit 9
SUB_ID 9
LO (10):  1335 1342 1395 1400 11639 11856 12763 12765 12896 12900
LI (15):  746 747 748 1291 1334 1372 1374 1379 1390 11519 11599 11601 11637 11670 11853
NODE_NUM = 50
FILE voter_sub_9.aig

# Subcircuit 10
SUB_ID 10
LO (18):  1379 1390 1410 1412 1413 1418 1732 2718 2720 2721 2726 3976 10032 10043 10046 11874 11882 11884
LI (16):  1374 1378 1384 1389 1396 1401 1407 1411 1731 2704 2709 2712 3972 10029 10035 10041
NODE_NUM = 49
FILE voter_sub_10.aig

# Subcircuit 11
SUB_ID 11
LO (8):  1731 1758 1760 1761 1764 1775 1787 11577
LI (10):  698 699 700 1425 1436 1442 1475 1494 1572 1728
NODE_NUM = 45
FILE voter_sub_11.aig

# Subcircuit 12
SUB_ID 12
LO (10):  1436 1442 1475 1494 1762 1765 1769 1774 11574 11579
LI (12):  692 693 694 701 702 703 1432 1472 1478 1758 1760 1761
NODE_NUM = 48
FILE voter_sub_12.aig

# Subcircuit 13
SUB_ID 13
LO (8):  1472 1478 1572 1741 1743 1744 1751 11563
LI (11):  686 687 688 695 696 697 1468 1511 1517 1550 1569
NODE_NUM = 47
FILE voter_sub_13.aig

# Subcircuit 14
SUB_ID 14
LO (10):  1511 1517 1550 1569 1739 1748 1749 1752 11560 11565
LI (12):  680 681 682 689 690 691 1507 1547 1553 1741 1743 1744
NODE_NUM = 48
FILE voter_sub_14.aig

# Subcircuit 15
SUB_ID 15
LO (10):  1547 1553 1592 1609 1610 1728 1796 1797 1811 11541
LI (11):  674 675 676 683 684 685 1543 1589 1595 1647 1725
NODE_NUM = 47
FILE voter_sub_15.aig

# Subcircuit 16
SUB_ID 16
LO (10):  1589 1595 1646 1647 1793 1798 1805 1810 11538 11543
LI (12):  668 669 670 677 678 679 1585 1592 1610 1625 1631 1797
NODE_NUM = 49
FILE voter_sub_16.aig

# Subcircuit 17
SUB_ID 17
LO (8):  1625 1631 1725 1820 1822 1823 1830 11527
LI (11):  662 663 664 671 672 673 1621 1664 1670 1703 1722
NODE_NUM = 47
FILE voter_sub_17.aig

# Subcircuit 18
SUB_ID 18
LO (10):  1664 1670 1703 1722 1818 1827 1828 1831 11524 11529
LI (12):  656 657 658 665 666 667 1660 1700 1706 1820 1822 1823
NODE_NUM = 48
FILE voter_sub_18.aig

# Subcircuit 19
SUB_ID 19
LO (10):  1700 1706 1753 1849 11521 11561 11569 11572 11593 12960
LI (18):  659 660 661 1696 1739 1748 1749 1751 1752 1777 1779 1785 1787 1842 11560 11566 11567 11587
NODE_NUM = 48
FILE voter_sub_19.aig

# Subcircuit 20
SUB_ID 20
LO (11):  1777 1779 1785 11587 12978 12981 13012 13870 13876 13877 13878
LI (15):  1762 1764 1765 1769 1774 1775 11569 11572 11574 11577 11579 12958 12960 12974 13006
NODE_NUM = 49
FILE voter_sub_20.aig

# Subcircuit 21
SUB_ID 21
LO (8):  1802 1842 11539 11599 12958 12984 12987 12988
LI (16):  1609 1610 1793 1798 1801 1805 1810 1811 1835 11521 11533 11536 11538 11544 11545 11593
NODE_NUM = 49
FILE voter_sub_21.aig

# Subcircuit 22
SUB_ID 22
LO (13):  1801 1835 11533 11536 13006 13874 13880 13881 13886 13889 13915 14263 14279
LI (19):  1646 1796 1818 1827 1828 1830 1831 11524 11527 11529 12978 12981 12984 12987 12988 12993 13870 13878 13912
NODE_NUM = 47
FILE voter_sub_22.aig

# Subcircuit 23
SUB_ID 23
LO (9):  1892 1893 1937 1938 1940 2043 11728 11730 11733
LI (10):  776 777 778 1861 1868 1878 1924 1925 1928 1933
NODE_NUM = 46
FILE voter_sub_23.aig

# Subcircuit 24
SUB_ID 24
LO (12):  1868 1878 1920 1924 1925 1928 1933 1942 1945 2050 2055 2215
LI (16):  779 780 781 785 786 787 1867 1892 1893 1905 1912 1937 1938 1940 2049 2054
NODE_NUM = 45
FILE voter_sub_24.aig

# Subcircuit 25
SUB_ID 25
LO (8):  1905 1912 1977 2016 2018 2028 2038 11747
LI (11):  782 783 784 788 789 790 1904 1957 1967 2009 2015
NODE_NUM = 47
FILE voter_sub_25.aig

# Subcircuit 26
SUB_ID 26
LO (10):  1957 1967 2009 2015 2021 2025 2026 2032 11745 12839
LI (12):  791 792 793 797 798 799 1956 1977 1989 1996 2016 2018
NODE_NUM = 49
FILE voter_sub_26.aig

# Subcircuit 27
SUB_ID 27
LO (11):  1989 1996 2049 2054 11853 12770 12832 12838 12852 12855 12856
LI (18):  794 795 796 1945 1988 2026 2028 2033 2044 11687 11689 11725 11758 11847 12833 12837 12851 12854
NODE_NUM = 50
FILE voter_sub_27.aig

# Subcircuit 28
SUB_ID 28
LO (9):  2033 2044 2065 2081 2704 2709 2712 11687 11689
LI (15):  770 771 772 2028 2032 2038 2043 2050 2055 2211 2215 2267 2686 2691 2694
NODE_NUM = 49
FILE voter_sub_28.aig

# Subcircuit 29
SUB_ID 29
LO (7):  2211 2219 2221 2222 2225 2236 11709
LI (9):  773 774 775 2065 2068 2081 2111 2130 2208
NODE_NUM = 41
FILE voter_sub_29.aig

# Subcircuit 30
SUB_ID 30
LO (9):  2111 2130 2227 2231 2235 2239 11706 11707 11711
LI (10):  764 765 766 2097 2108 2114 2219 2221 2222 2225
NODE_NUM = 43
FILE voter_sub_30.aig

# Subcircuit 31
SUB_ID 31
LO (8):  2108 2114 2208 2245 2247 2248 2255 11695
LI (11):  758 759 760 767 768 769 2104 2147 2153 2186 2205
NODE_NUM = 47
FILE voter_sub_31.aig

# Subcircuit 32
SUB_ID 32
LO (10):  2147 2153 2186 2205 2243 2252 2253 2256 11692 11697
LI (12):  752 753 754 761 762 763 2143 2183 2189 2245 2247 2248
NODE_NUM = 48
FILE voter_sub_32.aig

# Subcircuit 33
SUB_ID 33
LO (10):  2183 2189 2267 11725 12862 12876 12879 12892 13922 13924
LI (19):  755 756 757 2179 2231 2235 2236 2240 2260 2264 11722 12770 12828 12832 12856 12857 12861 12875 12878
NODE_NUM = 47
FILE voter_sub_33.aig

# Subcircuit 34
SUB_ID 34
LO (15):  2240 2260 2264 11722 12857 12861 12875 12878 13928 13934 13935 13940 13943 13944 14253
LI (17):  2236 2239 2243 2252 2253 2255 2256 11692 11695 11697 11715 11718 12862 12867 13924 13927 13932
NODE_NUM = 47
FILE voter_sub_34.aig

# Subcircuit 35
SUB_ID 35
LO (9):  2306 2350 2352 2357 2362 2367 11786 11788 11791
LI (10):  812 813 814 2279 2286 2296 2337 2338 2344 2349
NODE_NUM = 46
FILE voter_sub_35.aig

# Subcircuit 36
SUB_ID 36
LO (12):  2286 2296 2333 2337 2338 2344 2349 2354 2448 2470 2471 2472
LI (15):  815 816 817 821 822 823 2285 2306 2318 2325 2350 2352 2357 2362 2443
NODE_NUM = 50
FILE voter_sub_36.aig

# Subcircuit 37
SUB_ID 37
LO (10):  2318 2325 2384 2401 2402 2443 2454 2455 2679 11775
LI (11):  806 807 808 818 819 820 2317 2367 2381 2387 2439
NODE_NUM = 47
FILE voter_sub_37.aig

# Subcircuit 38
SUB_ID 38
LO (10):  2381 2387 2438 2439 2450 2451 2459 2460 11772 11777
LI (12):  800 801 802 809 810 811 2377 2384 2402 2417 2423 2455
NODE_NUM = 49
FILE voter_sub_38.aig

# Subcircuit 39
SUB_ID 39
LO (11):  2417 2423 2464 2686 2691 11769 11773 11781 11784 11805 12800
LI (22):  803 804 805 2401 2402 2413 2448 2450 2451 2459 2460 2463 2470 2471 2472 2682 2684 2690 11772 11778 11779 11799
NODE_NUM = 41
FILE voter_sub_39.aig

# Subcircuit 40
SUB_ID 40
LO (10):  2463 2510 2511 2555 2556 2558 2661 11808 11810 11813
LI (11):  824 825 826 2438 2454 2486 2496 2542 2543 2546 2551
NODE_NUM = 47
FILE voter_sub_40.aig

# Subcircuit 41
SUB_ID 41
LO (12):  2486 2496 2538 2542 2543 2546 2551 2560 2563 2668 2673 2683
LI (16):  827 828 829 833 834 835 2485 2510 2511 2523 2530 2555 2556 2558 2667 2672
NODE_NUM = 45
FILE voter_sub_41.aig

# Subcircuit 42
SUB_ID 42
LO (8):  2523 2530 2595 2634 2636 2646 2656 11827
LI (11):  830 831 832 836 837 838 2522 2575 2585 2627 2633
NODE_NUM = 47
FILE voter_sub_42.aig

# Subcircuit 43
SUB_ID 43
LO (10):  2575 2585 2627 2633 2639 2643 2644 2650 11825 12781
LI (12):  839 840 841 845 846 847 2574 2595 2607 2614 2634 2636
NODE_NUM = 49
FILE voter_sub_43.aig

# Subcircuit 44
SUB_ID 44
LO (10):  2607 2614 2667 2672 11847 12780 12794 12828 13946 13947
LI (18):  842 843 844 2563 2606 2644 2646 2651 2662 11769 11805 11838 12775 12779 12793 12796 12821 12822
NODE_NUM = 49
FILE voter_sub_44.aig

# Subcircuit 45
SUB_ID 45
LO (13):  2651 2662 2682 2684 2690 2694 2744 2761 2762 2802 4424 4425 11183
LI (14):  470 471 472 2646 2650 2656 2661 2668 2673 2679 2683 2741 2747 2799
NODE_NUM = 49
FILE voter_sub_45.aig

# Subcircuit 46
SUB_ID 46
LO (10):  2741 2747 2798 2799 4420 4421 4429 4430 11180 11185
LI (12):  467 468 469 473 474 475 2737 2744 2762 2777 2783 4425
NODE_NUM = 49
FILE voter_sub_46.aig

# Subcircuit 47
SUB_ID 47
LO (10):  2777 2783 2819 2836 2837 2880 4398 4399 4413 11197
LI (11):  464 465 466 482 483 484 2773 2802 2816 2822 2874
NODE_NUM = 47
FILE voter_sub_47.aig

# Subcircuit 48
SUB_ID 48
LO (10):  2816 2822 2873 2874 4395 4400 4407 4412 11194 11199
LI (12):  476 477 478 485 486 487 2812 2819 2837 2852 2858 4399
NODE_NUM = 49
FILE voter_sub_48.aig

# Subcircuit 49
SUB_ID 49
LO (10):  2852 2858 2897 2914 2915 3033 4362 4363 4377 11233
LI (11):  479 480 481 506 507 508 2848 2894 2900 2952 3030
NODE_NUM = 47
FILE voter_sub_49.aig

# Subcircuit 50
SUB_ID 50
LO (10):  2894 2900 2951 2952 4359 4364 4371 4376 11230 11235
LI (12):  500 501 502 509 510 511 2890 2897 2915 2930 2936 4363
NODE_NUM = 49
FILE voter_sub_50.aig

# Subcircuit 51
SUB_ID 51
LO (8):  2930 2936 3030 4343 4345 4346 4353 11219
LI (11):  494 495 496 503 504 505 2926 2969 2975 3008 3027
NODE_NUM = 47
FILE voter_sub_51.aig

# Subcircuit 52
SUB_ID 52
LO (10):  2969 2975 3008 3027 4341 4350 4351 4354 11216 11221
LI (12):  488 489 490 497 498 499 2965 3005 3011 4343 4345 4346
NODE_NUM = 48
FILE voter_sub_52.aig

# Subcircuit 53
SUB_ID 53
LO (15):  3005 3011 3972 4222 4339 4394 4447 4448 4449 4454 4455 4456 4461 4462 4463
LI (14):  491 492 493 2880 3001 3033 3345 3969 4211 4216 4328 4333 4383 4388
NODE_NUM = 49
FILE voter_sub_53.aig

# Subcircuit 54
SUB_ID 54
LO (8):  3345 4293 4295 4296 4299 4310 4322 11313
LI (10):  554 555 556 3039 3050 3056 3089 3108 3186 3342
NODE_NUM = 45
FILE voter_sub_54.aig

# Subcircuit 55
SUB_ID 55
LO (10):  3050 3056 3089 3108 4297 4300 4304 4309 11310 11315
LI (12):  548 549 550 557 558 559 3046 3086 3092 4293 4295 4296
NODE_NUM = 48
FILE voter_sub_55.aig

# Subcircuit 56
SUB_ID 56
LO (8):  3086 3092 3186 4276 4278 4279 4286 11299
LI (11):  542 543 544 551 552 553 3082 3125 3131 3164 3183
NODE_NUM = 47
FILE voter_sub_56.aig

# Subcircuit 57
SUB_ID 57
LO (10):  3125 3131 3164 3183 4274 4283 4284 4287 11296 11301
LI (12):  536 537 538 545 546 547 3121 3161 3167 4276 4278 4279
NODE_NUM = 48
FILE voter_sub_57.aig

# Subcircuit 58
SUB_ID 58
LO (10):  3161 3167 3206 3223 3224 3342 4226 4227 4241 11277
LI (11):  530 531 532 539 540 541 3157 3203 3209 3261 3339
NODE_NUM = 47
FILE voter_sub_58.aig

# Subcircuit 59
SUB_ID 59
LO (10):  3203 3209 3260 3261 4223 4228 4235 4240 11274 11279
LI (12):  524 525 526 533 534 535 3199 3206 3224 3239 3245 4227
NODE_NUM = 49
FILE voter_sub_59.aig

# Subcircuit 60
SUB_ID 60
LO (8):  3239 3245 3339 4250 4252 4253 4260 11263
LI (11):  518 519 520 527 528 529 3235 3278 3284 3317 3336
NODE_NUM = 47
FILE voter_sub_60.aig

# Subcircuit 61
SUB_ID 61
LO (10):  3278 3284 3317 3336 4248 4257 4258 4261 11260 11265
LI (12):  512 513 514 521 522 523 3274 3314 3320 4250 4252 4253
NODE_NUM = 48
FILE voter_sub_61.aig

# Subcircuit 62
SUB_ID 62
LO (10):  3314 3320 3365 3382 3383 3501 4166 4167 4181 11481
LI (11):  515 516 517 650 651 652 3310 3362 3368 3420 3498
NODE_NUM = 47
FILE voter_sub_62.aig

# Subcircuit 63
SUB_ID 63
LO (10):  3362 3368 3419 3420 4163 4168 4175 4180 11478 11483
LI (12):  644 645 646 653 654 655 3358 3365 3383 3398 3404 4167
NODE_NUM = 49
FILE voter_sub_63.aig

# Subcircuit 64
SUB_ID 64
LO (8):  3398 3404 3498 4147 4149 4150 4157 11467
LI (11):  638 639 640 647 648 649 3394 3437 3443 3476 3495
NODE_NUM = 47
FILE voter_sub_64.aig

# Subcircuit 65
SUB_ID 65
LO (10):  3437 3443 3476 3495 4145 4154 4155 4158 11464 11469
LI (12):  632 633 634 641 642 643 3433 3473 3479 4147 4149 4150
NODE_NUM = 48
FILE voter_sub_65.aig

# Subcircuit 66
SUB_ID 66
LO (10):  3473 3479 3518 3535 3536 3654 4097 4098 4112 11445
LI (11):  626 627 628 635 636 637 3469 3515 3521 3573 3651
NODE_NUM = 47
FILE voter_sub_66.aig

# Subcircuit 67
SUB_ID 67
LO (10):  3515 3521 3572 3573 4094 4099 4106 4111 11442 11447
LI (12):  620 621 622 629 630 631 3511 3518 3536 3551 3557 4098
NODE_NUM = 49
FILE voter_sub_67.aig

# Subcircuit 68
SUB_ID 68
LO (8):  3551 3557 3651 4121 4123 4124 4131 11431
LI (11):  614 615 616 623 624 625 3547 3590 3596 3629 3648
NODE_NUM = 47
FILE voter_sub_68.aig

# Subcircuit 69
SUB_ID 69
LO (10):  3590 3596 3629 3648 4119 4128 4129 4132 11428 11433
LI (12):  608 609 610 617 618 619 3586 3626 3632 4121 4123 4124
NODE_NUM = 48
FILE voter_sub_69.aig

# Subcircuit 70
SUB_ID 70
LO (8):  3626 3632 3969 4211 4216 11343 11425 11503
LI (12):  611 612 613 3501 3622 3654 3966 4093 4143 4187 4192 11500
NODE_NUM = 47
FILE voter_sub_70.aig

# Subcircuit 71
SUB_ID 71
LO (8):  3966 4002 4004 4005 4008 4019 4031 11401
LI (10):  602 603 604 3660 3671 3677 3710 3729 3807 3963
NODE_NUM = 45
FILE voter_sub_71.aig

# Subcircuit 72
SUB_ID 72
LO (10):  3671 3677 3710 3729 4006 4009 4013 4018 11398 11403
LI (12):  596 597 598 605 606 607 3667 3707 3713 4002 4004 4005
NODE_NUM = 48
FILE voter_sub_72.aig

# Subcircuit 73
SUB_ID 73
LO (8):  3707 3713 3807 3985 3987 3988 3995 11387
LI (11):  590 591 592 599 600 601 3703 3746 3752 3785 3804
NODE_NUM = 47
FILE voter_sub_73.aig

# Subcircuit 74
SUB_ID 74
LO (10):  3746 3752 3785 3804 3983 3992 3993 3996 11384 11389
LI (12):  584 585 586 593 594 595 3742 3782 3788 3985 3987 3988
NODE_NUM = 48
FILE voter_sub_74.aig

# Subcircuit 75
SUB_ID 75
LO (10):  3782 3788 3827 3844 3845 3963 4040 4041 4055 11365
LI (11):  578 579 580 587 588 589 3778 3824 3830 3882 3960
NODE_NUM = 47
FILE voter_sub_75.aig

# Subcircuit 76
SUB_ID 76
LO (10):  3824 3830 3881 3882 4037 4042 4049 4054 11362 11367
LI (12):  572 573 574 581 582 583 3820 3827 3845 3860 3866 4041
NODE_NUM = 49
FILE voter_sub_76.aig

# Subcircuit 77
SUB_ID 77
LO (8):  3860 3866 3960 4064 4066 4067 4074 11351
LI (11):  566 567 568 575 576 577 3856 3899 3905 3938 3957
NODE_NUM = 47
FILE voter_sub_77.aig

# Subcircuit 78
SUB_ID 78
LO (10):  3899 3905 3938 3957 4062 4071 4072 4075 11348 11353
LI (12):  560 561 562 569 570 571 3895 3935 3941 4064 4066 4067
NODE_NUM = 48
FILE voter_sub_78.aig

# Subcircuit 79
SUB_ID 79
LO (10):  3935 3941 3997 4093 11345 11385 11393 11396 11417 13096
LI (18):  563 564 565 3931 3983 3992 3993 3995 3996 4021 4023 4029 4031 4086 11384 11390 11391 11411
NODE_NUM = 48
FILE voter_sub_79.aig

# Subcircuit 80
SUB_ID 80
LO (11):  4021 4023 4029 11411 13114 13117 13148 13806 13812 13813 13814
LI (15):  4006 4008 4009 4013 4018 4019 11393 11396 11398 11401 11403 13094 13096 13110 13142
NODE_NUM = 49
FILE voter_sub_80.aig

# Subcircuit 81
SUB_ID 81
LO (10):  4046 4086 11363 11371 11374 11506 13029 13031 13094 13120
LI (16):  3844 3845 4037 4042 4045 4049 4054 4055 4079 11345 11361 11362 11368 11369 11417 11503
NODE_NUM = 49
FILE voter_sub_81.aig

# Subcircuit 82
SUB_ID 82
LO (11):  4045 4079 11361 13142 13810 13816 13817 13822 13825 13826 14315
LI (18):  3881 4040 4062 4071 4072 4074 4075 11348 11351 11353 11371 11374 13114 13117 13120 13129 13806 13814
NODE_NUM = 48
FILE voter_sub_82.aig

# Subcircuit 83
SUB_ID 83
LO (8):  4143 11500 13036 13062 13065 13066 13068 13070
LI (17):  3535 3536 4094 4099 4102 4106 4111 4112 4136 11425 11437 11440 11442 11445 11448 11449 11497
NODE_NUM = 49
FILE voter_sub_83.aig

# Subcircuit 84
SUB_ID 84
LO (12):  4102 4136 11437 11440 13080 13083 13154 13804 13828 13838 13839 13840
LI (18):  3572 4097 4119 4128 4129 4131 4132 11428 11431 11433 13032 13036 13060 13062 13065 13066 13071 13148
NODE_NUM = 48
FILE voter_sub_84.aig

# Subcircuit 85
SUB_ID 85
LO (9):  4187 4192 11497 13056 13060 13829 13834 13835 13836
LI (15):  4145 4154 4155 4157 4158 4183 4185 4191 11464 11467 11469 11487 11490 13047 13083
NODE_NUM = 49
FILE voter_sub_85.aig

# Subcircuit 86
SUB_ID 86
LO (11):  4183 4185 4191 4232 4328 4333 11256 11259 11487 11490 13047
LI (24):  3223 3224 3382 3383 3419 4163 4166 4168 4175 4180 4181 4223 4228 4231 4235 4240 4241 4265 4324 4327 4332 11478 11481 11483
NODE_NUM = 49
FILE voter_sub_86.aig

# Subcircuit 87
SUB_ID 87
LO (11):  4231 4262 4265 11261 11269 11272 11515 13028 13158 13162 13188
LI (18):  3260 4226 4248 4257 4258 4260 4261 11173 11175 11255 11257 11259 11260 11266 11267 11287 11329 11509
NODE_NUM = 50
FILE voter_sub_87.aig

# Subcircuit 88
SUB_ID 88
LO (9):  4324 4327 4332 11257 11329 13164 13167 13168 13178
LI (15):  4274 4283 4284 4286 4287 4312 4314 4320 4322 11256 11296 11299 11301 11319 11322
NODE_NUM = 46
FILE voter_sub_88.aig

# Subcircuit 89
SUB_ID 89
LO (14):  4312 4314 4320 11319 11322 13182 13185 13277 13747 13749 13774 13780 13781 13782
LI (16):  4297 4299 4300 4304 4309 4310 11310 11313 11315 13162 13164 13167 13168 13178 13210 13274
NODE_NUM = 49
FILE voter_sub_89.aig

# Subcircuit 90
SUB_ID 90
LO (8):  4383 4388 11255 13220 13222 13225 13226 13236
LI (15):  4341 4350 4351 4353 4354 4379 4381 4387 11177 11213 11216 11219 11221 11239 11242
NODE_NUM = 46
FILE voter_sub_90.aig

# Subcircuit 91
SUB_ID 91
LO (12):  4379 4381 4387 11239 11242 13240 13274 13752 13753 13758 13759 13760
LI (18):  2914 2915 4359 4364 4367 4371 4376 4377 11230 11233 11235 13220 13222 13225 13226 13236 13267 13268
NODE_NUM = 47
FILE voter_sub_91.aig

# Subcircuit 92
SUB_ID 92
LO (13):  4367 4404 4472 10047 11171 11173 11175 11177 11179 11195 11203 11206 11207
LI (32):  2836 2837 2951 3981 4222 4339 4362 4394 4395 4400 4403 4407 4412 4413 4437 4447 4448 4449 4454 4455 4456 4461 4462 4463 4468 4469 4470 10043 10046 11194 11200 11201
NODE_NUM = 49
FILE voter_sub_92.aig

# Subcircuit 93
SUB_ID 93
LO (10):  4403 4437 11213 13267 13268 13755 13756 13762 13763 13764
LI (20):  2761 2762 2873 4398 4420 4421 4429 4430 4433 11179 11180 11183 11185 11203 11206 11207 13240 13255 13752 13753
NODE_NUM = 48
FILE voter_sub_93.aig

# Subcircuit 94
SUB_ID 94
LO (10):  4433 4508 4509 4553 4554 4556 4659 10246 10248 10251
LI (11):  968 969 970 2798 4424 4484 4494 4540 4541 4544 4549
NODE_NUM = 47
FILE voter_sub_94.aig

# Subcircuit 95
SUB_ID 95
LO (12):  4484 4494 4536 4540 4541 4544 4549 4558 4561 4666 4671 4831
LI (16):  971 972 973 977 978 979 4483 4508 4509 4521 4528 4553 4554 4556 4665 4670
NODE_NUM = 45
FILE voter_sub_95.aig

# Subcircuit 96
SUB_ID 96
LO (8):  4521 4528 4593 4632 4634 4644 4654 10265
LI (11):  974 975 976 980 981 982 4520 4573 4583 4625 4631
NODE_NUM = 47
FILE voter_sub_96.aig

# Subcircuit 97
SUB_ID 97
LO (10):  4573 4583 4625 4631 4637 4641 4642 4648 10263 12565
LI (12):  983 984 985 989 990 991 4572 4593 4605 4612 4632 4634
NODE_NUM = 49
FILE voter_sub_97.aig

# Subcircuit 98
SUB_ID 98
LO (10):  4605 4612 4665 4670 10245 10291 10292 10463 12441 12558
LI (15):  986 987 988 4561 4604 4642 4644 4649 4660 10053 10204 10205 10207 10243 10276
NODE_NUM = 48
FILE voter_sub_98.aig

# Subcircuit 99
SUB_ID 99
LO (10):  4649 4660 5667 5672 5673 5675 5676 6301 10053 10207
LI (13):  4644 4648 4654 4659 4666 4671 4827 4831 4883 5649 5654 5655 5656
NODE_NUM = 42
FILE voter_sub_99.aig

# Subcircuit 100
SUB_ID 100
LO (7):  4827 4835 4837 4838 4841 4852 10227
LI (9):  962 963 964 4677 4688 4694 4727 4746 4824
NODE_NUM = 41
FILE voter_sub_100.aig

# Subcircuit 101
SUB_ID 101
LO (10):  4688 4694 4727 4746 4839 4842 4846 4851 10224 10229
LI (12):  956 957 958 965 966 967 4684 4724 4730 4835 4837 4838
NODE_NUM = 48
FILE voter_sub_101.aig

# Subcircuit 102
SUB_ID 102
LO (8):  4724 4730 4824 4861 4863 4864 4871 10213
LI (11):  950 951 952 959 960 961 4720 4763 4769 4802 4821
NODE_NUM = 47
FILE voter_sub_102.aig

# Subcircuit 103
SUB_ID 103
LO (10):  4763 4769 4802 4821 4859 4868 4869 4872 10210 10215
LI (12):  944 945 946 953 954 955 4759 4799 4805 4861 4863 4864
NODE_NUM = 48
FILE voter_sub_103.aig

# Subcircuit 104
SUB_ID 104
LO (9):  4799 4805 4883 10243 12584 12587 12588 12590 12592
LI (17):  947 948 949 4795 4839 4841 4842 4846 4851 4852 4876 10219 10222 10224 10227 10230 10231
NODE_NUM = 50
FILE voter_sub_104.aig

# Subcircuit 105
SUB_ID 105
LO (13):  4876 10219 10222 12602 12605 12617 12618 12619 13351 13398 13408 13409 13410
LI (17):  4859 4868 4869 4871 4872 10210 10213 10215 12441 12552 12553 12558 12582 12584 12587 12588 12593
NODE_NUM = 50
FILE voter_sub_105.aig

# Subcircuit 106
SUB_ID 106
LO (9):  4926 4927 4971 4972 4974 5077 10081 10083 10086
LI (10):  8 9 10 4895 4902 4912 4958 4959 4962 4967
NODE_NUM = 46
FILE voter_sub_106.aig

# Subcircuit 107
SUB_ID 107
LO (12):  4902 4912 4954 4958 4959 4962 4967 4976 4979 5084 5089 5168
LI (16):  11 12 13 17 18 19 4901 4926 4927 4939 4946 4971 4972 4974 5083 5088
NODE_NUM = 45
FILE voter_sub_107.aig

# Subcircuit 108
SUB_ID 108
LO (8):  4939 4946 5011 5050 5052 5062 5072 10100
LI (11):  14 15 16 20 21 22 4938 4991 5001 5043 5049
NODE_NUM = 47
FILE voter_sub_108.aig

# Subcircuit 109
SUB_ID 109
LO (10):  4991 5001 5043 5049 5055 5059 5060 5066 10098 12525
LI (12):  23 24 25 29 30 31 4990 5011 5023 5030 5050 5052
NODE_NUM = 49
FILE voter_sub_109.aig

# Subcircuit 110
SUB_ID 110
LO (10):  5023 5030 5083 5088 10204 10205 12445 12508 12524 12542
LI (18):  26 27 28 4979 5022 5060 5062 5067 5078 10055 10057 10078 10111 10200 12519 12523 12537 12540
NODE_NUM = 50
FILE voter_sub_110.aig

# Subcircuit 111
SUB_ID 111
LO (10):  5067 5078 5099 5115 5649 5654 5655 5656 10055 10057
LI (15):  992 993 994 5062 5066 5072 5077 5084 5089 5164 5168 5211 5630 5635 5638
NODE_NUM = 49
FILE voter_sub_111.aig

# Subcircuit 112
SUB_ID 112
LO (7):  5164 5208 5211 10058 10059 10068 10069
LI (10):  995 996 997 5099 5102 5115 5161 5196 5198 10066
NODE_NUM = 49
FILE voter_sub_112.aig

# Subcircuit 113
SUB_ID 113
LO (7):  5161 5196 5198 10066 10070 10071 12514
LI (9):  1 2 3 7 5146 5156 5177 5194 10069
NODE_NUM = 49
FILE voter_sub_113.aig

# Subcircuit 114
SUB_ID 114
LO (9):  5146 5156 5177 5194 5250 5285 5301 5308 10144
LI (12):  4 5 6 44 45 46 998 999 1000 5142 5230 5240
NODE_NUM = 50
FILE voter_sub_114.aig

# Subcircuit 115
SUB_ID 115
LO (8):  5230 5240 5290 5292 5293 5296 5307 10142
LI (10):  47 48 49 53 54 55 5229 5262 5269 5285
NODE_NUM = 44
FILE voter_sub_115.aig

# Subcircuit 116
SUB_ID 116
LO (11):  5262 5269 5630 5635 10122 10139 10140 10148 10151 10158 12475
LI (17):  50 51 52 5250 5261 5290 5293 5298 5301 5387 5411 5626 5628 5634 10138 10147 10150
NODE_NUM = 50
FILE voter_sub_116.aig

# Subcircuit 117
SUB_ID 117
LO (12):  5298 10147 10150 12552 12553 13355 13371 13374 13375 13381 13382 13383
LI (15):  5250 5292 5296 10139 10142 10144 12445 12449 12469 12472 12475 12478 12483 12489 12548
NODE_NUM = 46
FILE voter_sub_117.aig

# Subcircuit 118
SUB_ID 118
LO (12):  5328 5345 5346 5347 5387 5398 5399 5626 5628 5634 5638 10128
LI (11):  38 39 40 5307 5308 5325 5331 5386 5612 5617 5620
NODE_NUM = 49
FILE voter_sub_118.aig

# Subcircuit 119
SUB_ID 119
LO (8):  5325 5331 5382 5386 5394 5395 5397 10130
LI (12):  32 33 34 41 42 43 5321 5328 5346 5347 5361 5367
NODE_NUM = 46
FILE voter_sub_119.aig

# Subcircuit 120
SUB_ID 120
LO (8):  5361 5367 5411 5424 5436 10138 12478 12489
LI (22):  35 36 37 56 57 58 5345 5346 5357 5382 5394 5395 5397 5398 5399 5408 10128 10130 10133 10136 10148 10151
NODE_NUM = 50
FILE voter_sub_120.aig

# Subcircuit 121
SUB_ID 121
LO (9):  5454 5455 5499 5500 5502 5605 10161 10163 10166
LI (10):  59 60 61 5424 5429 5436 5486 5487 5490 5495
NODE_NUM = 46
FILE voter_sub_121.aig

# Subcircuit 122
SUB_ID 122
LO (12):  5486 5487 5490 5495 5504 5612 5617 10160 10162 10164 12462 12464
LI (16):  65 66 67 5454 5455 5460 5467 5474 5499 5500 5502 5608 5610 5616 10161 10163
NODE_NUM = 42
FILE voter_sub_122.aig

# Subcircuit 123
SUB_ID 123
LO (8):  5467 5474 5539 5578 5580 5590 5600 10180
LI (11):  62 63 64 68 69 70 5466 5519 5529 5571 5577
NODE_NUM = 47
FILE voter_sub_123.aig

# Subcircuit 124
SUB_ID 124
LO (10):  5519 5529 5571 5577 5583 5587 5588 5594 10178 12456
LI (12):  71 72 73 77 78 79 5518 5539 5551 5558 5578 5580
NODE_NUM = 49
FILE voter_sub_124.aig

# Subcircuit 125
SUB_ID 125
LO (9):  5551 5558 5608 5610 5616 5620 5693 5699 5703
LI (13):  74 75 76 938 939 940 5550 5588 5590 5594 5600 5605 5690
NODE_NUM = 38
FILE voter_sub_125.aig

# Subcircuit 126
SUB_ID 126
LO (14):  5690 5710 5711 6297 6298 6300 6376 6377 6391 6403 6415 6542 10019 10432
LI (14):  941 942 943 5667 5672 5676 5686 5693 5699 5703 5748 5826 5982 6294
NODE_NUM = 47
FILE voter_sub_126.aig

# Subcircuit 127
SUB_ID 127
LO (8):  5748 6382 6386 6390 6394 10429 10430 10434
LI (11):  932 933 934 5693 5710 5711 5715 5726 5732 6376 6377
NODE_NUM = 47
FILE voter_sub_127.aig

# Subcircuit 128
SUB_ID 128
LO (8):  5726 5732 5826 6357 6359 6360 6367 10418
LI (11):  926 927 928 935 936 937 5722 5765 5771 5804 5823
NODE_NUM = 47
FILE voter_sub_128.aig

# Subcircuit 129
SUB_ID 129
LO (10):  5765 5771 5804 5823 6355 6364 6365 6368 10415 10420
LI (12):  920 921 922 929 930 931 5761 5801 5807 6357 6359 6360
NODE_NUM = 48
FILE voter_sub_129.aig

# Subcircuit 130
SUB_ID 130
LO (10):  5801 5807 5846 5863 5864 5982 6307 6308 6322 10396
LI (11):  914 915 916 923 924 925 5797 5843 5849 5901 5979
NODE_NUM = 47
FILE voter_sub_130.aig

# Subcircuit 131
SUB_ID 131
LO (10):  5843 5849 5900 5901 6304 6309 6316 6321 10393 10398
LI (12):  908 909 910 917 918 919 5839 5846 5864 5879 5885 6308
NODE_NUM = 49
FILE voter_sub_131.aig

# Subcircuit 132
SUB_ID 132
LO (8):  5879 5885 5979 6331 6333 6334 6341 10382
LI (11):  902 903 904 911 912 913 5875 5918 5924 5957 5976
NODE_NUM = 47
FILE voter_sub_132.aig

# Subcircuit 133
SUB_ID 133
LO (10):  5918 5924 5957 5976 6329 6338 6339 6342 10379 10384
LI (12):  896 897 898 905 906 907 5914 5954 5960 6331 6333 6334
NODE_NUM = 48
FILE voter_sub_133.aig

# Subcircuit 134
SUB_ID 134
LO (10):  5954 5960 6002 6019 6020 6138 6443 6444 6458 10352
LI (11):  890 891 892 899 900 901 5950 5999 6005 6057 6135
NODE_NUM = 47
FILE voter_sub_134.aig

# Subcircuit 135
SUB_ID 135
LO (10):  5999 6005 6056 6057 6440 6445 6452 6457 10349 10354
LI (12):  884 885 886 893 894 895 5995 6002 6020 6035 6041 6444
NODE_NUM = 49
FILE voter_sub_135.aig

# Subcircuit 136
SUB_ID 136
LO (8):  6035 6041 6135 6424 6426 6427 6434 10338
LI (11):  878 879 880 887 888 889 6031 6074 6080 6113 6132
NODE_NUM = 47
FILE voter_sub_136.aig

# Subcircuit 137
SUB_ID 137
LO (10):  6074 6080 6113 6132 6422 6431 6432 6435 10335 10340
LI (12):  872 873 874 881 882 883 6070 6110 6116 6424 6426 6427
NODE_NUM = 48
FILE voter_sub_137.aig

# Subcircuit 138
SUB_ID 138
LO (10):  6110 6116 6155 6172 6173 6291 6479 6480 6494 10316
LI (11):  866 867 868 875 876 877 6106 6152 6158 6210 6288
NODE_NUM = 47
FILE voter_sub_138.aig

# Subcircuit 139
SUB_ID 139
LO (10):  6152 6158 6209 6210 6476 6481 6488 6493 10313 10318
LI (12):  860 861 862 869 870 871 6148 6155 6173 6188 6194 6480
NODE_NUM = 49
FILE voter_sub_139.aig

# Subcircuit 140
SUB_ID 140
LO (8):  6188 6194 6288 6503 6505 6506 6513 10302
LI (11):  854 855 856 863 864 865 6184 6227 6233 6266 6285
NODE_NUM = 47
FILE voter_sub_140.aig

# Subcircuit 141
SUB_ID 141
LO (10):  6227 6233 6266 6285 6501 6510 6511 6514 10299 10304
LI (12):  848 849 850 857 858 859 6223 6263 6269 6503 6505 6506
NODE_NUM = 48
FILE voter_sub_141.aig

# Subcircuit 142
SUB_ID 142
LO (10):  6263 6269 6294 10029 10041 10049 10051 10294 10296 10374
LI (19):  851 852 853 6138 6259 6291 6303 6420 6464 6469 6525 6535 6536 6542 6543 10025 10027 10040 10371
NODE_NUM = 48
FILE voter_sub_142.aig

# Subcircuit 143
SUB_ID 143
LO (12):  6303 6313 6420 6535 6536 6543 10376 10394 10402 10405 10412 12653
LI (20):  5863 5864 6298 6300 6301 6304 6309 6312 6316 6321 6322 6346 6405 6407 6413 6415 10392 10393 10399 10400
NODE_NUM = 50
FILE voter_sub_143.aig

# Subcircuit 144
SUB_ID 144
LO (12):  6312 6346 10392 12671 12674 12742 13426 13428 13453 13463 13464 13465
LI (17):  5900 6307 6329 6338 6339 6341 6342 10379 10382 10384 10402 10405 12627 12651 12653 12662 12739
NODE_NUM = 48
FILE voter_sub_144.aig

# Subcircuit 145
SUB_ID 145
LO (12):  6369 6405 6407 6413 10416 10424 10427 10457 12620 12622 12627 12629
LI (16):  6355 6364 6365 6367 6368 6393 6395 6401 6403 10374 10376 10412 10415 10421 10422 10442
NODE_NUM = 47
FILE voter_sub_145.aig

# Subcircuit 146
SUB_ID 146
LO (11):  6393 6395 6401 6464 6469 10371 12685 12687 12690 12691 12701
LI (19):  6386 6390 6391 6394 6422 6431 6432 6434 6435 6460 6462 6468 10296 10332 10335 10338 10340 10358 10361
NODE_NUM = 50
FILE voter_sub_146.aig

# Subcircuit 147
SUB_ID 147
LO (12):  6460 6462 6468 10358 10361 12705 12739 13431 13432 13437 13438 13439
LI (18):  6019 6020 6440 6445 6448 6452 6457 6458 10349 10352 10354 12685 12687 12690 12691 12701 12732 12733
NODE_NUM = 47
FILE voter_sub_147.aig

# Subcircuit 148
SUB_ID 148
LO (7):  6448 6525 10332 12711 12714 12715 12720
LI (16):  6056 6172 6173 6443 6476 6481 6484 6488 6493 6494 6518 10308 10311 10313 10316 10318
NODE_NUM = 47
FILE voter_sub_148.aig

# Subcircuit 149
SUB_ID 149
LO (14):  6484 6518 10308 10311 12732 12733 13435 13441 13442 13447 13450 13479 14191 14206
LI (20):  6209 6479 6501 6510 6511 6513 6514 10299 10302 10304 12705 12711 12714 12715 12720 13429 13431 13432 13439 13473
NODE_NUM = 50
FILE voter_sub_149.aig

# Subcircuit 150
SUB_ID 150
LO (9):  6582 6583 6627 6628 6630 6733 10683 10685 10688
LI (10):  200 201 202 6551 6558 6568 6614 6615 6618 6623
NODE_NUM = 46
FILE voter_sub_150.aig

# Subcircuit 151
SUB_ID 151
LO (12):  6558 6568 6610 6614 6615 6618 6623 6632 6635 6740 6745 6905
LI (16):  203 204 205 209 210 211 6557 6582 6583 6595 6602 6627 6628 6630 6739 6744
NODE_NUM = 45
FILE voter_sub_151.aig

# Subcircuit 152
SUB_ID 152
LO (8):  6595 6602 6667 6706 6708 6718 6728 10702
LI (11):  206 207 208 212 213 214 6594 6647 6657 6699 6705
NODE_NUM = 47
FILE voter_sub_152.aig

# Subcircuit 153
SUB_ID 153
LO (10):  6647 6657 6699 6705 6711 6715 6716 6722 10700 12240
LI (12):  215 216 217 221 222 223 6646 6667 6679 6686 6706 6708
NODE_NUM = 49
FILE voter_sub_153.aig

# Subcircuit 154
SUB_ID 154
LO (10):  6679 6686 6739 6744 10682 10811 12164 12166 12171 12233
LI (15):  218 219 220 6635 6678 6716 6718 6723 6734 10640 10642 10644 10680 10713 10802
NODE_NUM = 50
FILE voter_sub_154.aig

# Subcircuit 155
SUB_ID 155
LO (8):  6723 6734 7394 7399 7402 8027 10642 10644
LI (12):  6718 6722 6728 6733 6740 6745 6901 6905 6957 7376 7381 7384
NODE_NUM = 40
FILE voter_sub_155.aig

# Subcircuit 156
SUB_ID 156
LO (7):  6901 6909 6911 6912 6915 6926 10664
LI (9):  194 195 196 6751 6762 6768 6801 6820 6898
NODE_NUM = 41
FILE voter_sub_156.aig

# Subcircuit 157
SUB_ID 157
LO (10):  6762 6768 6801 6820 6913 6916 6920 6925 10661 10666
LI (12):  188 189 190 197 198 199 6758 6798 6804 6909 6911 6912
NODE_NUM = 48
FILE voter_sub_157.aig

# Subcircuit 158
SUB_ID 158
LO (8):  6798 6804 6898 6935 6937 6938 6945 10650
LI (11):  182 183 184 191 192 193 6794 6837 6843 6876 6895
NODE_NUM = 47
FILE voter_sub_158.aig

# Subcircuit 159
SUB_ID 159
LO (10):  6837 6843 6876 6895 6933 6942 6943 6946 10647 10652
LI (12):  176 177 178 185 186 187 6833 6873 6879 6935 6937 6938
NODE_NUM = 48
FILE voter_sub_159.aig

# Subcircuit 160
SUB_ID 160
LO (9):  6873 6879 6957 10680 12259 12262 12263 12265 12267
LI (17):  179 180 181 6869 6913 6915 6916 6920 6925 6926 6950 10656 10659 10661 10664 10667 10668
NODE_NUM = 50
FILE voter_sub_160.aig

# Subcircuit 161
SUB_ID 161
LO (11):  6950 10656 10659 12277 12280 12293 13553 13555 13565 13566 13567
LI (16):  6933 6942 6943 6945 6946 10647 10650 10652 12171 12229 12233 12257 12259 12262 12263 12268
NODE_NUM = 47
FILE voter_sub_161.aig

# Subcircuit 162
SUB_ID 162
LO (9):  6996 7040 7042 7047 7052 7057 10741 10743 10746
LI (10):  236 237 238 6969 6976 6986 7027 7028 7034 7039
NODE_NUM = 46
FILE voter_sub_162.aig

# Subcircuit 163
SUB_ID 163
LO (12):  6976 6986 7023 7027 7028 7034 7039 7044 7138 7160 7161 7162
LI (15):  239 240 241 245 246 247 6975 6996 7008 7015 7040 7042 7047 7052 7133
NODE_NUM = 50
FILE voter_sub_163.aig

# Subcircuit 164
SUB_ID 164
LO (10):  7008 7015 7074 7091 7092 7133 7144 7145 7369 10730
LI (11):  230 231 232 242 243 244 7007 7057 7071 7077 7129
NODE_NUM = 47
FILE voter_sub_164.aig

# Subcircuit 165
SUB_ID 165
LO (10):  7071 7077 7128 7129 7140 7141 7149 7150 10727 10732
LI (12):  224 225 226 233 234 235 7067 7074 7092 7107 7113 7145
NODE_NUM = 49
FILE voter_sub_165.aig

# Subcircuit 166
SUB_ID 166
LO (11):  7107 7113 7154 7376 7381 10724 10728 10736 10739 10760 12201
LI (22):  227 228 229 7091 7092 7103 7138 7140 7141 7149 7150 7153 7160 7161 7162 7372 7374 7380 10727 10733 10734 10754
NODE_NUM = 41
FILE voter_sub_166.aig

# Subcircuit 167
SUB_ID 167
LO (10):  7153 7200 7201 7245 7246 7248 7351 10763 10765 10768
LI (11):  248 249 250 7128 7144 7176 7186 7232 7233 7236 7241
NODE_NUM = 47
FILE voter_sub_167.aig

# Subcircuit 168
SUB_ID 168
LO (12):  7176 7186 7228 7232 7233 7236 7241 7250 7253 7358 7363 7373
LI (16):  251 252 253 257 258 259 7175 7200 7201 7213 7220 7245 7246 7248 7357 7362
NODE_NUM = 45
FILE voter_sub_168.aig

# Subcircuit 169
SUB_ID 169
LO (8):  7213 7220 7285 7324 7326 7336 7346 10782
LI (11):  254 255 256 260 261 262 7212 7265 7275 7317 7323
NODE_NUM = 47
FILE voter_sub_169.aig

# Subcircuit 170
SUB_ID 170
LO (10):  7265 7275 7317 7323 7329 7333 7334 7340 10780 12182
LI (12):  263 264 265 269 270 271 7264 7285 7297 7304 7324 7326
NODE_NUM = 49
FILE voter_sub_170.aig

# Subcircuit 171
SUB_ID 171
LO (10):  7297 7304 7357 7362 10802 12181 12195 12229 13577 13578
LI (18):  266 267 268 7253 7296 7334 7336 7341 7352 10724 10760 10793 12176 12180 12194 12197 12222 12223
NODE_NUM = 49
FILE voter_sub_171.aig

# Subcircuit 172
SUB_ID 172
LO (13):  7341 7352 7372 7374 7380 7384 7419 7436 7437 7477 8102 8103 10612
LI (14):  170 171 172 7336 7340 7346 7351 7358 7363 7369 7373 7416 7422 7474
NODE_NUM = 49
FILE voter_sub_172.aig

# Subcircuit 173
SUB_ID 173
LO (10):  7416 7422 7473 7474 8099 8104 8111 8116 10609 10614
LI (12):  164 165 166 173 174 175 7412 7419 7437 7452 7458 8103
NODE_NUM = 49
FILE voter_sub_173.aig

# Subcircuit 174
SUB_ID 174
LO (10):  7452 7458 7494 7511 7512 7555 8085 8086 8117 10598
LI (11):  158 159 160 167 168 169 7448 7477 7491 7497 7549
NODE_NUM = 47
FILE voter_sub_174.aig

# Subcircuit 175
SUB_ID 175
LO (10):  7491 7497 7548 7549 8081 8082 8090 8091 10595 10600
LI (12):  152 153 154 161 162 163 7487 7494 7512 7527 7533 8086
NODE_NUM = 49
FILE voter_sub_175.aig

# Subcircuit 176
SUB_ID 176
LO (10):  7527 7533 7572 7589 7590 7708 8033 8034 8048 10576
LI (11):  146 147 148 155 156 157 7523 7569 7575 7627 7705
NODE_NUM = 47
FILE voter_sub_176.aig

# Subcircuit 177
SUB_ID 177
LO (10):  7569 7575 7626 7627 8030 8035 8042 8047 10573 10578
LI (12):  140 141 142 149 150 151 7565 7572 7590 7605 7611 8034
NODE_NUM = 49
FILE voter_sub_177.aig

# Subcircuit 178
SUB_ID 178
LO (8):  7605 7611 7705 8057 8059 8060 8067 10562
LI (11):  134 135 136 143 144 145 7601 7644 7650 7683 7702
NODE_NUM = 47
FILE voter_sub_178.aig

# Subcircuit 179
SUB_ID 179
LO (10):  7644 7650 7683 7702 8055 8064 8065 8068 10559 10564
LI (12):  128 129 130 137 138 139 7640 7680 7686 8057 8059 8060
NODE_NUM = 48
FILE voter_sub_179.aig

# Subcircuit 180
SUB_ID 180
LO (12):  7680 7686 8029 8131 8133 8134 8139 8141 8268 8269 8270 10003
LI (13):  131 132 133 7394 7399 7402 7555 7676 7708 8020 8027 8123 8128
NODE_NUM = 39
FILE voter_sub_180.aig

# Subcircuit 181
SUB_ID 181
LO (8):  8020 8167 8169 8170 8173 8184 8196 10532
LI (10):  122 123 124 7714 7725 7731 7764 7783 7861 8017
NODE_NUM = 45
FILE voter_sub_181.aig

# Subcircuit 182
SUB_ID 182
LO (10):  7725 7731 7764 7783 8171 8174 8178 8183 10529 10534
LI (12):  116 117 118 125 126 127 7721 7761 7767 8167 8169 8170
NODE_NUM = 48
FILE voter_sub_182.aig

# Subcircuit 183
SUB_ID 183
LO (8):  7761 7767 7861 8150 8152 8153 8160 10518
LI (11):  110 111 112 119 120 121 7757 7800 7806 7839 7858
NODE_NUM = 47
FILE voter_sub_183.aig

# Subcircuit 184
SUB_ID 184
LO (10):  7800 7806 7839 7858 8148 8157 8158 8161 10515 10520
LI (12):  104 105 106 113 114 115 7796 7836 7842 8150 8152 8153
NODE_NUM = 48
FILE voter_sub_184.aig

# Subcircuit 185
SUB_ID 185
LO (10):  7836 7842 7881 7898 7899 8017 8205 8206 8220 10496
LI (11):  98 99 100 107 108 109 7832 7878 7884 7936 8014
NODE_NUM = 47
FILE voter_sub_185.aig

# Subcircuit 186
SUB_ID 186
LO (10):  7878 7884 7935 7936 8202 8207 8214 8219 10493 10498
LI (12):  92 93 94 101 102 103 7874 7881 7899 7914 7920 8206
NODE_NUM = 49
FILE voter_sub_186.aig

# Subcircuit 187
SUB_ID 187
LO (8):  7914 7920 8014 8229 8231 8232 8239 10482
LI (11):  86 87 88 95 96 97 7910 7953 7959 7992 8011
NODE_NUM = 47
FILE voter_sub_187.aig

# Subcircuit 188
SUB_ID 188
LO (10):  7953 7959 7992 8011 8227 8236 8237 8240 10479 10484
LI (12):  80 81 82 89 90 91 7949 7989 7995 8229 8231 8232
NODE_NUM = 48
FILE voter_sub_188.aig

# Subcircuit 189
SUB_ID 189
LO (9):  7989 7995 8039 8079 8265 8272 10010 10474 10558
LI (20):  83 84 85 7589 7590 7985 8029 8030 8035 8038 8042 8047 8048 8072 8134 8139 8141 8258 8270 10009
NODE_NUM = 49
FILE voter_sub_189.aig

# Subcircuit 190
SUB_ID 190
LO (10):  8038 8072 10640 12297 12301 12327 12330 12331 12338 12340
LI (18):  7626 8033 8055 8064 8065 8067 8068 10474 10554 10556 10558 10559 10562 10565 10566 10582 10585 10628
NODE_NUM = 48
FILE voter_sub_190.aig

# Subcircuit 191
SUB_ID 191
LO (9):  8123 8128 10628 12321 12324 12325 13529 13530 13531
LI (16):  7511 7512 8081 8082 8090 8091 8094 8119 8121 8127 10595 10598 10600 10618 10621 12312
NODE_NUM = 50
FILE voter_sub_191.aig

# Subcircuit 192
SUB_ID 192
LO (11):  8094 8119 8121 8127 8162 8258 10476 10513 10618 10621 12312
LI (24):  7436 7437 7473 7548 8085 8099 8102 8104 8111 8116 8117 8148 8157 8158 8160 8161 8186 8189 8194 8196 8251 10609 10612 10614
NODE_NUM = 49
FILE voter_sub_192.aig

# Subcircuit 193
SUB_ID 193
LO (9):  8186 8189 8194 10554 12359 12361 12364 12365 12370
LI (14):  8171 8173 8174 8178 8183 8184 10476 10512 10513 10524 10527 10529 10532 10534
NODE_NUM = 50
FILE voter_sub_193.aig

# Subcircuit 194
SUB_ID 194
LO (6):  8251 10512 12385 12388 12389 12394
LI (14):  7898 7899 8202 8207 8210 8214 8219 8220 8244 10488 10491 10493 10496 10498
NODE_NUM = 46
FILE voter_sub_194.aig

# Subcircuit 195
SUB_ID 195
LO (12):  8210 8244 10488 10491 12403 12406 12419 13499 13501 13511 13512 13513
LI (18):  7935 8205 8227 8236 8237 8239 8240 10479 10482 10484 12297 12355 12359 12383 12385 12388 12389 12394
NODE_NUM = 48
FILE voter_sub_195.aig

# Subcircuit 196
SUB_ID 196
LO (9):  8304 8348 8350 8355 8360 8365 10917 10919 10922
LI (10):  332 333 334 8277 8284 8294 8335 8336 8342 8347
NODE_NUM = 46
FILE voter_sub_196.aig

# Subcircuit 197
SUB_ID 197
LO (12):  8284 8294 8331 8335 8336 8342 8347 8352 8446 8468 8469 8470
LI (15):  335 336 337 341 342 343 8283 8304 8316 8323 8348 8350 8355 8360 8441
NODE_NUM = 50
FILE voter_sub_197.aig

# Subcircuit 198
SUB_ID 198
LO (10):  8316 8323 8382 8399 8400 8441 8452 8453 8677 10906
LI (11):  326 327 328 338 339 340 8315 8365 8379 8385 8437
NODE_NUM = 47
FILE voter_sub_198.aig

# Subcircuit 199
SUB_ID 199
LO (10):  8379 8385 8436 8437 8448 8449 8457 8458 10903 10908
LI (12):  320 321 322 329 330 331 8375 8382 8400 8415 8421 8453
NODE_NUM = 49
FILE voter_sub_199.aig

# Subcircuit 200
SUB_ID 200
LO (10):  8415 8421 8462 8465 8472 9126 10009 10015 10470 10818
LI (21):  323 324 325 8272 8399 8400 8411 8446 8448 8449 8457 8458 8461 8470 8683 8688 9002 9119 9991 9996 10004
NODE_NUM = 49
FILE voter_sub_200.aig

# Subcircuit 201
SUB_ID 201
LO (10):  8461 8508 8509 8553 8554 8556 8659 10939 10941 10944
LI (11):  344 345 346 8436 8452 8484 8494 8540 8541 8544 8549
NODE_NUM = 47
FILE voter_sub_201.aig

# Subcircuit 202
SUB_ID 202
LO (12):  8484 8494 8536 8540 8541 8544 8549 8558 8561 8666 8671 8681
LI (16):  347 348 349 353 354 355 8483 8508 8509 8521 8528 8553 8554 8556 8665 8670
NODE_NUM = 45
FILE voter_sub_202.aig

# Subcircuit 203
SUB_ID 203
LO (8):  8521 8528 8593 8632 8634 8644 8654 10958
LI (11):  350 351 352 356 357 358 8520 8573 8583 8625 8631
NODE_NUM = 47
FILE voter_sub_203.aig

# Subcircuit 204
SUB_ID 204
LO (10):  8573 8583 8625 8631 8637 8641 8642 8648 10956 12046
LI (12):  359 360 361 365 366 367 8572 8593 8605 8612 8632 8634
NODE_NUM = 49
FILE voter_sub_204.aig

# Subcircuit 205
SUB_ID 205
LO (10):  8605 8612 8665 8670 10938 11155 11902 11904 12035 12039
LI (15):  362 363 364 8561 8604 8642 8644 8649 8660 10818 10898 10900 10936 10969 11152
NODE_NUM = 50
FILE voter_sub_205.aig

# Subcircuit 206
SUB_ID 206
LO (18):  8649 8660 8680 8682 8683 8688 9002 9988 9990 9991 9996 10004 10025 10027 10033 10034 10035 10040
LI (16):  8644 8648 8654 8659 8666 8671 8677 8681 9001 9974 9979 9982 10003 10010 10015 10022
NODE_NUM = 50
FILE voter_sub_206.aig

# Subcircuit 207
SUB_ID 207
LO (8):  9001 9028 9030 9031 9034 9045 9057 10876
LI (10):  314 315 316 8695 8706 8712 8745 8764 8842 8998
NODE_NUM = 45
FILE voter_sub_207.aig

# Subcircuit 208
SUB_ID 208
LO (10):  8706 8712 8745 8764 9032 9035 9039 9044 10873 10878
LI (12):  308 309 310 317 318 319 8702 8742 8748 9028 9030 9031
NODE_NUM = 48
FILE voter_sub_208.aig

# Subcircuit 209
SUB_ID 209
LO (8):  8742 8748 8842 9011 9013 9014 9021 10862
LI (11):  302 303 304 311 312 313 8738 8781 8787 8820 8839
NODE_NUM = 47
FILE voter_sub_209.aig

# Subcircuit 210
SUB_ID 210
LO (10):  8781 8787 8820 8839 9009 9018 9019 9022 10859 10864
LI (12):  296 297 298 305 306 307 8777 8817 8823 9011 9013 9014
NODE_NUM = 48
FILE voter_sub_210.aig

# Subcircuit 211
SUB_ID 211
LO (10):  8817 8823 8862 8879 8880 8998 9066 9067 9081 10840
LI (11):  290 291 292 299 300 301 8813 8859 8865 8917 8995
NODE_NUM = 47
FILE voter_sub_211.aig

# Subcircuit 212
SUB_ID 212
LO (10):  8859 8865 8916 8917 9063 9068 9075 9080 10837 10842
LI (12):  284 285 286 293 294 295 8855 8862 8880 8895 8901 9067
NODE_NUM = 49
FILE voter_sub_212.aig

# Subcircuit 213
SUB_ID 213
LO (8):  8895 8901 8995 9090 9092 9093 9100 10826
LI (11):  278 279 280 287 288 289 8891 8934 8940 8973 8992
NODE_NUM = 47
FILE voter_sub_213.aig

# Subcircuit 214
SUB_ID 214
LO (10):  8934 8940 8973 8992 9088 9097 9098 9101 10823 10828
LI (12):  272 273 274 281 282 283 8930 8970 8976 9090 9092 9093
NODE_NUM = 48
FILE voter_sub_214.aig

# Subcircuit 215
SUB_ID 215
LO (10):  8970 8976 9023 9119 10820 10860 10868 10871 10892 12099
LI (18):  275 276 277 8966 9009 9018 9019 9021 9022 9047 9049 9055 9057 9112 10859 10865 10866 10886
NODE_NUM = 48
FILE voter_sub_215.aig

# Subcircuit 216
SUB_ID 216
LO (11):  9047 9049 9055 10886 12117 12120 12151 13619 13625 13626 13627
LI (15):  9032 9034 9035 9039 9044 9045 10868 10871 10873 10876 10878 12097 12099 12113 12145
NODE_NUM = 49
FILE voter_sub_216.aig

# Subcircuit 217
SUB_ID 217
LO (8):  9072 9112 10838 10898 12097 12123 12126 12127
LI (16):  8879 8880 9063 9068 9071 9075 9080 9081 9105 10820 10832 10835 10837 10843 10844 10892
NODE_NUM = 49
FILE voter_sub_217.aig

# Subcircuit 218
SUB_ID 218
LO (13):  9071 9105 10832 10835 12145 13623 13629 13630 13635 13638 13664 14043 14059
LI (19):  8916 9066 9088 9097 9098 9100 9101 10823 10826 10828 12117 12120 12123 12126 12127 12132 13619 13627 13661
NODE_NUM = 47
FILE voter_sub_218.aig

# Subcircuit 219
SUB_ID 219
LO (9):  9162 9163 9207 9208 9210 9313 11027 11029 11032
LI (10):  392 393 394 9131 9138 9148 9194 9195 9198 9203
NODE_NUM = 46
FILE voter_sub_219.aig

# Subcircuit 220
SUB_ID 220
LO (12):  9138 9148 9190 9194 9195 9198 9203 9212 9215 9320 9325 9485
LI (16):  395 396 397 401 402 403 9137 9162 9163 9175 9182 9207 9208 9210 9319 9324
NODE_NUM = 45
FILE voter_sub_220.aig

# Subcircuit 221
SUB_ID 221
LO (8):  9175 9182 9247 9286 9288 9298 9308 11046
LI (11):  398 399 400 404 405 406 9174 9227 9237 9279 9285
NODE_NUM = 47
FILE voter_sub_221.aig

# Subcircuit 222
SUB_ID 222
LO (10):  9227 9237 9279 9285 9291 9295 9296 9302 11044 11978
LI (12):  407 408 409 413 414 415 9226 9247 9259 9266 9286 9288
NODE_NUM = 49
FILE voter_sub_222.aig

# Subcircuit 223
SUB_ID 223
LO (11):  9259 9266 9319 9324 11152 11909 11971 11977 11991 11994 11995
LI (18):  410 411 412 9215 9258 9296 9298 9303 9314 10986 10988 11024 11057 11146 11972 11976 11990 11993
NODE_NUM = 50
FILE voter_sub_223.aig

# Subcircuit 224
SUB_ID 224
LO (9):  9303 9314 9335 9351 9974 9979 9982 10986 10988
LI (15):  386 387 388 9298 9302 9308 9313 9320 9325 9481 9485 9537 9956 9961 9964
NODE_NUM = 49
FILE voter_sub_224.aig

# Subcircuit 225
SUB_ID 225
LO (7):  9481 9489 9491 9492 9495 9506 11008
LI (9):  389 390 391 9335 9338 9351 9381 9400 9478
NODE_NUM = 41
FILE voter_sub_225.aig

# Subcircuit 226
SUB_ID 226
LO (9):  9381 9400 9497 9501 9505 9509 11005 11006 11010
LI (10):  380 381 382 9367 9378 9384 9489 9491 9492 9495
NODE_NUM = 43
FILE voter_sub_226.aig

# Subcircuit 227
SUB_ID 227
LO (8):  9378 9384 9478 9515 9517 9518 9525 10994
LI (11):  374 375 376 383 384 385 9374 9417 9423 9456 9475
NODE_NUM = 47
FILE voter_sub_227.aig

# Subcircuit 228
SUB_ID 228
LO (10):  9417 9423 9456 9475 9513 9522 9523 9526 10991 10996
LI (12):  368 369 370 377 378 379 9413 9453 9459 9515 9517 9518
NODE_NUM = 48
FILE voter_sub_228.aig

# Subcircuit 229
SUB_ID 229
LO (10):  9453 9459 9537 11024 12001 12015 12018 12031 13671 13673
LI (19):  371 372 373 9449 9501 9505 9506 9510 9530 9534 11021 11909 11967 11971 11995 11996 12000 12014 12017
NODE_NUM = 47
FILE voter_sub_229.aig

# Subcircuit 230
SUB_ID 230
LO (15):  9510 9530 9534 11021 11996 12000 12014 12017 13677 13683 13684 13689 13692 13693 14033
LI (17):  9506 9509 9513 9522 9523 9525 9526 10991 10994 10996 11014 11017 12001 12006 13673 13676 13681
NODE_NUM = 47
FILE voter_sub_230.aig

# Subcircuit 231
SUB_ID 231
LO (9):  9576 9620 9622 9627 9632 9637 11085 11087 11090
LI (10):  428 429 430 9549 9556 9566 9607 9608 9614 9619
NODE_NUM = 46
FILE voter_sub_231.aig

# Subcircuit 232
SUB_ID 232
LO (12):  9556 9566 9603 9607 9608 9614 9619 9624 9718 9740 9741 9742
LI (15):  431 432 433 437 438 439 9555 9576 9588 9595 9620 9622 9627 9632 9713
NODE_NUM = 50
FILE voter_sub_232.aig

# Subcircuit 233
SUB_ID 233
LO (10):  9588 9595 9654 9671 9672 9713 9724 9725 9949 11074
LI (11):  422 423 424 434 435 436 9587 9637 9651 9657 9709
NODE_NUM = 47
FILE voter_sub_233.aig

# Subcircuit 234
SUB_ID 234
LO (10):  9651 9657 9708 9709 9720 9721 9729 9730 11071 11076
LI (12):  416 417 418 425 426 427 9647 9654 9672 9687 9693 9725
NODE_NUM = 49
FILE voter_sub_234.aig

# Subcircuit 235
SUB_ID 235
LO (11):  9687 9693 9734 9956 9961 11068 11072 11080 11083 11104 11939
LI (22):  419 420 421 9671 9672 9683 9718 9720 9721 9729 9730 9733 9740 9741 9742 9952 9954 9960 11071 11077 11078 11098
NODE_NUM = 41
FILE voter_sub_235.aig

# Subcircuit 236
SUB_ID 236
LO (10):  9733 9780 9781 9825 9826 9828 9931 11107 11109 11112
LI (11):  440 441 442 9708 9724 9756 9766 9812 9813 9816 9821
NODE_NUM = 47
FILE voter_sub_236.aig

# Subcircuit 237
SUB_ID 237
LO (12):  9756 9766 9808 9812 9813 9816 9821 9830 9833 9938 9943 9953
LI (16):  443 444 445 449 450 451 9755 9780 9781 9793 9800 9825 9826 9828 9937 9942
NODE_NUM = 45
FILE voter_sub_237.aig

# Subcircuit 238
SUB_ID 238
LO (8):  9793 9800 9865 9904 9906 9916 9926 11126
LI (11):  446 447 448 452 453 454 9792 9845 9855 9897 9903
NODE_NUM = 47
FILE voter_sub_238.aig

# Subcircuit 239
SUB_ID 239
LO (10):  9845 9855 9897 9903 9909 9913 9914 9920 11124 11920
LI (12):  455 456 457 461 462 463 9844 9865 9877 9884 9904 9906
NODE_NUM = 49
FILE voter_sub_239.aig

# Subcircuit 240
SUB_ID 240
LO (10):  9877 9884 9937 9942 11146 11919 11933 11967 13695 13696
LI (18):  458 459 460 9833 9876 9914 9916 9921 9932 11068 11104 11137 11914 11918 11932 11935 11960 11961
NODE_NUM = 49
FILE voter_sub_240.aig

# Subcircuit 241
SUB_ID 241
LO (15):  9921 9932 9952 9954 9960 9964 10022 10078 12548 13364 13366 13368 13369 14165 14166
LI (23):  5673 5675 6297 9916 9920 9926 9931 9938 9943 9949 9953 10019 10059 10068 10070 10071 10076 12508 12511 12514 12542 13359 13360
NODE_NUM = 49
FILE voter_sub_241.aig

# Subcircuit 242
SUB_ID 242
LO (11):  10076 10111 10167 10168 10170 12519 12523 12537 12540 13359 13360
LI (26):  4954 4976 5055 5059 5062 5208 10058 10070 10081 10083 10086 10089 10093 10098 10100 10103 10104 10106 10107 10162 10164 10166 12522 12524 12525 12529
NODE_NUM = 50
FILE voter_sub_242.aig

# Subcircuit 243
SUB_ID 243
LO (10):  10200 12449 12469 12472 13377 13387 13390 13394 14153 14163
LI (19):  5504 10122 10158 10160 10161 10167 10168 10170 10184 10187 12466 12467 13369 13371 13374 13375 13376 13378 13383
NODE_NUM = 47
FILE voter_sub_243.aig

# Subcircuit 244
SUB_ID 244
LO (15):  10184 10187 12466 12467 13376 13378 14158 14162 14185 14188 14189 14405 14407 14408 14413
LI (20):  5583 5587 5590 10178 10180 10183 10186 12456 12465 13375 13377 13381 13382 14149 14151 14154 14157 14163 14166 14179
NODE_NUM = 47
FILE voter_sub_244.aig

# Subcircuit 245
SUB_ID 245
LO (9):  10230 10231 10276 12582 13401 13402 13404 13405 13406
LI (16):  4558 10227 10229 10245 10246 10249 10251 10254 10258 10269 10272 12562 12569 12602 12605 13398
NODE_NUM = 42
FILE voter_sub_245.aig

# Subcircuit 246
SUB_ID 246
LO (14):  10249 10269 10272 10399 10400 10421 10422 10442 12569 12651 13456 13459 13460 13461
LI (25):  4536 4637 4641 4644 6382 10248 10263 10265 10268 10271 10396 10398 10418 10420 10424 10427 10429 10430 10432 10434 12565 12629 12643 12671 12674
NODE_NUM = 50
FILE voter_sub_246.aig

# Subcircuit 247
SUB_ID 247
LO (7):  11888 11893 11897 12436 12752 13306 13309
LI (13):  10047 10049 10051 10291 10292 10294 10457 10463 11164 11865 11876 11886 12749
NODE_NUM = 47
FILE voter_sub_247.aig

# Subcircuit 248
SUB_ID 248
LO (7):  11164 12167 13296 13333 13336 13341 13491
LI (13):  8265 8268 8269 10470 10811 11158 11897 12163 12164 12166 12422 12752 13292
NODE_NUM = 47
FILE voter_sub_248.aig

# Subcircuit 249
SUB_ID 249
LO (11):  10524 10527 12383 13505 13507 13508 13517 13520 13549 14106 14121
LI (15):  8162 10515 10518 10520 10523 12361 12364 12365 12370 12403 12406 13499 13501 13513 13543
NODE_NUM = 46
FILE voter_sub_249.aig

# Subcircuit 250
SUB_ID 250
LO (13):  10556 10565 10566 10582 10585 12355 13527 13533 13534 13539 13542 13543 14115
LI (19):  8039 8079 8131 8133 10562 10564 10573 10576 10578 10581 12301 12321 12324 12325 12327 12330 12331 12341 13531
NODE_NUM = 50
FILE voter_sub_250.aig

# Subcircuit 251
SUB_ID 251
LO (9):  10667 10668 10713 12257 13558 13559 13561 13562 13563
LI (16):  6632 10664 10666 10682 10683 10686 10688 10691 10695 10706 10709 12237 12244 12277 12280 13555
NODE_NUM = 42
FILE voter_sub_251.aig

# Subcircuit 252
SUB_ID 252
LO (14):  10686 10706 10709 10733 10734 10754 12222 12223 12244 13580 13581 13587 13588 13589
LI (26):  6610 6711 6715 6718 7044 10685 10700 10702 10705 10708 10730 10732 10736 10739 10741 10744 10746 10749 10753 12195 12201 12202 12215 12240 13577 13578
NODE_NUM = 49
FILE voter_sub_252.aig

# Subcircuit 253
SUB_ID 253
LO (13):  10744 10793 12176 12180 12194 12197 13583 13584 13593 13596 13603 14080 14089
LI (19):  7023 7250 10743 10763 10766 10768 10771 10775 10786 10789 12179 12181 12186 13553 13575 13577 13580 13581 13589
NODE_NUM = 49
FILE voter_sub_253.aig

# Subcircuit 254
SUB_ID 254
LO (12):  10766 10786 10789 11158 12163 12186 13613 13737 13738 13987 14008 14012
LI (24):  7228 7329 7333 7336 9126 9988 9990 10765 10780 10782 10785 10788 11155 11902 11904 12160 12182 13341 13487 13491 13609 13610 13612 13724
NODE_NUM = 49
FILE voter_sub_254.aig

# Subcircuit 255
SUB_ID 255
LO (15):  10843 10844 10865 10866 10900 10936 12160 13610 13612 13617 13641 13644 13645 13651 13653
LI (23):  8465 8468 8469 8472 8680 8682 10840 10842 10862 10864 10933 12031 12035 12039 12059 12062 12064 12068 12082 12085 12151 13650 13652
NODE_NUM = 46
FILE voter_sub_255.aig

# Subcircuit 256
SUB_ID 256
LO (13):  10933 12064 12068 12082 12085 13650 13652 13661 14047 14048 14052 14053 14054
LI (20):  8462 10903 10906 10908 10911 10915 10926 10929 12067 12074 13635 13638 13641 13644 13645 13647 13648 13651 13653 14044
NODE_NUM = 48
FILE voter_sub_256.aig

# Subcircuit 257
SUB_ID 257
LO (9):  10926 10929 10953 10969 12059 12062 12074 13647 13648
LI (20):  8331 8352 8536 8558 8637 8644 10917 10919 10922 10925 10938 10939 10941 10944 10947 10951 10962 10965 12043 12050
NODE_NUM = 50
FILE voter_sub_257.aig

# Subcircuit 258
SUB_ID 258
LO (10):  10962 10965 11014 11017 11057 11972 11976 11987 12006 12050
LI (20):  8641 9212 9497 10953 10956 10958 10961 11005 11006 11008 11010 11027 11030 11032 11035 11039 11050 11053 11975 12048
NODE_NUM = 44
FILE voter_sub_258.aig

# Subcircuit 259
SUB_ID 259
LO (13):  11030 11050 11053 11990 11993 13681 14022 14032 14038 14041 14074 14457 14466
LI (22):  9190 9291 9295 9298 11029 11044 11046 11049 11052 11976 11977 11978 11987 13677 13683 13684 14016 14018 14021 14028 14033 14068
NODE_NUM = 46
FILE voter_sub_259.aig

# Subcircuit 260
SUB_ID 260
LO (13):  11077 11078 11098 11960 11961 13699 13705 13706 13711 13714 13718 14017 14027
LI (18):  9624 11074 11076 11080 11083 11085 11088 11090 11093 11097 11933 11939 11940 11953 13693 13695 13696 13703
NODE_NUM = 48
FILE voter_sub_260.aig

# Subcircuit 261
SUB_ID 261
LO (14):  11088 11137 11914 11918 11932 11935 13703 14028 14461 14465 14477 14480 14481 14594
LI (23):  9603 9830 11087 11107 11110 11112 11115 11119 11130 11133 11917 11919 11924 13699 13705 13706 14022 14027 14457 14460 14463 14466 14473
NODE_NUM = 50
FILE voter_sub_261.aig

# Subcircuit 262
SUB_ID 262
LO (14):  11110 11130 11133 11200 11201 11266 11267 11287 11924 13210 13776 13784 13785 13786
LI (26):  4232 9808 9909 9913 9916 11109 11124 11126 11129 11132 11197 11199 11263 11265 11269 11272 11274 11277 11279 11282 11286 11920 13185 13188 13189 13202
NODE_NUM = 50
FILE voter_sub_262.aig

# Subcircuit 263
SUB_ID 263
LO (12):  11368 11369 11390 11391 11448 11449 11509 11865 13292 13742 13864 13978
LI (21):  1856 2718 2720 11171 11343 11365 11367 11387 11389 11445 11447 11506 11515 11856 12763 12765 13021 13286 13861 13863 13975
NODE_NUM = 44
FILE voter_sub_263.aig

# Subcircuit 264
SUB_ID 264
LO (15):  11544 11545 11566 11567 11601 11637 13021 13861 13863 13868 13892 13895 13896 13902 13904
LI (23):  1195 1198 1199 1202 1410 1412 11541 11543 11563 11565 11634 12892 12896 12900 12920 12923 12925 12929 12943 12946 13012 13901 13903
NODE_NUM = 46
FILE voter_sub_264.aig

# Subcircuit 265
SUB_ID 265
LO (13):  11634 12925 12929 12943 12946 13901 13903 13912 14267 14268 14272 14273 14274
LI (20):  1192 11604 11607 11609 11612 11616 11627 11630 12928 12935 13886 13889 13892 13895 13896 13898 13899 13902 13904 14264
NODE_NUM = 48
FILE voter_sub_265.aig

# Subcircuit 266
SUB_ID 266
LO (9):  11627 11630 11654 11670 12920 12923 12935 13898 13899
LI (20):  1061 1082 1266 1288 1367 1374 11618 11620 11623 11626 11639 11640 11642 11645 11648 11652 11663 11666 12904 12911
NODE_NUM = 50
FILE voter_sub_266.aig

# Subcircuit 267
SUB_ID 267
LO (10):  11663 11666 11715 11718 11758 12833 12837 12848 12867 12911
LI (20):  1371 1942 2227 11654 11657 11659 11662 11706 11707 11709 11711 11728 11731 11733 11736 11740 11751 11754 12836 12909
NODE_NUM = 44
FILE voter_sub_267.aig

# Subcircuit 268
SUB_ID 268
LO (13):  11731 11751 11754 12851 12854 13932 14242 14252 14258 14261 14294 14524 14533
LI (22):  1920 2021 2025 2028 11730 11745 11747 11750 11753 12837 12838 12839 12848 13928 13934 13935 14236 14238 14241 14248 14253 14288
NODE_NUM = 46
FILE voter_sub_268.aig

# Subcircuit 269
SUB_ID 269
LO (13):  11778 11779 11799 12821 12822 13950 13956 13957 13962 13965 13969 14237 14247
LI (18):  2354 11775 11777 11781 11784 11786 11789 11791 11794 11798 12794 12800 12801 12814 13944 13946 13947 13954
NODE_NUM = 48
FILE voter_sub_269.aig

# Subcircuit 270
SUB_ID 270
LO (14):  11789 11838 12775 12779 12793 12796 13954 14248 14528 14532 14544 14547 14548 14628
LI (23):  2333 2560 11788 11808 11811 11813 11816 11820 11831 11834 12778 12780 12785 13950 13956 13957 14242 14247 14524 14527 14530 14533 14540
NODE_NUM = 50
FILE voter_sub_270.aig

# Subcircuit 271
SUB_ID 271
LO (10):  11811 11831 11834 11876 11886 12785 13332 13997 13999 14380
LI (23):  1001 2538 2639 2643 2646 10032 10033 10034 11810 11825 11827 11830 11833 11874 11883 11885 12781 13300 13302 13306 13309 13993 13995
NODE_NUM = 49
FILE voter_sub_271.aig

# Subcircuit 272
SUB_ID 272
LO (15):  11883 11885 11953 12048 12113 12132 12215 12268 12341 12422 13609 14078 14139 14426 14428
LI (40):  4472 7154 9023 9072 9734 10564 10666 10727 10728 10730 10732 10837 10838 10840 10842 10859 10860 10862 10864 10953 10958 11071 11072 11074 11076 11882 11884 12046 12167 12265 12267 12293 12338 12340 12419 13606 14074 14075 14077 14133
NODE_NUM = 48
FILE voter_sub_272.aig

# Subcircuit 273
SUB_ID 273
LO (12):  12465 12483 12511 12593 12749 13429 13487 14147 14366 14384 14387 14392
LI (29):  5208 10058 10068 10071 10140 10142 10166 10229 10294 12436 12462 12464 12590 12592 12617 12618 12619 12620 12622 12742 13426 13428 13484 14008 14142 14143 14146 14219 14362
NODE_NUM = 49
FILE voter_sub_273.aig

# Subcircuit 274
SUB_ID 274
LO (12):  12643 12662 12814 12909 12974 12993 13032 13071 13110 13129 13202 13255
LI (54):  1753 1802 2464 3997 4046 4262 4404 6313 6369 10393 10394 10396 10398 10415 10416 10418 10420 11194 11197 11199 11260 11261 11263 11265 11343 11362 11363 11365 11367 11384 11385 11387 11389 11447 11538 11539 11541 11543 11560 11561 11563 11565 11654 11659 11772 11773 11775 11777 12907 13029 13031 13068 13070 13254
NODE_NUM = 50
FILE voter_sub_274.aig

# Subcircuit 275
SUB_ID 275
LO (8):  13254 13286 13993 13995 14004 14232 14298 14356
LI (17):  11195 11197 13028 13154 13158 13277 13302 13337 13737 13738 13742 13857 13978 13987 14295 14297 14353
NODE_NUM = 47
FILE voter_sub_275.aig

# Subcircuit 276
SUB_ID 276
LO (14):  13300 13302 13337 13473 13484 14143 14146 14149 14151 14179 14194 14195 14199 14201
LI (25):  11888 11893 13296 13333 13336 13351 13355 13394 13398 13401 13402 13406 13410 13418 13447 13453 13456 13468 13472 13479 14177 14191 14192 14198 14200
NODE_NUM = 47
FILE voter_sub_276.aig

# Subcircuit 277
SUB_ID 277
LO (11):  13468 13472 14192 14200 14219 14419 14490 14573 14575 14577 14578
LI (19):  13450 13453 13456 13461 13465 14147 14185 14188 14189 14191 14194 14195 14199 14201 14205 14206 14415 14417 14487
NODE_NUM = 47
FILE voter_sub_277.aig

# Subcircuit 278
SUB_ID 278
LO (9):  13575 14133 14435 14439 14440 14451 14454 14455 14600
LI (15):  13555 13558 13559 13563 13567 13593 13596 14078 14080 14088 14089 14094 14126 14129 14447
NODE_NUM = 48
FILE voter_sub_278.aig

# Subcircuit 279
SUB_ID 279
LO (15):  13606 13676 13724 13857 14016 14075 14077 14295 14297 14353 14498 14501 14502 14512 14514
LI (26):  11991 11994 12015 12018 13158 13549 13603 13613 13617 13664 13671 13718 13721 13747 13749 13797 13854 14298 14320 14323 14325 14329 14345 14348 14511 14513
NODE_NUM = 48
FILE voter_sub_279.aig

# Subcircuit 280
SUB_ID 280
LO (14):  13797 14325 14329 14345 14348 14511 14513 14518 14521 14551 14618 14633 14634 14635
LI (18):  13752 13755 13756 13760 13764 13790 13793 14334 14335 14340 14498 14501 14502 14506 14507 14512 14514 14548
NODE_NUM = 47
FILE voter_sub_280.aig

# Subcircuit 281
SUB_ID 281
LO (9):  13790 13793 13854 14320 14323 14334 14335 14506 14507
LI (20):  13056 13080 13182 13774 13776 13782 13786 13804 13822 13825 13826 13828 13829 13836 13840 14307 14314 14315 14333 14504
NODE_NUM = 50
FILE voter_sub_281.aig

# Subcircuit 282
SUB_ID 282
LO (11):  13927 13975 14018 14021 14044 14068 14236 14460 14473 14593 14595
LI (37):  12852 12855 12876 12879 13617 13623 13625 13626 13629 13630 13671 13689 13692 13711 13714 13864 13868 13915 13922 13969 13972 14017 14038 14041 14043 14047 14048 14052 14054 14059 14064 14066 14461 14465 14466 14468 14594
NODE_NUM = 47
FILE voter_sub_282.aig

# Subcircuit 283
SUB_ID 283
LO (15):  14088 14094 14126 14129 14447 14589 14599 14613 14615 14616 14617 14667 14668 14673 14674
LI (29):  13517 13520 13539 13542 13559 13561 13562 13565 13566 13581 13583 13584 13587 13588 14106 14123 14124 14435 14439 14444 14446 14576 14580 14582 14585 14588 14595 14596 14600
NODE_NUM = 45
FILE voter_sub_283.aig

# Subcircuit 284
SUB_ID 284
LO (18):  14123 14124 14142 14154 14157 14177 14198 14205 14238 14241 14264 14278 14280 14288 14444 14446 14527 14596
LI (55):  13355 13366 13368 13387 13390 13402 13404 13405 13408 13409 13435 13437 13438 13441 13442 13459 13460 13463 13464 13505 13507 13508 13511 13512 13527 13529 13530 13533 13534 13868 13874 13876 13877 13880 13881 13922 13940 13943 13962 13965 14012 14115 14121 14122 14139 14153 14237 14258 14261 14263 14279 14284 14286 14440 14443
NODE_NUM = 50
FILE voter_sub_284.aig

# Subcircuit 285
SUB_ID 285
LO (15):  14284 14286 14540 14623 14627 14650 14653 14657 14663 14665 14666 14687 14691 14693 14699
LI (20):  14267 14268 14274 14280 14383 14528 14532 14533 14538 14563 14567 14572 14615 14616 14617 14619 14622 14628 14635 14655
NODE_NUM = 49
FILE voter_sub_285.aig

# Subcircuit 286
SUB_ID 286
LO (11):  14307 14314 14333 14340 14362 14563 14567 14572 14619 14655 14746
LI (30):  13756 13758 13759 13762 13763 13780 13781 13784 13785 13810 13812 13813 13816 13817 13834 13835 13838 13839 14232 14294 14356 14370 14374 14388 14491 14492 14551 14618 14650 14721
NODE_NUM = 50
FILE voter_sub_286.aig

# Subcircuit 287
SUB_ID 287
LO (14):  14370 14374 14383 14388 14415 14417 14580 14582 14698 14700 14715 14718 14721 14723
LI (30):  13332 13364 13995 13997 13999 14004 14158 14162 14163 14165 14366 14369 14380 14384 14387 14405 14407 14408 14413 14419 14577 14578 14613 14667 14668 14675 14676 14688 14691 14693
NODE_NUM = 49
FILE voter_sub_287.aig

# Subcircuit 288
SUB_ID 288
LO (19):  14463 14468 14487 14491 14492 14530 14538 14576 14585 14588 14622 14675 14676 14688 14701 14705 14707 14709 14712
LI (50):  14012 14027 14032 14033 14053 14059 14247 14252 14253 14268 14272 14273 14278 14279 14392 14426 14428 14451 14454 14455 14477 14480 14481 14484 14490 14518 14521 14544 14547 14573 14575 14589 14593 14594 14599 14600 14623 14627 14628 14633 14634 14653 14657 14666 14673 14674 14687 14698 14699 14700
NODE_NUM = 50
FILE voter_sub_288.aig

# Subcircuit 289
SUB_ID 289
LO (1):  14760
LI (22):  14663 14665 14698 14699 14701 14705 14707 14709 14712 14715 14718 14721 14723 14728 14730 14732 14744 14746 14748 14750 14752 14754
NODE_NUM = 42
FILE voter_sub_289.aig

