# Subcircuit 0
SUB_ID 0
LO (19):  274 318 696 719 747 1121 1136 1156 1418 1542 1562 1564 1717 2417 2490 2563 3409 3412 3415
LI (33):  78 129 130 135 267 273 275 288 289 317 319 373 481 695 708 712 718 746 800 906 1120 1129 1131 1135 1155 1193 1267 1417 1527 1535 1537 1541 1561
NODE_NUM = 50
FILE bar_sub_0.aig

# Subcircuit 1
SUB_ID 1
LO (18):  267 708 1131 1537 1795 1861 2087 2153 2379 2445 2693 2761 2826 3424 3436 3448 3471 3483
LI (34):  79 129 130 135 275 288 302 315 319 426 698 706 1789 1794 1804 1822 1860 2083 2084 2096 2114 2152 2375 2377 2388 2406 2444 2684 2686 2690 2752 2755 2756 2824
NODE_NUM = 50
FILE bar_sub_1.aig

# Subcircuit 2
SUB_ID 2
LO (18):  273 706 1128 1129 1534 1535 1868 1934 1941 2007 2160 2226 2233 2299 3427 3430 3439 3442
LI (34):  81 129 130 135 272 275 288 315 319 705 1124 1126 1530 1532 1862 1867 1877 1895 1933 1935 1940 1950 1968 2006 2156 2157 2169 2187 2225 2229 2230 2242 2260 2298
NODE_NUM = 50
FILE bar_sub_2.aig

# Subcircuit 3
SUB_ID 3
LO (25):  272 275 288 289 302 315 317 371 705 1126 1541 1716 1721 1725 1729 1760 2010 2011 2021 2054 2302 2304 2311 2346 2348
LI (13):  80 129 130 131 132 287 301 314 331 343 356 368 1539
NODE_NUM = 50
FILE bar_sub_3.aig

# Subcircuit 4
SUB_ID 4
LO (19):  287 744 746 1153 1155 1559 1561 1794 1867 1940 2131 2152 2204 2225 2277 2298 3435 3438 3441
LI (34):  74 129 130 135 275 280 286 302 315 426 733 737 743 1146 1148 1152 1552 1554 1558 1793 1866 1939 2124 2126 2130 2150 2197 2199 2203 2223 2270 2272 2276 2296
NODE_NUM = 50
FILE bar_sub_4.aig

# Subcircuit 5
SUB_ID 5
LO (19):  280 286 301 712 718 919 959 1120 1135 1148 1276 1304 1417 1539 1554 1558 1567 3411 3414
LI (27):  66 75 76 77 129 130 135 275 285 294 300 426 717 912 918 932 958 1012 1118 1134 1271 1275 1285 1303 1341 1415 1556
NODE_NUM = 50
FILE bar_sub_5.aig

# Subcircuit 6
SUB_ID 6
LO (18):  294 733 1271 1601 1715 1839 1860 1985 2006 2126 2276 2423 2444 2568 3417 3423 3429 3447
LI (32):  67 129 130 135 275 288 302 315 426 723 731 1566 1567 1572 1582 1600 1638 1712 1832 1834 1838 1858 1978 1979 1984 2004 2274 2416 2419 2420 2442 2567
NODE_NUM = 49
FILE bar_sub_6.aig

# Subcircuit 7
SUB_ID 7
LO (20):  300 731 1146 1552 1912 1933 1979 2199 2272 2496 2518 2567 2710 2846 2979 3111 3426 3450 3474 3498
LI (33):  69 129 130 135 275 288 299 302 315 372 426 479 730 1141 1143 1547 1549 1905 1907 1911 1931 2481 2489 2492 2493 2515 2701 2704 2705 2837 2838 2843 2978
NODE_NUM = 50
FILE bar_sub_7.aig

# Subcircuit 8
SUB_ID 8
LO (25):  299 314 319 372 373 426 427 479 723 730 737 743 1141 1143 1152 1547 1549 1556 1572 2592 2596 2865 2873 3136 3145
LI (19):  68 70 71 72 73 129 130 133 134 307 312 313 371 425 742 1140 1151 1546 1570
NODE_NUM = 50
FILE bar_sub_8.aig

# Subcircuit 9
SUB_ID 9
LO (21):  331 771 799 800 1172 1192 1193 1469 1489 1566 1803 1804 1876 1877 1949 1950 2095 2096 2167 2238 3418
LI (33):  94 129 130 135 288 302 315 324 330 372 760 764 770 798 1165 1167 1171 1191 1454 1462 1464 1468 1488 1564 1799 1800 1872 1873 1945 1946 2091 2093 2166
NODE_NUM = 49
FILE bar_sub_9.aig

# Subcircuit 10
SUB_ID 10
LO (16):  324 330 760 1163 1167 1458 1464 1799 2093 2388 2829 3101 3373 3497 3545 3593
LI (33):  95 97 129 130 135 275 288 302 315 319 329 372 426 479 750 757 758 1162 1797 2383 2385 2814 2818 2828 3092 3095 3097 3364 3367 3368 3495 3544 3592
NODE_NUM = 46
FILE bar_sub_10.aig

# Subcircuit 11
SUB_ID 11
LO (20):  329 343 757 798 1162 1191 1468 1488 1800 1873 1946 2083 2156 2229 2375 2452 2481 2525 2526 3451
LI (32):  90 96 129 130 135 275 288 302 315 319 336 342 785 789 795 1182 1184 1188 1466 1479 1481 1485 2082 2155 2228 2373 2446 2451 2461 2479 2519 2524
NODE_NUM = 50
FILE bar_sub_11.aig

# Subcircuit 12
SUB_ID 12
LO (21):  336 342 352 356 698 764 770 780 785 1124 1171 1178 1184 1466 1475 1481 1485 1530 1789 2082 2377
LI (22):  82 83 85 91 92 93 129 130 275 288 302 315 341 349 355 769 775 783 1123 1170 1483 1529
NODE_NUM = 50
FILE bar_sub_12.aig

# Subcircuit 13
SUB_ID 13
LO (20):  355 365 368 775 783 789 793 795 1182 1188 1476 1479 1483 1532 1862 1935 2155 2228 2451 2524
LI (25):  84 86 87 88 89 129 130 275 288 302 315 352 361 366 367 780 794 1176 1177 1178 1187 1473 1477 2449 2522
NODE_NUM = 50
FILE bar_sub_13.aig

# Subcircuit 14
SUB_ID 14
LO (22):  385 425 824 852 906 1209 1229 1267 1506 1526 1527 1739 1788 1812 1813 1883 1956 2029 2398 2471 2544 3421
LI (33):  126 129 130 135 275 288 315 378 384 398 424 426 813 817 823 851 905 1202 1204 1208 1228 1266 1499 1501 1505 1525 1732 1733 1738 1748 1787 1808 1809
NODE_NUM = 50
FILE bar_sub_14.aig

# Subcircuit 15
SUB_ID 15
LO (18):  378 813 1204 1501 1808 2114 2406 2752 2818 3033 3092 3305 3364 3484 3532 3544 3580 3592
LI (34):  127 129 130 135 275 288 302 315 319 372 426 479 803 811 1806 2100 2101 2113 2392 2394 2405 2747 2749 2816 3019 3021 3032 3085 3090 3291 3293 3304 3357 3362
NODE_NUM = 50
FILE bar_sub_15.aig

# Subcircuit 16
SUB_ID 16
LO (17):  384 811 1202 1499 1885 1895 1958 1968 2177 2187 2250 2260 2469 2479 2542 2591 3454
LI (35):  1 129 130 135 275 288 302 315 383 426 810 1197 1199 1494 1496 1879 1884 1894 1952 1957 1967 2173 2174 2186 2246 2247 2259 2465 2467 2478 2535 2538 2540 2551 2590
NODE_NUM = 48
FILE bar_sub_16.aig

# Subcircuit 17
SUB_ID 17
LO (22):  383 397 398 810 849 851 1199 1226 1228 1505 1523 1525 1738 1809 1884 1957 2031 2080 2399 2472 2545 3433
LI (29):  122 128 129 130 135 288 302 315 390 396 426 838 842 848 1219 1221 1225 1503 1516 1518 1522 1736 1883 1956 2024 2027 2029 2040 2079
NODE_NUM = 47
FILE bar_sub_17.aig

# Subcircuit 18
SUB_ID 18
LO (21):  390 396 410 424 817 823 864 904 905 1208 1221 1237 1265 1266 1421 1503 1518 1522 1741 2401 2474
LI (25):  114 123 124 125 129 130 275 302 395 403 409 423 479 822 857 863 877 903 1207 1232 1236 1246 1264 1420 1520
NODE_NUM = 48
FILE bar_sub_18.aig

# Subcircuit 19
SUB_ID 19
LO (20):  403 838 1232 1420 1822 2113 2405 2684 2749 2814 2965 3021 3085 3237 3304 3368 3473 3520 3567 3579
LI (32):  115 129 130 135 275 288 302 315 319 372 426 479 828 836 1813 1815 1819 2106 2111 2400 2401 2677 2682 2950 2954 2964 3228 3231 3233 3299 3301 3471
NODE_NUM = 50
FILE bar_sub_19.aig

# Subcircuit 20
SUB_ID 20
LO (23):  409 836 1219 1516 1893 1894 1966 1967 2185 2186 2258 2259 2477 2478 2550 2551 2701 2716 2763 2780 2831 2848 3475
LI (31):  117 129 130 135 275 288 302 315 372 408 479 835 1214 1216 1511 1513 1888 1892 1961 1965 2179 2184 2252 2257 2473 2474 2546 2547 2694 2699 2714
NODE_NUM = 49
FILE bar_sub_20.aig

# Subcircuit 21
SUB_ID 21
LO (20):  408 423 828 835 1214 1216 1454 1509 1736 1961 2033 2257 2326 2547 2659 2931 3203 3467 3515 3563
LI (33):  116 118 129 130 135 275 288 302 315 319 372 415 421 426 479 1213 1421 1422 1434 1452 2255 2644 2648 2658 2916 2920 2930 3194 3195 3200 3465 3513 3562
NODE_NUM = 50
FILE bar_sub_21.aig

# Subcircuit 22
SUB_ID 22
LO (22):  415 421 438 478 481 842 848 876 877 1213 1225 1245 1246 1433 1434 1511 1513 1520 1743 2381 2454 2527
LI (25):  110 119 120 121 129 130 275 288 420 427 431 437 451 477 479 847 869 875 1224 1240 1244 1428 1432 1509 1741
NODE_NUM = 49
FILE bar_sub_22.aig

# Subcircuit 23
SUB_ID 23
LO (22):  431 437 450 451 857 863 901 903 1236 1240 1262 1264 1422 1428 1432 1450 1452 1747 1748 2382 2455 2528
LI (26):  106 111 112 113 129 130 288 315 436 443 449 479 862 890 894 900 1235 1255 1257 1261 1430 1443 1445 1449 1743 1744
NODE_NUM = 50
FILE bar_sub_23.aig

# Subcircuit 24
SUB_ID 24
LO (23):  443 449 463 477 750 869 875 1164 1165 1244 1257 1430 1445 1449 1461 1462 1730 1732 1872 1945 2017 2457 2530
LI (26):  98 107 108 109 129 130 275 288 302 372 448 456 462 476 874 1159 1163 1243 1447 1456 1460 1723 1725 1729 1870 1943
NODE_NUM = 50
FILE bar_sub_24.aig

# Subcircuit 25
SUB_ID 25
LO (24):  456 462 890 1159 1255 1443 1456 1797 1870 1943 2091 2168 2169 2241 2242 2385 2460 2461 2533 2535 2762 2779 2830 2847
LI (28):  99 101 129 130 275 288 302 315 319 372 461 880 887 888 1250 1252 1438 1440 2089 2162 2167 2235 2240 2456 2457 2526 2529 2530
NODE_NUM = 50
FILE bar_sub_25.aig

# Subcircuit 26
SUB_ID 26
LO (20):  461 476 880 887 1250 1252 1438 1460 1744 2022 2024 2314 2372 2744 2812 3013 3079 3445 3481 3493
LI (32):  100 102 129 130 135 275 288 302 315 319 372 426 468 474 1249 1437 1458 2015 2017 2021 2307 2308 2313 2333 2371 2729 2733 2743 2797 2801 2811 3012
NODE_NUM = 48
FILE bar_sub_26.aig

# Subcircuit 27
SUB_ID 27
LO (22):  468 474 494 534 695 894 900 983 1011 1012 1249 1261 1320 1322 1437 1440 1447 1648 1778 2390 2463 3408
LI (26):  14 103 104 105 129 130 135 275 288 319 473 487 493 507 533 587 693 899 972 976 982 1010 1260 1313 1315 1319
NODE_NUM = 50
FILE bar_sub_27.aig

# Subcircuit 28
SUB_ID 28
LO (22):  487 972 1315 1674 1712 1856 1858 2002 2004 2148 2150 2294 2296 2440 2442 2538 2648 2680 2712 2746 2782 2816
LI (33):  15 129 130 275 288 302 315 319 426 962 970 1647 1648 1653 1673 1711 1849 1850 1855 1995 1998 1999 2141 2144 2145 2287 2290 2292 2433 2436 2438 2537 2646
NODE_NUM = 50
FILE bar_sub_28.aig

# Subcircuit 29
SUB_ID 29
LO (20):  493 970 1313 1647 1929 1931 1998 2221 2223 2292 2513 2515 2586 2590 2699 2778 2833 2850 3453 3487
LI (34):  17 129 130 135 275 288 302 315 319 426 492 969 1308 1310 1642 1644 1922 1923 1928 1996 2214 2217 2218 2506 2509 2511 2571 2579 2582 2584 2698 2764 2766 2777
NODE_NUM = 50
FILE bar_sub_29.aig

# Subcircuit 30
SUB_ID 30
LO (24):  492 506 507 969 1008 1010 1310 1337 1340 1341 1653 1671 1673 1783 1787 1855 1928 1999 2075 2076 2391 2464 2537 3420
LI (30):  10 16 129 130 135 288 302 315 319 499 505 997 1001 1007 1322 1330 1332 1336 1651 1664 1666 1670 1768 1776 1779 1780 1854 1927 2071 2073
NODE_NUM = 50
FILE bar_sub_30.aig

# Subcircuit 31
SUB_ID 31
LO (20):  499 505 533 803 976 982 1197 1319 1332 1494 1651 1666 1670 1733 2027 2323 2333 2801 3084 3541
LI (31):  2 11 12 13 129 130 135 275 288 302 315 372 426 479 504 512 518 532 981 1196 1318 1493 1668 2025 2319 2320 2332 2799 3068 3073 3083
NODE_NUM = 50
FILE bar_sub_31.aig

# Subcircuit 32
SUB_ID 32
LO (21):  512 518 525 986 997 1196 1323 1330 1493 1496 1657 1664 1806 1879 1952 2100 2173 2246 2394 2467 2540
LI (22):  3 4 5 6 129 130 275 288 302 315 517 524 987 994 995 1325 1327 1659 1661 2098 2171 2244
NODE_NUM = 47
FILE bar_sub_32.aig

# Subcircuit 33
SUB_ID 33
LO (23):  524 532 586 587 1001 1007 1089 1325 1336 1387 1659 1661 1668 1684 1770 1780 1846 2025 2065 2137 2319 2356 2434
LI (24):  7 8 9 30 129 130 275 288 302 315 372 525 529 539 545 559 585 1006 1081 1087 1323 1335 1657 2317
NODE_NUM = 50
FILE bar_sub_33.aig

# Subcircuit 34
SUB_ID 34
LO (21):  539 1116 1118 1413 1415 1710 1711 1848 1849 1921 1922 1994 1995 2140 2141 2213 2214 2283 2429 2507 2580
LI (32):  31 129 130 275 288 302 315 372 1065 1067 1075 1089 1115 1378 1386 1387 1392 1412 1683 1684 1689 1709 1842 1847 1917 1918 1990 1991 2136 2137 2209 2211
NODE_NUM = 50
FILE bar_sub_34.aig

# Subcircuit 35
SUB_ID 35
LO (21):  545 1075 1386 1683 1917 1990 2211 2286 2287 2505 2506 2578 2579 2795 2843 2863 3056 3105 3122 3489 3501
LI (33):  33 129 130 135 275 288 302 315 319 372 426 544 1074 1381 1383 1678 1680 1915 1988 2282 2283 2501 2503 2574 2576 2786 2789 2791 2842 2854 2857 2859 3055
NODE_NUM = 49
FILE bar_sub_35.aig

# Subcircuit 36
SUB_ID 36
LO (23):  544 558 559 1074 1113 1115 1383 1410 1412 1689 1707 1709 1775 1776 1847 1918 1991 2067 2079 2435 2508 2581 3432
LI (28):  26 32 129 130 135 288 302 315 372 551 557 1102 1106 1112 1403 1405 1409 1687 1700 1702 1706 1771 1772 1846 2060 2063 2065 2076
NODE_NUM = 47
FILE bar_sub_36.aig

# Subcircuit 37
SUB_ID 37
LO (20):  551 557 585 962 1081 1087 1308 1392 1405 1642 1687 1702 1706 1779 2071 2371 2799 3073 3344 3444
LI (31):  18 27 28 29 129 130 135 275 288 302 315 319 372 426 479 556 564 570 584 1086 1307 1391 1641 1704 1778 2069 2352 2360 2363 2364 3071
NODE_NUM = 50
FILE bar_sub_37.aig

# Subcircuit 38
SUB_ID 38
LO (21):  564 570 577 1091 1102 1307 1396 1403 1641 1644 1693 1700 1850 1923 1996 2144 2217 2290 2438 2511 2584
LI (22):  19 20 21 22 129 130 275 288 302 315 569 576 1092 1099 1100 1398 1400 1695 1697 2142 2215 2288
NODE_NUM = 47
FILE bar_sub_38.aig

# Subcircuit 39
SUB_ID 39
LO (20):  576 584 639 693 925 1106 1112 1278 1398 1409 1575 1695 1697 1704 1761 1772 2056 2069 2347 2363
LI (24):  23 24 25 62 129 130 275 288 302 315 426 577 581 592 598 612 638 692 924 1111 1396 1408 1693 2361
NODE_NUM = 46
FILE bar_sub_39.aig

# Subcircuit 40
SUB_ID 40
LO (19):  592 912 1285 1582 1911 1984 2203 2274 2489 2571 2838 2857 3118 3135 3390 3391 3546 3549 3595
LI (34):  63 129 130 135 275 288 302 315 319 372 426 479 1278 1283 1575 1580 1909 1982 2202 2483 2487 2556 2560 2570 2856 3109 3111 3115 3126 3128 3132 3375 3379 3389
NODE_NUM = 50
FILE bar_sub_40.aig

# Subcircuit 41
SUB_ID 41
LO (22):  598 611 612 918 956 958 1275 1301 1303 1570 1580 1598 1600 1766 1768 1838 1909 1982 2055 2410 2483 2556
LI (28):  58 64 65 129 130 288 302 315 426 597 604 610 917 945 949 955 1274 1294 1296 1300 1578 1591 1593 1597 1759 1762 1763 1837
NODE_NUM = 50
FILE bar_sub_41.aig

# Subcircuit 42
SUB_ID 42
LO (20):  604 610 618 924 932 1015 1283 1296 1343 1578 1593 1597 1603 1837 2130 2416 2828 3095 3357 3495
LI (27):  50 59 60 61 129 130 135 275 288 302 315 319 372 426 479 609 617 925 929 1282 1595 2129 2410 2414 2822 2826 3094
NODE_NUM = 46
FILE bar_sub_42.aig

# Subcircuit 43
SUB_ID 43
LO (21):  617 945 1377 1378 1637 1638 1831 1832 1904 1905 1977 1978 2123 2124 2196 2197 2269 2270 2414 2487 2558
LI (32):  51 129 130 275 288 302 315 479 935 943 1343 1348 1358 1376 1603 1608 1618 1636 1826 1830 1898 1903 1972 1976 2117 2122 2192 2193 2263 2268 2412 2486
NODE_NUM = 50
FILE bar_sub_43.aig

# Subcircuit 44
SUB_ID 44
LO (20):  638 943 1294 1591 1758 1759 1898 1976 2050 2060 2192 2268 2342 2352 2486 2560 2676 2738 2804 3468
LI (34):  53 129 130 135 275 288 302 315 372 479 618 622 637 942 1289 1291 1586 1588 1753 1757 1974 2044 2049 2059 2190 2266 2338 2339 2351 2558 2667 2668 2673 2737
NODE_NUM = 50
FILE bar_sub_44.aig

# Subcircuit 45
SUB_ID 45
LO (20):  622 637 645 935 942 949 955 1032 1289 1291 1300 1355 1586 1588 1595 1608 1612 1763 2044 2338
LI (22):  46 52 54 55 56 57 129 130 275 288 302 315 629 634 635 644 954 1288 1299 1585 1606 2336
NODE_NUM = 50
FILE bar_sub_45.aig

# Subcircuit 46
SUB_ID 46
LO (19):  644 1065 1358 1618 1826 1903 1972 2122 2193 2266 2412 2501 2574 2625 2897 3169 3461 3507 3556
LI (34):  47 129 130 135 275 288 302 315 319 372 426 479 1015 1023 1037 1063 1353 1355 1613 1614 1901 2120 2500 2573 2616 2619 2621 2888 2891 2893 3155 3157 3168 3460
NODE_NUM = 50
FILE bar_sub_46.aig

# Subcircuit 47
SUB_ID 47
LO (14):  692 1023 1348 1606 1614 1753 2049 2339 2608 2880 3152 3458 3506 3554
LI (32):  48 49 129 130 135 275 288 302 315 319 372 426 479 645 649 664 690 1022 1347 2047 2599 2602 2603 2871 2874 2875 3138 3140 3151 3457 3505 3552
NODE_NUM = 45
FILE bar_sub_47.aig

# Subcircuit 48
SUB_ID 48
LO (21):  664 1063 1376 1636 1757 1830 1901 1974 2047 2136 2209 2282 2359 2360 2432 2433 2500 2573 2811 2824 3492
LI (32):  42 129 130 135 275 288 302 315 319 372 656 662 1050 1054 1060 1367 1369 1373 1627 1629 1633 1755 1829 2135 2208 2281 2354 2358 2426 2431 2806 2808
NODE_NUM = 50
FILE bar_sub_48.aig

# Subcircuit 49
SUB_ID 49
LO (21):  656 662 668 690 1037 1041 1042 1067 1353 1369 1381 1613 1629 1633 1678 1771 1829 2063 2120 2358 2426
LI (26):  34 35 43 44 45 129 130 275 288 302 315 661 669 675 689 1029 1032 1035 1351 1380 1612 1631 1677 1770 2061 2356
NODE_NUM = 50
FILE bar_sub_49.aig

# Subcircuit 50
SUB_ID 50
LO (23):  669 675 689 1050 1054 1367 1373 1380 1627 1631 1680 1755 1842 1915 1988 2061 2135 2208 2281 2354 2431 2503 2576
LI (21):  36 37 41 129 130 275 288 302 315 668 674 681 687 1043 1047 1362 1364 1371 1622 1624 2429
NODE_NUM = 47
FILE bar_sub_50.aig

# Subcircuit 51
SUB_ID 51
LO (22):  681 687 794 987 1043 1060 1092 1187 1362 1371 1477 1622 1624 1677 1723 1762 1793 2668 2948 3220 3518 3566
LI (37):  38 39 40 129 130 135 315 319 365 372 426 479 686 719 793 986 1041 1042 1059 1091 1361 1475 1476 1621 1716 1717 1721 1760 1761 2939 2941 2945 3211 3213 3217 3517 3565
NODE_NUM = 49
FILE bar_sub_51.aig

# Subcircuit 52
SUB_ID 52
LO (31):  1815 1819 1834 1854 1866 1888 1892 1907 1927 1939 1965 2014 2015 2111 2129 2145 2157 2184 2202 2218 2230 2255 2306 2307 2420 2493 2743 2808 3012 3081 3480
LI (29):  135 274 288 302 315 319 426 479 864 876 901 919 983 1136 1237 1245 1262 1276 1320 1433 1450 1542 2010 2011 2302 2304 2738 2739 3079
NODE_NUM = 49
FILE bar_sub_52.aig

# Subcircuit 53
SUB_ID 53
LO (15):  2040 2059 2073 2332 2364 2733 2737 2797 3016 3068 3288 3356 3530 3578 3590
LI (34):  135 288 302 315 319 372 410 426 438 450 479 494 2033 2038 2054 2055 2056 2327 2731 3002 3003 3008 3013 3015 3279 3281 3282 3284 3347 3350 3352 3528 3577 3589
NODE_NUM = 50
FILE bar_sub_53.aig

# Subcircuit 54
SUB_ID 54
LO (38):  2084 2089 2098 2101 2106 2117 2142 2162 2166 2171 2174 2179 2190 2215 2235 2240 2244 2247 2252 2263 2288 2308 2313 2317 2320 2327 2336 2351 2361 2373 2383 2392 2400 2419 2806 3083 3350 3542
LI (57):  135 275 288 302 315 319 372 385 397 426 450 463 479 506 558 611 719 744 771 824 849 901 956 1008 1113 1164 1209 1226 1262 1301 1337 1410 1450 1461 1506 1523 1598 1671 1707 2238 2311 2326 2346 2347 2348 2381 2382 2390 2391 2398 2399 2417 2804 3076 3081 3349 3541
NODE_NUM = 50
FILE bar_sub_54.aig

# Subcircuit 55
SUB_ID 55
LO (25):  2436 2446 2449 2456 2465 2473 2492 2509 2519 2522 2529 2546 2570 2582 2599 2856 2871 3128 3138 3151 3407 3457 3505 3552 3599
LI (48):  135 275 288 302 319 372 426 478 479 534 1128 1153 1172 1469 1534 1559 2434 2435 2454 2455 2463 2464 2471 2472 2490 2507 2508 2527 2528 2544 2545 2563 2568 2580 2581 2592 2596 2597 2865 2867 2869 3136 3146 3147 3398 3400 3404 3598
NODE_NUM = 48
FILE bar_sub_55.aig

# Subcircuit 56
SUB_ID 56
LO (18):  2602 2603 2616 2619 2867 2874 2875 2888 2891 2893 3140 3146 3147 3155 3168 3460 3509 3557
LI (22):  135 318 319 372 426 479 586 639 747 799 852 904 959 1011 2614 2873 2884 2886 3145 3163 3507 3556
NODE_NUM = 50
FILE bar_sub_56.aig

# Subcircuit 57
SUB_ID 57
LO (11):  2621 2640 2642 2884 2914 3157 3178 3186 3464 3512 3560
LI (25):  135 319 372 426 479 1116 1192 1229 1265 1304 1340 2631 2635 2639 2641 2901 2903 2907 2908 2909 2913 3175 3180 3462 3510
NODE_NUM = 50
FILE bar_sub_57.aig

# Subcircuit 58
SUB_ID 58
LO (22):  2635 2639 2644 2646 2658 2660 2901 2907 2909 2916 2920 2930 2941 3175 3180 3194 3195 3200 3213 3465 3513 3562
LI (21):  135 319 372 426 479 1156 1377 1413 1489 1526 1562 1601 1637 1710 1730 2656 2919 2928 3178 3189 3191
NODE_NUM = 50
FILE bar_sub_58.aig

# Subcircuit 59
SUB_ID 59
LO (16):  2667 2673 2677 2682 2939 2945 2950 2964 3211 3217 3223 3231 3470 3517 3521 3565
LI (24):  135 319 372 426 479 1739 1747 1766 1775 1783 1803 1812 2660 2665 2680 2944 2957 2962 3204 3206 3221 3229 3468 3520
NODE_NUM = 48
FILE bar_sub_59.aig

# Subcircuit 60
SUB_ID 60
LO (16):  2686 2690 2694 2698 2704 2954 2962 2978 2982 3221 3228 3233 3254 3524 3569 3572
LI (25):  135 319 372 426 479 1831 1839 1848 1868 1876 1885 1904 2953 2966 2971 2979 2981 3223 3225 3243 3245 3251 3522 3567 3571
NODE_NUM = 50
FILE bar_sub_60.aig

# Subcircuit 61
SUB_ID 61
LO (9):  2705 2714 2727 2999 3243 3271 3479 3527 3575
LI (24):  135 319 372 479 1921 1949 1958 1977 1985 1994 2712 2716 2723 2724 2726 2985 2987 2996 3242 3257 3264 3265 3266 3477
NODE_NUM = 47
FILE bar_sub_61.aig

# Subcircuit 62
SUB_ID 62
LO (25):  2723 2729 2731 2739 2747 2755 2756 2764 2766 2996 3002 3003 3019 3032 3041 3264 3279 3291 3293 3299 3301 3307 3533 3535 3577
LI (28):  135 319 372 426 479 1941 2031 2067 2075 2095 2123 2131 2140 2177 2746 2762 2763 2994 3017 3027 3029 3034 3039 3272 3274 3290 3298 3532
NODE_NUM = 50
FILE bar_sub_62.aig

# Subcircuit 63
SUB_ID 63
LO (12):  2777 2786 3039 3050 3058 3322 3324 3488 3491 3536 3538 3584
LI (28):  135 319 372 426 479 2160 2196 2204 2213 2250 2775 2779 2780 2782 2784 3038 3041 3045 3047 3051 3056 3307 3308 3310 3319 3487 3489 3535
NODE_NUM = 50
FILE bar_sub_63.aig

# Subcircuit 64
SUB_ID 64
LO (17):  2789 2791 2822 2837 2842 2849 3067 3094 3109 3115 3339 3389 3500 3539 3548 3587 3596
LI (33):  135 372 426 479 2233 2269 2277 2423 2452 2469 2830 2831 2833 2835 2847 2848 3058 3059 3062 3064 3102 3107 3113 3324 3328 3331 3336 3382 3387 3498 3538 3546 3595
NODE_NUM = 50
FILE bar_sub_64.aig

# Subcircuit 65
SUB_ID 65
LO (33):  2854 2859 2919 2944 2953 2957 2966 2971 2985 2987 2994 3008 3017 3029 3034 3038 3045 3051 3055 3059 3062 3071 3132 3204 3251 3266 3272 3319 3336 3343 3398 3503 3598
LI (35):  135 319 426 479 1674 1758 1795 1856 1893 1921 1929 1949 1966 1994 2002 2050 2087 2148 2168 2185 2221 2241 2258 2269 2294 2359 2525 2542 2849 2850 3130 3250 3391 3396 3501
NODE_NUM = 50
FILE bar_sub_65.aig

# Subcircuit 66
SUB_ID 66
LO (26):  3076 3090 3097 3102 3107 3113 3126 3130 3191 3225 3229 3242 3250 3257 3281 3284 3290 3347 3362 3367 3379 3387 3396 3404 3551 3589
LI (35):  135 319 372 426 479 1674 1795 1856 1912 1929 1977 2002 2014 2022 2148 2342 2379 2432 2440 2460 2477 2513 2533 2542 2550 2586 3105 3122 3124 3341 3345 3365 3377 3394 3549
NODE_NUM = 50
FILE bar_sub_66.aig

# Subcircuit 67
SUB_ID 67
LO (36):  3298 3310 3328 3331 3341 3345 3349 3352 3365 3375 3377 3382 3394 3400 3410 3413 3416 3419 3422 3425 3428 3431 3434 3437 3440 3443 3446 3449 3452 3455 3462 3476 3482 3485 3494 3581
LI (63):  135 319 372 479 2087 2221 2277 2286 2294 2306 2314 2323 2423 2469 2496 2505 2525 2578 2640 3343 3344 3408 3409 3411 3412 3414 3415 3417 3418 3420 3421 3423 3424 3426 3427 3429 3430 3432 3433 3435 3436 3438 3439 3441 3442 3444 3445 3447 3448 3450 3451 3453 3454 3474 3475 3480 3481 3483 3484 3492 3493 3579 3580
NODE_NUM = 38
FILE bar_sub_67.aig

