# Subcircuit 0
SUB_ID 0
LO (22):  200 202 203 511 564 565 566 567 568 569 570 573 574 579 810 813 815 819 820 825 962 966
LI (29):  2 3 104 106 107 108 109 110 111 112 113 114 115 116 117 118 119 120 121 122 123 124 125 126 128 141 144 506 508
NODE_NUM = 96
FILE priority_sub_0.aig

# Subcircuit 1
SUB_ID 1
LO (5):  141 144 576 666 669
LI (36):  121 125 126 127 128 542 543 544 545 546 547 548 549 550 551 552 553 554 555 556 557 558 559 560 561 562 563 564 565 566 567 568 569 570 574 579
NODE_NUM = 98
FILE priority_sub_1.aig

# Subcircuit 2
SUB_ID 2
LO (21):  260 262 263 554 555 556 557 558 559 560 561 562 800 803 805 807 809 953 959 1049 1055
LI (24):  84 86 87 88 89 90 91 92 93 94 95 96 97 98 99 100 101 102 103 104 105 200 203 205
NODE_NUM = 91
FILE priority_sub_2.aig

# Subcircuit 3
SUB_ID 3
LO (22):  205 320 322 323 544 545 546 547 548 549 550 551 552 790 793 795 797 799 940 945 1045 1094
LI (26):  64 66 67 68 69 70 71 72 73 74 75 76 77 78 79 80 81 82 83 84 85 105 202 260 263 265
NODE_NUM = 99
FILE priority_sub_3.aig

# Subcircuit 4
SUB_ID 4
LO (22):  265 380 382 383 534 535 536 537 538 539 540 541 542 780 783 785 787 789 933 937 1032 1080
LI (26):  44 46 47 48 49 50 51 52 53 54 55 56 57 58 59 60 61 62 63 64 65 85 262 320 323 325
NODE_NUM = 97
FILE priority_sub_4.aig

# Subcircuit 5
SUB_ID 5
LO (22):  325 446 448 449 523 524 525 526 527 528 529 530 531 532 771 773 775 777 779 921 925 1009
LI (28):  22 24 25 26 27 28 29 30 31 32 33 34 35 36 37 38 39 40 41 42 43 44 45 65 322 380 383 385
NODE_NUM = 95
FILE priority_sub_5.aig

# Subcircuit 6
SUB_ID 6
LO (19):  385 506 508 513 514 515 516 517 518 519 520 521 730 734 761 763 765 767 913
LI (26):  4 5 6 7 8 9 10 11 12 13 14 15 16 17 18 19 20 21 22 23 45 382 446 449 451 729
NODE_NUM = 82
FILE priority_sub_6.aig

# Subcircuit 7
SUB_ID 7
LO (9):  451 543 553 563 672 729 759 909 1008
LI (58):  3 4 17 18 19 20 21 22 23 24 45 46 65 66 85 86 105 106 448 513 514 515 516 517 518 519 520 521 523 524 525 526 527 528 529 530 531 532 541 669 671 690 693 723 726 730 734 753 756 761 763 765 767 891 894 913 999 1002
NODE_NUM = 100
FILE priority_sub_7.aig

# Subcircuit 8
SUB_ID 8
LO (9):  671 690 693 801 891 894 999 1002 1077
LI (55):  33 34 35 36 37 38 39 40 41 42 43 44 45 65 85 534 535 536 537 538 539 540 541 666 669 672 771 773 775 777 779 780 783 785 787 789 790 793 795 797 799 800 843 846 858 861 873 876 921 925 990 993 1016 1068 1071
NODE_NUM = 100
FILE priority_sub_8.aig

# Subcircuit 9
SUB_ID 9
LO (10):  843 846 963 990 993 1068 1071 1105 1106 1114
LI (45):  1 3 4 65 81 82 83 84 104 105 573 576 801 803 805 807 809 810 813 815 819 820 825 828 831 913 933 937 940 945 949 953 959 962 966 967 972 1032 1046 1059 1060 1065 1102 1103 1113
NODE_NUM = 75
FILE priority_sub_9.aig

# Subcircuit 10
SUB_ID 10
LO (8):  1016 1046 1059 1060 1065 1102 1103 1113
LI (47):  2 17 18 19 20 21 22 23 33 34 35 36 37 38 39 40 41 42 43 44 45 65 66 67 68 69 70 71 80 81 82 83 84 85 97 98 99 761 963 1009 1045 1049 1055 1059 1080 1093 1094
NODE_NUM = 45
FILE priority_sub_10.aig

